    nm         	pN
0.000000e+000	4.304902e+002
8.637081e-002	4.287206e+002
4.866814e-002	4.208010e+002
1.704891e-001	4.207886e+002
2.036788e-001	4.163830e+002
1.482463e-001	4.075845e+002
1.459949e-001	4.014222e+002
1.614638e-001	3.961382e+002
2.655638e-001	3.952474e+002
2.455826e-001	3.882062e+002
1.369780e-001	3.767721e+002
1.169967e-001	3.697309e+002
2.210884e-001	3.688397e+002
2.365573e-001	3.635557e+002
2.520351e-001	3.582721e+002
1.611520e-001	3.477165e+002
1.766214e-001	3.424325e+002
2.629917e-001	3.406629e+002
3.670828e-001	3.397716e+002
4.002820e-001	3.353665e+002
3.448495e-001	3.265680e+002
2.894170e-001	3.177696e+002
3.403461e-001	3.142432e+002
4.089865e-001	3.115948e+002
4.067346e-001	3.054324e+002
4.399248e-001	3.010268e+002
4.908439e-001	2.974999e+002
5.772147e-001	2.957304e+002
4.863410e-001	2.851752e+002
3.954578e-001	2.746195e+002
3.223045e-001	2.649427e+002
3.023226e-001	2.579015e+002
3.177921e-001	2.526175e+002
3.155401e-001	2.464551e+002
4.728117e-001	2.481999e+002
4.528299e-001	2.411587e+002
3.442261e-001	2.297247e+002
3.774162e-001	2.253190e+002
3.928848e-001	2.200350e+002
2.842810e-001	2.086010e+002
2.111276e-001	1.989242e+002
2.265971e-001	1.936402e+002
2.066147e-001	1.865989e+002
1.334613e-001	1.769221e+002
9.575027e-002	1.690021e+002
2.530219e-001	1.707469e+002
2.862212e-001	1.663417e+002
2.662394e-001	1.593005e+002
2.994381e-001	1.548953e+002
3.326283e-001	1.504897e+002
3.481062e-001	1.452061e+002
3.458452e-001	1.390433e+002
3.790445e-001	1.346381e+002
3.945134e-001	1.293541e+002
4.099823e-001	1.240700e+002
3.722796e-001	1.161504e+002
3.700192e-001	1.099876e+002
3.854881e-001	1.047036e+002
4.541380e-001	1.020556e+002
3.809847e-001	9.237879e+001
2.546508e-001	8.006595e+001
3.410210e-001	7.829634e+001
4.096704e-001	7.564836e+001
3.365087e-001	6.597111e+001
3.874282e-001	6.244431e+001
4.915283e-001	6.155353e+001
6.665214e-001	6.417673e+001
7.174409e-001	6.064992e+001
7.506402e-001	5.624473e+001
7.306584e-001	4.920351e+001
6.575051e-001	3.952669e+001
6.552536e-001	3.336430e+001
6.884434e-001	2.895866e+001
7.748136e-001	2.718906e+001
1.002987e+000	3.244829e+001
1.124809e+000	3.243590e+001
1.140278e+000	2.715189e+001
1.244378e+000	2.626111e+001
1.383920e+000	2.712709e+001
1.239865e+000	1.393588e+001
1.290785e+000	1.040906e+001
1.341704e+000	6.882258e+000
1.250822e+000	-3.673366e+000
1.266300e+000	-8.956934e+000
1.299490e+000	-1.336256e+001
1.474491e+000	-1.073893e+001
1.631764e+000	-8.994119e+000
1.700404e+000	-1.164254e+001
1.804505e+000	-1.253331e+001
2.014948e+000	-8.152908e+000
2.154499e+000	-7.286481e+000
2.400394e+000	-1.148859e+000
2.628566e+000	4.110354e+000
2.785838e+000	5.855163e+000
2.783578e+000	-3.076610e-001
2.852228e+000	-2.955638e+000
2.832246e+000	-9.996858e+000
2.865445e+000	-1.440206e+001
3.058167e+000	-1.090003e+001
3.233161e+000	-8.276835e+000
3.284080e+000	-1.180364e+001
3.335000e+000	-1.533045e+001
3.173224e+000	-2.940005e+001
3.064611e+000	-4.083452e+001
3.328235e+000	-3.381808e+001
3.379155e+000	-3.734488e+001
3.181929e+000	-5.317170e+001
3.073316e+000	-6.460617e+001
3.071064e+000	-7.076856e+001
3.104264e+000	-7.517375e+001
3.350157e+000	-6.903614e+001
3.666953e+000	-5.938411e+001
3.611530e+000	-6.818210e+001
3.662449e+000	-7.170892e+001
3.819721e+000	-6.996409e+001
3.888361e+000	-7.261253e+001
3.886111e+000	-7.877492e+001
3.901579e+000	-8.405893e+001
4.147473e+000	-7.792132e+001
4.375647e+000	-7.266208e+001
4.267043e+000	-8.409611e+001
4.335684e+000	-8.674454e+001
4.315711e+000	-9.378531e+001
4.348901e+000	-9.819094e+001
4.417550e+000	-1.008389e+002
4.574823e+000	-9.909411e+001
4.820717e+000	-9.295650e+001
5.013439e+000	-8.945447e+001
5.064360e+000	-9.298129e+001
5.008927e+000	-1.017797e+002
5.201649e+000	-9.827770e+001
5.252569e+000	-1.018045e+002
5.143965e+000	-1.132385e+002
5.336688e+000	-1.097365e+002
5.564861e+000	-1.044773e+002
5.544880e+000	-1.115185e+002
5.542628e+000	-1.176809e+002
5.487196e+000	-1.264793e+002
5.467213e+000	-1.335205e+002
5.500412e+000	-1.379257e+002
5.799478e+000	-1.291525e+002
6.045382e+000	-1.230145e+002
6.025399e+000	-1.300557e+002
6.164942e+000	-1.291897e+002
6.304493e+000	-1.283233e+002
6.195889e+000	-1.397573e+002
6.122727e+000	-1.494345e+002
6.085024e+000	-1.573541e+002
6.330918e+000	-1.512165e+002
6.807248e+000	-1.336568e+002
6.734094e+000	-1.433337e+002
6.678661e+000	-1.521321e+002
6.835933e+000	-1.503873e+002
6.833681e+000	-1.565497e+002
7.026395e+000	-1.530481e+002
7.307749e+000	-1.451528e+002
7.465021e+000	-1.434080e+002
7.498212e+000	-1.478137e+002
7.407337e+000	-1.583688e+002
7.795035e+000	-1.452024e+002
8.023207e+000	-1.399432e+002
7.630997e+000	-1.654348e+002
7.309689e+000	-1.874121e+002
7.484682e+000	-1.847889e+002
7.730586e+000	-1.786509e+002
7.923298e+000	-1.751493e+002
8.311005e+000	-1.619824e+002
8.432827e+000	-1.619948e+002
8.430566e+000	-1.681576e+002
8.587838e+000	-1.664128e+002
8.656487e+000	-1.690608e+002
8.654227e+000	-1.752236e+002
8.527901e+000	-1.875360e+002
8.543370e+000	-1.928201e+002
8.789265e+000	-1.866824e+002
8.893365e+000	-1.875732e+002
9.032908e+000	-1.867072e+002
9.154729e+000	-1.867196e+002
9.223379e+000	-1.893676e+002
9.362920e+000	-1.885016e+002
9.502472e+000	-1.876352e+002
9.606564e+000	-1.885264e+002
9.533410e+000	-1.982032e+002
9.247552e+000	-2.184233e+002
9.475726e+000	-2.131640e+002
9.863422e+000	-1.999976e+002
1.025112e+001	-1.868311e+002
1.005389e+001	-2.026580e+002
9.697135e+000	-2.263924e+002
9.712604e+000	-2.316765e+002
9.834424e+000	-2.316888e+002
9.867615e+000	-2.360945e+002
9.705839e+000	-2.501641e+002
9.863111e+000	-2.484193e+002
1.014446e+001	-2.405245e+002
1.005357e+001	-2.510801e+002
1.051217e+001	-2.343992e+002
1.091760e+001	-2.203540e+002
1.119894e+001	-2.124591e+002
1.153347e+001	-2.019283e+002
1.183254e+001	-1.931547e+002
1.186574e+001	-1.975598e+002
1.193438e+001	-2.002083e+002
1.207393e+001	-1.993418e+002
1.260343e+001	-1.791466e+002
1.336336e+001	-1.475297e+002
1.314840e+001	-1.642353e+002
1.288027e+001	-1.835770e+002
1.282483e+001	-1.923754e+002
1.273396e+001	-2.029306e+002
1.280260e+001	-2.055790e+002
1.297760e+001	-2.029554e+002
1.313487e+001	-2.012106e+002
1.323897e+001	-2.021018e+002
1.352031e+001	-1.942070e+002
1.350034e+001	-2.012478e+002
1.360443e+001	-2.021390e+002
1.431118e+001	-1.731577e+002
1.494704e+001	-1.476908e+002
1.542336e+001	-1.301315e+002
1.572243e+001	-1.213579e+002
1.596833e+001	-1.152198e+002
1.640920e+001	-9.941780e+001
1.686780e+001	-8.273694e+001
1.706052e+001	-7.923492e+001
1.746595e+001	-6.518965e+001
1.790683e+001	-4.938717e+001
1.776277e+001	-6.257884e+001
1.747691e+001	-8.279891e+001
1.758101e+001	-8.368967e+001
1.798643e+001	-6.964441e+001
1.793100e+001	-7.844284e+001
1.755651e+001	-1.030561e+002
1.744791e+001	-1.144902e+002
1.769380e+001	-1.083525e+002
1.770928e+001	-1.136361e+002
1.809698e+001	-1.004697e+002
1.850240e+001	-8.642485e+001
1.878375e+001	-7.852959e+001
1.881694e+001	-8.293522e+001
1.886786e+001	-8.646203e+001
1.907831e+001	-8.208118e+001
1.928876e+001	-7.770078e+001
1.905608e+001	-9.528479e+001
1.882339e+001	-1.128693e+002
1.892749e+001	-1.137600e+002
1.913794e+001	-1.093796e+002
1.956109e+001	-9.445598e+001
1.994878e+001	-8.128955e+001
2.010606e+001	-7.954473e+001
1.989110e+001	-9.625038e+001
1.983567e+001	-1.050488e+002
1.992204e+001	-1.068184e+002
2.002614e+001	-1.077092e+002
2.041383e+001	-9.454274e+001
2.074836e+001	-8.401189e+001
2.083473e+001	-8.578148e+001
2.099200e+001	-8.403667e+001
2.114927e+001	-8.229185e+001
2.114701e+001	-8.845470e+001
2.116249e+001	-9.373827e+001
2.130203e+001	-9.287227e+001
2.142385e+001	-9.288467e+001
2.177610e+001	-8.147544e+001
2.218153e+001	-6.743017e+001
2.253377e+001	-5.602093e+001
2.288602e+001	-4.461170e+001
2.297239e+001	-4.638129e+001
2.261564e+001	-7.011533e+001
2.213480e+001	-1.000003e+002
2.199075e+001	-1.131915e+002
2.220119e+001	-1.088111e+002
2.228756e+001	-1.105807e+002
2.230304e+001	-1.158642e+002
2.256665e+001	-1.088482e+002
2.306070e+001	-9.041018e+001
2.320025e+001	-8.954375e+001
2.302075e+001	-1.044922e+002
2.326664e+001	-9.835457e+001
2.383159e+001	-7.640209e+001
2.416612e+001	-6.587124e+001
2.414614e+001	-7.291246e+001
2.389573e+001	-9.137530e+001
2.408845e+001	-8.787329e+001
2.412165e+001	-9.227847e+001
2.413712e+001	-9.756249e+001
2.431211e+001	-9.493929e+001
2.455801e+001	-8.880168e+001
2.443168e+001	-1.011141e+002
2.432307e+001	-1.125485e+002
2.471078e+001	-9.938166e+001
2.490350e+001	-9.587964e+001
2.479488e+001	-1.073141e+002
2.511169e+001	-9.766164e+001
2.537531e+001	-9.064563e+001
2.510718e+001	-1.099869e+002
2.476814e+001	-1.328430e+002
2.499631e+001	-1.275837e+002
2.529539e+001	-1.188101e+002
2.573626e+001	-1.030076e+002
2.607079e+001	-9.247676e+001
2.612171e+001	-9.600356e+001
2.576495e+001	-1.197380e+002
2.535501e+001	-1.461085e+002
2.490963e+001	-1.742358e+002
2.526188e+001	-1.628266e+002
2.591546e+001	-1.364809e+002
2.628543e+001	-1.241932e+002
2.672630e+001	-1.083908e+002
2.691903e+001	-1.048887e+002
2.656227e+001	-1.286232e+002
2.632958e+001	-1.462077e+002
2.664639e+001	-1.365552e+002
2.719361e+001	-1.154815e+002
2.763448e+001	-9.967908e+001
2.754360e+001	-1.102347e+002
2.727547e+001	-1.295764e+002
2.709596e+001	-1.445248e+002
2.734186e+001	-1.383868e+002
2.764093e+001	-1.296136e+002
2.776275e+001	-1.296260e+002
2.776050e+001	-1.357884e+002
2.779370e+001	-1.401936e+002
2.786234e+001	-1.428420e+002
2.803734e+001	-1.402183e+002
2.821233e+001	-1.375951e+002
2.824553e+001	-1.420003e+002
2.827872e+001	-1.464060e+002
2.832964e+001	-1.499328e+002
2.815014e+001	-1.648812e+002
2.837831e+001	-1.596220e+002
2.860648e+001	-1.543627e+002
2.862195e+001	-1.596468e+002
2.865515e+001	-1.640520e+002
2.877697e+001	-1.640643e+002
2.886334e+001	-1.658339e+002
2.887881e+001	-1.711180e+002
2.908926e+001	-1.667375e+002
2.908700e+001	-1.728999e+002
2.890750e+001	-1.878484e+002
2.915339e+001	-1.817108e+002
2.908024e+001	-1.913876e+002
2.897163e+001	-2.028216e+002
2.925298e+001	-1.949268e+002
2.941025e+001	-1.931820e+002
2.969160e+001	-1.852871e+002
2.972480e+001	-1.896923e+002
2.958074e+001	-2.028836e+002
2.941896e+001	-2.169536e+002
2.959395e+001	-2.143304e+002
3.003483e+001	-1.985279e+002
3.012120e+001	-2.002975e+002
3.015440e+001	-2.047027e+002
3.031167e+001	-2.029579e+002
3.018533e+001	-2.152708e+002
3.018308e+001	-2.214331e+002
3.041125e+001	-2.161744e+002
3.049762e+001	-2.179440e+002
3.067262e+001	-2.153203e+002
3.102486e+001	-2.039111e+002
3.139484e+001	-1.916230e+002
3.126851e+001	-2.039359e+002
3.108900e+001	-2.188843e+002
3.145898e+001	-2.065963e+002
3.189985e+001	-1.907942e+002
3.228755e+001	-1.776278e+002
3.288795e+001	-1.539181e+002
3.373651e+001	-1.179079e+002
3.415965e+001	-1.029843e+002
3.419285e+001	-1.073895e+002
3.429694e+001	-1.082807e+002
3.457830e+001	-1.003854e+002
3.450513e+001	-1.100627e+002
3.443198e+001	-1.197395e+002
3.466015e+001	-1.144803e+002
3.504785e+001	-1.013138e+002
3.538237e+001	-9.078299e+001
3.561055e+001	-8.552377e+001
3.539559e+001	-1.022294e+002
3.534016e+001	-1.110278e+002
3.555061e+001	-1.066474e+002
3.558381e+001	-1.110526e+002
3.545747e+001	-1.233655e+002
3.550839e+001	-1.268923e+002
3.616197e+001	-1.005466e+002
3.658512e+001	-8.562291e+001
3.658286e+001	-9.178575e+001
3.643880e+001	-1.049770e+002
3.645427e+001	-1.102610e+002
3.678880e+001	-9.973013e+001
3.714105e+001	-8.832090e+001
3.752875e+001	-7.515401e+001
3.791645e+001	-6.198757e+001
3.794964e+001	-6.639321e+001
3.784103e+001	-7.782722e+001
3.775015e+001	-8.838286e+001
3.783652e+001	-9.015246e+001
3.792289e+001	-9.192206e+001
3.804471e+001	-9.193446e+001
3.811336e+001	-9.458243e+001
3.805793e+001	-1.033809e+002
3.816203e+001	-1.042716e+002
3.846111e+001	-9.549799e+001
3.829932e+001	-1.095680e+002
3.875792e+001	-9.288720e+001
3.919880e+001	-7.708472e+001
3.907246e+001	-8.939757e+001
3.882206e+001	-1.078604e+002
3.855392e+001	-1.272021e+002
3.848077e+001	-1.368789e+002
3.874439e+001	-1.298625e+002
3.899029e+001	-1.237248e+002
3.918301e+001	-1.202228e+002
3.942890e+001	-1.140852e+002
3.962163e+001	-1.105832e+002
3.977890e+001	-1.088384e+002
3.991845e+001	-1.079719e+002
4.035932e+001	-9.216991e+001
4.049887e+001	-9.130347e+001
4.053206e+001	-9.570867e+001
4.063616e+001	-9.659988e+001
4.079343e+001	-9.485508e+001
4.098615e+001	-9.135304e+001
4.089527e+001	-1.019087e+002
4.059169e+001	-1.230071e+002
4.053626e+001	-1.318056e+002
4.111893e+001	-1.089747e+002
4.166616e+001	-8.790060e+001
4.157528e+001	-9.845624e+001
4.155530e+001	-1.054975e+002
4.164167e+001	-1.072671e+002
4.139126e+001	-1.257299e+002
4.128265e+001	-1.371639e+002
4.158173e+001	-1.283903e+002
4.198715e+001	-1.143455e+002
4.198490e+001	-1.205079e+002
4.176994e+001	-1.372135e+002
4.155498e+001	-1.539191e+002
4.151728e+001	-1.618387e+002
4.171001e+001	-1.583367e+002
4.204452e+001	-1.478063e+002
4.221952e+001	-1.451827e+002
4.228816e+001	-1.478311e+002
4.256952e+001	-1.399358e+002
4.269134e+001	-1.399482e+002
4.265363e+001	-1.478683e+002
4.252730e+001	-1.601807e+002
4.270229e+001	-1.575575e+002
4.303682e+001	-1.470266e+002
4.308774e+001	-1.505534e+002
4.308548e+001	-1.567163e+002
4.317186e+001	-1.584854e+002
4.316960e+001	-1.646483e+002
4.325597e+001	-1.664179e+002
4.332462e+001	-1.690658e+002
4.337554e+001	-1.725926e+002
4.326693e+001	-1.840267e+002
4.328241e+001	-1.893107e+002
4.372327e+001	-1.735087e+002
4.412870e+001	-1.594634e+002
4.407327e+001	-1.682618e+002
4.394694e+001	-1.805742e+002
4.382061e+001	-1.928871e+002
4.411968e+001	-1.841134e+002
4.420605e+001	-1.858830e+002
4.402655e+001	-2.008315e+002
4.416609e+001	-1.999655e+002
4.448288e+001	-1.903134e+002
4.483513e+001	-1.789042e+002
4.501013e+001	-1.762806e+002
4.516741e+001	-1.745357e+002
4.502335e+001	-1.877270e+002
4.525153e+001	-1.824677e+002
4.533790e+001	-1.842373e+002
4.558379e+001	-1.780997e+002
4.575878e+001	-1.754765e+002
4.586288e+001	-1.763673e+002
4.632148e+001	-1.596865e+002
4.653192e+001	-1.553060e+002
4.638787e+001	-1.684973e+002
4.633244e+001	-1.772957e+002
4.638337e+001	-1.808221e+002
4.673561e+001	-1.694128e+002
4.703469e+001	-1.606392e+002
4.735148e+001	-1.509872e+002
4.727833e+001	-1.606640e+002
4.727607e+001	-1.668268e+002
4.729154e+001	-1.721108e+002
4.732474e+001	-1.765160e+002
4.719840e+001	-1.888289e+002
4.721387e+001	-1.941129e+002
4.699892e+001	-2.108185e+002
4.680169e+001	-2.266453e+002
4.685261e+001	-2.301721e+002
4.706305e+001	-2.257918e+002
4.746848e+001	-2.117465e+002
4.766120e+001	-2.082444e+002
4.790710e+001	-2.021068e+002
4.827707e+001	-1.898188e+002
4.845207e+001	-1.871956e+002
4.837892e+001	-1.968724e+002
4.828803e+001	-2.074280e+002
4.840985e+001	-2.074404e+002
4.853167e+001	-2.074528e+002
4.884847e+001	-1.978008e+002
4.928934e+001	-1.819983e+002
4.948207e+001	-1.784963e+002
4.930256e+001	-1.934447e+002
4.908761e+001	-2.101504e+002
4.904989e+001	-2.180704e+002
4.922490e+001	-2.154468e+002
4.939989e+001	-2.128236e+002
4.929129e+001	-2.242576e+002
4.930676e+001	-2.295416e+002
4.937541e+001	-2.321896e+002
4.955040e+001	-2.295664e+002
4.977857e+001	-2.243072e+002
4.974087e+001	-2.322268e+002
4.961453e+001	-2.445396e+002
4.987816e+001	-2.375232e+002
5.015950e+001	-2.296283e+002
5.008635e+001	-2.393052e+002
5.008410e+001	-2.454676e+002
5.045407e+001	-2.331799e+002
5.066452e+001	-2.287991e+002
5.098131e+001	-2.191471e+002
5.108540e+001	-2.200383e+002
5.097680e+001	-2.314723e+002
5.125816e+001	-2.235770e+002
5.152177e+001	-2.165611e+002
5.155497e+001	-2.209662e+002
5.169451e+001	-2.201003e+002
5.225946e+001	-1.981478e+002
5.264717e+001	-1.849809e+002
5.278671e+001	-1.841149e+002
5.352891e+001	-1.533764e+002
5.416477e+001	-1.279095e+002
5.458791e+001	-1.129858e+002
5.502879e+001	-9.718337e+001
5.511516e+001	-9.895298e+001
5.544968e+001	-8.842257e+001
5.557150e+001	-8.843495e+001
5.595921e+001	-7.526806e+001
5.620510e+001	-6.913046e+001
5.630919e+001	-7.002168e+001
5.675007e+001	-5.421921e+001
5.688962e+001	-5.335276e+001
5.679874e+001	-6.390840e+001
5.683193e+001	-6.831404e+001
5.672333e+001	-7.974805e+001
5.649065e+001	-9.733208e+001
5.636431e+001	-1.096449e+002
5.662794e+001	-1.026285e+002
5.713971e+001	-8.331204e+001
5.743878e+001	-7.453840e+001
5.747198e+001	-7.894358e+001
5.731020e+001	-9.301364e+001
5.729022e+001	-1.000549e+002
5.732342e+001	-1.044601e+002
5.762249e+001	-9.568641e+001
5.802791e+001	-8.164159e+001
5.797247e+001	-9.044002e+001
5.802340e+001	-9.396682e+001
5.802114e+001	-1.001292e+002
5.808979e+001	-1.027772e+002
5.835342e+001	-9.576075e+001
5.858158e+001	-9.050197e+001
5.859706e+001	-9.578554e+001
5.871888e+001	-9.579794e+001
5.892932e+001	-9.141754e+001
5.906887e+001	-9.055155e+001
5.913752e+001	-9.319952e+001
5.917072e+001	-9.760472e+001
5.936343e+001	-9.410313e+001
5.943208e+001	-9.675112e+001
5.960707e+001	-9.412791e+001
5.953392e+001	-1.038047e+002
5.967347e+001	-1.029383e+002
5.990164e+001	-9.767907e+001
6.020071e+001	-8.890588e+001
6.021618e+001	-9.418989e+001
6.035573e+001	-9.332345e+001
6.047755e+001	-9.333585e+001
6.024487e+001	-1.109203e+002
6.052622e+001	-1.030250e+002
6.114434e+001	-7.843698e+001
6.128389e+001	-7.757055e+001
6.112211e+001	-9.164059e+001
6.108441e+001	-9.956019e+001
6.120622e+001	-9.957259e+001
6.139895e+001	-9.607058e+001
6.143214e+001	-1.004762e+002
6.135898e+001	-1.101530e+002
6.153398e+001	-1.075298e+002
6.186850e+001	-9.699896e+001
6.206123e+001	-9.349695e+001
6.184627e+001	-1.102026e+002
6.191491e+001	-1.128510e+002
6.216082e+001	-1.067130e+002
6.235354e+001	-1.032109e+002
6.259943e+001	-9.707331e+001
6.270353e+001	-9.796410e+001
6.280762e+001	-9.885531e+001
6.307125e+001	-9.183888e+001
6.340577e+001	-8.130802e+001
6.327944e+001	-9.362087e+001
6.331264e+001	-9.802606e+001
6.377123e+001	-8.134521e+001
6.398168e+001	-7.696480e+001
6.374899e+001	-9.454926e+001
6.364039e+001	-1.059833e+002
6.404581e+001	-9.193802e+001
6.459304e+001	-7.086436e+001
6.487439e+001	-6.296910e+001
6.460625e+001	-8.231078e+001
6.430268e+001	-1.034092e+002
6.431814e+001	-1.086932e+002
6.419181e+001	-1.210061e+002
6.443771e+001	-1.148685e+002
6.489631e+001	-9.818715e+001
6.505358e+001	-9.644235e+001
6.508677e+001	-1.008480e+002
6.504907e+001	-1.087676e+002
6.486957e+001	-1.237160e+002
6.502684e+001	-1.219712e+002
6.516638e+001	-1.211052e+002
6.525275e+001	-1.228748e+002
6.558728e+001	-1.123440e+002
6.581545e+001	-1.070847e+002
6.607907e+001	-1.000683e+002
6.621862e+001	-9.920231e+001
6.628726e+001	-1.018503e+002
6.637364e+001	-1.036199e+002
6.628275e+001	-1.141755e+002
6.635140e+001	-1.168240e+002
6.633142e+001	-1.238647e+002
6.625826e+001	-1.335420e+002
6.629146e+001	-1.379472e+002
6.637783e+001	-1.397168e+002
6.664146e+001	-1.327003e+002
6.706460e+001	-1.177767e+002
6.723960e+001	-1.151535e+002
6.757412e+001	-1.046226e+002
6.783775e+001	-9.760619e+001
6.781776e+001	-1.046474e+002
6.770916e+001	-1.160814e+002
6.777780e+001	-1.187294e+002
6.809460e+001	-1.090774e+002
6.812779e+001	-1.134830e+002
6.821416e+001	-1.152526e+002
6.808784e+001	-1.275650e+002
6.849326e+001	-1.135202e+002
6.911139e+001	-8.893170e+001
6.914458e+001	-9.333732e+001
6.880555e+001	-1.161930e+002
6.869694e+001	-1.276270e+002
6.888967e+001	-1.241250e+002
6.908239e+001	-1.206229e+002
6.915103e+001	-1.232714e+002
6.909560e+001	-1.320698e+002
6.925287e+001	-1.303250e+002
6.933924e+001	-1.320946e+002
6.972694e+001	-1.189277e+002
7.034507e+001	-9.433963e+001
7.036054e+001	-9.962364e+001
7.030511e+001	-1.084221e+002
7.024968e+001	-1.172205e+002
7.047785e+001	-1.119613e+002
7.047559e+001	-1.181237e+002
7.038471e+001	-1.286793e+002
7.040018e+001	-1.339633e+002
7.068154e+001	-1.260681e+002
7.059065e+001	-1.366237e+002
7.058840e+001	-1.427861e+002
7.072794e+001	-1.419201e+002
7.067251e+001	-1.507185e+002
7.068798e+001	-1.560025e+002
7.063255e+001	-1.648005e+002
7.075437e+001	-1.648129e+002
7.107117e+001	-1.551609e+002
7.147660e+001	-1.411156e+002
7.168704e+001	-1.367352e+002
7.179113e+001	-1.376265e+002
7.178888e+001	-1.437888e+002
7.178663e+001	-1.499512e+002
7.199707e+001	-1.455708e+002
7.203028e+001	-1.499760e+002
7.240024e+001	-1.376884e+002
7.278795e+001	-1.245215e+002
7.257299e+001	-1.412272e+002
7.258846e+001	-1.465112e+002
7.260393e+001	-1.517952e+002
7.230034e+001	-1.728941e+002
7.213857e+001	-1.869637e+002
7.218949e+001	-1.904905e+002
7.247083e+001	-1.825957e+002
7.298261e+001	-1.632788e+002
7.365390e+001	-1.360551e+002
7.393526e+001	-1.281599e+002
7.419888e+001	-1.211434e+002
7.414345e+001	-1.299419e+002
7.391076e+001	-1.475263e+002
7.374899e+001	-1.615959e+002
7.353403e+001	-1.783020e+002
7.369130e+001	-1.765572e+002
7.404355e+001	-1.651475e+002
7.437806e+001	-1.546171e+002
7.442899e+001	-1.581439e+002
7.435583e+001	-1.678207e+002
7.422950e+001	-1.801336e+002
7.420952e+001	-1.871744e+002
7.463267e+001	-1.722507e+002
7.503809e+001	-1.582059e+002
7.524854e+001	-1.538250e+002
7.526401e+001	-1.591091e+002
7.556309e+001	-1.503354e+002
7.550766e+001	-1.591338e+002
7.531042e+001	-1.749611e+002
7.516637e+001	-1.881523e+002
7.514638e+001	-1.951935e+002
7.544546e+001	-1.864199e+002
7.563818e+001	-1.829179e+002
7.544094e+001	-1.987451e+002
7.538552e+001	-2.075431e+002
7.568459e+001	-1.987699e+002
7.570006e+001	-2.040535e+002
7.555600e+001	-2.172452e+002
7.566010e+001	-2.181359e+002
7.595918e+001	-2.093623e+002
7.615190e+001	-2.058603e+002
7.638007e+001	-2.006015e+002
7.659052e+001	-1.962206e+002
7.671234e+001	-1.962330e+002
7.688733e+001	-1.936098e+002
7.716869e+001	-1.857146e+002
7.759184e+001	-1.707909e+002
7.806815e+001	-1.532317e+002
7.804817e+001	-1.602729e+002
7.769142e+001	-1.840069e+002
7.752964e+001	-1.980770e+002
7.743876e+001	-2.086326e+002
7.763148e+001	-2.051306e+002
7.800146e+001	-1.928425e+002
7.814100e+001	-1.919765e+002
7.797922e+001	-2.060462e+002
7.799469e+001	-2.113302e+002
7.859509e+001	-1.876205e+002
7.901824e+001	-1.726968e+002
7.928186e+001	-1.656804e+002
7.966956e+001	-1.525140e+002
8.026996e+001	-1.288043e+002
8.035633e+001	-1.305739e+002
8.030090e+001	-1.393723e+002
8.047589e+001	-1.367491e+002
8.081042e+001	-1.262183e+002
8.091452e+001	-1.271090e+002
8.100089e+001	-1.288786e+002
8.115816e+001	-1.271338e+002
8.117363e+001	-1.324178e+002
8.090549e+001	-1.517595e+002
8.100960e+001	-1.526503e+002
8.125549e+001	-1.465127e+002
8.128869e+001	-1.509178e+002
8.102055e+001	-1.702595e+002
8.110692e+001	-1.720291e+002
8.153007e+001	-1.571055e+002
8.198867e+001	-1.404242e+002
8.237637e+001	-1.272577e+002
8.267544e+001	-1.184845e+002
8.235414e+001	-1.404614e+002
8.208600e+001	-1.598030e+002
8.227872e+001	-1.563010e+002
8.243600e+001	-1.545562e+002
8.264644e+001	-1.501758e+002
8.299869e+001	-1.387666e+002
8.317369e+001	-1.361429e+002
8.317144e+001	-1.423053e+002
8.334643e+001	-1.396821e+002
8.345053e+001	-1.405729e+002
8.359007e+001	-1.397069e+002
8.381825e+001	-1.344477e+002
8.349694e+001	-1.564249e+002
8.349468e+001	-1.625873e+002
8.398874e+001	-1.441493e+002
8.412828e+001	-1.432833e+002
8.403740e+001	-1.538389e+002
8.430102e+001	-1.468225e+002
8.456464e+001	-1.398060e+002
8.504097e+001	-1.222464e+002
8.530458e+001	-1.152304e+002
8.519599e+001	-1.266644e+002
8.535326e+001	-1.249196e+002
8.545736e+001	-1.258103e+002
8.517150e+001	-1.460304e+002
8.515151e+001	-1.530716e+002
8.523789e+001	-1.548412e+002
8.537743e+001	-1.539752e+002
8.553470e+001	-1.522304e+002
8.578061e+001	-1.460924e+002
8.615057e+001	-1.338047e+002
8.676870e+001	-1.092162e+002
8.692597e+001	-1.074714e+002
8.671102e+001	-1.241771e+002
8.654924e+001	-1.382471e+002
8.674196e+001	-1.347451e+002
8.720055e+001	-1.180642e+002
8.753508e+001	-1.075334e+002
8.749737e+001	-1.154534e+002
8.758374e+001	-1.172230e+002
8.768784e+001	-1.181138e+002
8.777421e+001	-1.198834e+002
8.778968e+001	-1.251674e+002
8.778743e+001	-1.313298e+002
8.755474e+001	-1.489143e+002
8.762339e+001	-1.515623e+002
8.794019e+001	-1.419102e+002
8.795566e+001	-1.471943e+002
8.813065e+001	-1.445706e+002
8.835882e+001	-1.393118e+002
8.840975e+001	-1.428382e+002
8.860246e+001	-1.393366e+002
8.844069e+001	-1.534062e+002
8.836754e+001	-1.630830e+002
8.845390e+001	-1.648526e+002
8.871752e+001	-1.578366e+002
8.912295e+001	-1.437914e+002
8.928022e+001	-1.420466e+002
8.936659e+001	-1.438162e+002
8.987837e+001	-1.244993e+002
8.991156e+001	-1.289049e+002
8.950163e+001	-1.552750e+002
8.962345e+001	-1.552874e+002
8.985162e+001	-1.500281e+002
8.974301e+001	-1.614626e+002
8.970531e+001	-1.693822e+002
8.982713e+001	-1.693946e+002
9.044526e+001	-1.448061e+002
9.049618e+001	-1.483329e+002
9.051165e+001	-1.536169e+002
9.070437e+001	-1.501149e+002
9.075529e+001	-1.536417e+002
9.093029e+001	-1.510185e+002
9.119391e+001	-1.440020e+002
9.112075e+001	-1.536788e+002
9.118940e+001	-1.563273e+002
9.164800e+001	-1.396464e+002
9.194707e+001	-1.308728e+002
9.201572e+001	-1.335208e+002
9.181849e+001	-1.493480e+002
9.140855e+001	-1.757181e+002
9.124677e+001	-1.897881e+002
9.136859e+001	-1.898005e+002
9.168539e+001	-1.801485e+002
9.207309e+001	-1.669816e+002
9.217718e+001	-1.678728e+002
9.206858e+001	-1.793068e+002
9.201315e+001	-1.881053e+002
9.250720e+001	-1.696672e+002
9.250495e+001	-1.758296e+002
9.241406e+001	-1.863853e+002
9.253588e+001	-1.863976e+002
9.278178e+001	-1.802600e+002
9.318720e+001	-1.662148e+002
9.329131e+001	-1.671055e+002
9.332449e+001	-1.715112e+002
9.348177e+001	-1.697664e+002
9.347951e+001	-1.759287e+002
9.340636e+001	-1.856056e+002
9.351045e+001	-1.864968e+002
9.370318e+001	-1.829948e+002
9.398452e+001	-1.750999e+002
9.435450e+001	-1.628119e+002
9.436997e+001	-1.680959e+002
9.410184e+001	-1.874371e+002
9.383370e+001	-2.067788e+002
9.384917e+001	-2.120628e+002
9.374057e+001	-2.234968e+002
9.388011e+001	-2.226308e+002
9.419691e+001	-2.129784e+002
9.454916e+001	-2.015691e+002
9.483050e+001	-1.936743e+002
9.493461e+001	-1.945651e+002
9.510960e+001	-1.919419e+002
9.521370e+001	-1.928327e+002
9.514054e+001	-2.025099e+002
9.499648e+001	-2.157012e+002
9.465745e+001	-2.385568e+002
9.495653e+001	-2.297832e+002
9.537968e+001	-2.148595e+002
9.555467e+001	-2.122363e+002
9.544606e+001	-2.236703e+002
9.567424e+001	-2.184111e+002
9.602648e+001	-2.070019e+002
9.588243e+001	-2.201931e+002
9.588017e+001	-2.263559e+002
9.616152e+001	-2.184607e+002
9.605291e+001	-2.298947e+002
9.626336e+001	-2.255143e+002
9.656244e+001	-2.167406e+002
9.659563e+001	-2.211463e+002
9.664654e+001	-2.246731e+002
9.657339e+001	-2.343499e+002
9.676612e+001	-2.308479e+002
9.722471e+001	-2.141670e+002
9.743517e+001	-2.097862e+002
9.729110e+001	-2.229778e+002
9.716478e+001	-2.352902e+002
9.709161e+001	-2.449675e+002
9.728434e+001	-2.414655e+002
9.788474e+001	-2.177558e+002
9.811291e+001	-2.124965e+002
9.791569e+001	-2.283234e+002
9.761210e+001	-2.494223e+002
9.736169e+001	-2.678851e+002
9.755441e+001	-2.643831e+002
9.785349e+001	-2.556094e+002
9.804621e+001	-2.521074e+002
9.843391e+001	-2.389410e+002
9.860890e+001	-2.363178e+002
9.890798e+001	-2.275441e+002
9.885255e+001	-2.363426e+002
9.893891e+001	-2.381122e+002
9.907846e+001	-2.372458e+002
9.918256e+001	-2.381369e+002
9.942846e+001	-2.319989e+002
9.958573e+001	-2.302541e+002
9.986708e+001	-2.223592e+002
1.001484e+002	-2.144644e+002
1.004829e+002	-2.039336e+002
1.004807e+002	-2.100960e+002
1.004607e+002	-2.171372e+002
1.011852e+002	-1.872775e+002
1.020515e+002	-1.503890e+002
1.023505e+002	-1.416153e+002
1.026142e+002	-1.345989e+002
1.030019e+002	-1.214325e+002
1.034959e+002	-1.029944e+002
1.038482e+002	-9.158516e+001
1.035269e+002	-1.135624e+002
1.033651e+002	-1.276320e+002
1.036464e+002	-1.197372e+002
1.037328e+002	-1.215068e+002
1.038723e+002	-1.206408e+002
1.042423e+002	-1.083528e+002
1.044882e+002	-1.022147e+002
1.043619e+002	-1.145276e+002
1.043951e+002	-1.189332e+002
1.042865e+002	-1.303672e+002
1.041247e+002	-1.444368e+002
1.038743e+002	-1.629001e+002
1.038720e+002	-1.690625e+002
1.045256e+002	-1.427168e+002
1.048778e+002	-1.313075e+002
1.046806e+002	-1.471348e+002
1.046961e+002	-1.524188e+002
1.049065e+002	-1.480380e+002
1.047625e+002	-1.612297e+002
1.051502e+002	-1.480628e+002
1.053252e+002	-1.454396e+002
1.055356e+002	-1.410592e+002
1.056929e+002	-1.393144e+002
1.057793e+002	-1.410840e+002
1.058302e+002	-1.446103e+002
1.062002e+002	-1.323227e+002
1.066233e+002	-1.173990e+002
1.067097e+002	-1.191686e+002
1.062466e+002	-1.481743e+002
1.061557e+002	-1.587299e+002
1.064370e+002	-1.508351e+002
1.065766e+002	-1.499687e+002
1.065211e+002	-1.587671e+002
1.063594e+002	-1.728372e+002
1.066230e+002	-1.658207e+002
1.069043e+002	-1.579259e+002
1.071502e+002	-1.517879e+002
1.072898e+002	-1.509219e+002
1.074825e+002	-1.474198e+002
1.077638e+002	-1.395250e+002
1.081338e+002	-1.272370e+002
1.081493e+002	-1.325210e+002
1.081825e+002	-1.369262e+002
1.085879e+002	-1.228809e+002
1.085148e+002	-1.325582e+002
1.084593e+002	-1.413566e+002
1.087052e+002	-1.352185e+002
1.088625e+002	-1.334737e+002
1.087893e+002	-1.431505e+002
1.088934e+002	-1.440418e+002
1.092634e+002	-1.317537e+002
1.093852e+002	-1.317661e+002
1.095248e+002	-1.309001e+002
1.091857e+002	-1.537557e+002
1.089353e+002	-1.722186e+002
1.093585e+002	-1.572949e+002
1.097285e+002	-1.450069e+002
1.100275e+002	-1.362337e+002
1.099012e+002	-1.485461e+002
1.097926e+002	-1.599805e+002
1.102512e+002	-1.432992e+002
1.104439e+002	-1.397977e+002
1.106366e+002	-1.362956e+002
1.104217e+002	-1.530013e+002
1.103840e+002	-1.609209e+002
1.106121e+002	-1.556617e+002
1.109290e+002	-1.460096e+002
1.109621e+002	-1.504148e+002
1.113321e+002	-1.381272e+002
1.117375e+002	-1.240819e+002
1.117530e+002	-1.293659e+002
1.115381e+002	-1.460716e+002
1.118017e+002	-1.390551e+002
1.119944e+002	-1.355531e+002
1.118681e+002	-1.478660e+002
1.118126e+002	-1.566644e+002
1.119876e+002	-1.540408e+002
1.118613e+002	-1.663536e+002
1.121781e+002	-1.567016e+002
1.127962e+002	-1.321131e+002
1.129535e+002	-1.303682e+002
1.125436e+002	-1.567387e+002
1.122577e+002	-1.769588e+002
1.126631e+002	-1.629135e+002
1.134231e+002	-1.312966e+002
1.140944e+002	-1.040725e+002
1.141985e+002	-1.049633e+002
1.143557e+002	-1.032185e+002
1.147789e+002	-8.829485e+001
1.151489e+002	-7.600724e+001
1.153770e+002	-7.074800e+001
1.152152e+002	-8.481762e+001
1.150357e+002	-9.976650e+001
1.152639e+002	-9.450726e+001
1.155453e+002	-8.661200e+001
1.154898e+002	-9.541043e+001
1.157357e+002	-8.927282e+001
1.160171e+002	-8.137756e+001
1.159616e+002	-9.017598e+001
1.159594e+002	-9.633883e+001
1.162407e+002	-8.844356e+001
1.162030e+002	-9.636361e+001
1.166439e+002	-8.056113e+001
1.169430e+002	-7.178749e+001
1.167812e+002	-8.585754e+001
1.168676e+002	-8.762713e+001
1.172907e+002	-7.270350e+001
1.176961e+002	-5.865823e+001
1.180838e+002	-4.549179e+001
1.180461e+002	-5.341139e+001
1.180793e+002	-5.781702e+001
1.181834e+002	-5.870780e+001
1.181103e+002	-6.838461e+001
1.180371e+002	-7.806187e+001
1.183716e+002	-6.753102e+001
1.187593e+002	-5.436457e+001
1.190230e+002	-4.734814e+001
1.192689e+002	-4.121008e+001
1.188766e+002	-6.670176e+001
1.188567e+002	-7.374298e+001
1.191026e+002	-6.760537e+001
1.192244e+002	-6.761776e+001
1.195412e+002	-5.796573e+001
1.196630e+002	-5.797813e+001
1.195189e+002	-7.116935e+001
1.191090e+002	-9.753941e+001
1.189295e+002	-1.124879e+002
1.193881e+002	-9.580699e+001
1.197049e+002	-8.615497e+001
1.199508e+002	-8.001690e+001
1.201967e+002	-7.387929e+001
1.203894e+002	-7.037727e+001
1.205112e+002	-7.038966e+001
1.204558e+002	-7.918810e+001
1.204004e+002	-8.798653e+001
1.208412e+002	-7.218406e+001
1.211758e+002	-6.165320e+001
1.213331e+002	-5.990838e+001
1.212422e+002	-7.046402e+001
1.212754e+002	-7.486966e+001
1.213795e+002	-7.576043e+001
1.213595e+002	-8.280165e+001
1.215699e+002	-7.842125e+001
1.217626e+002	-7.491923e+001
1.218490e+002	-7.668882e+001
1.221304e+002	-6.879356e+001
1.222876e+002	-6.704874e+001
1.223208e+002	-7.145438e+001
1.221591e+002	-8.552398e+001
1.222631e+002	-8.641521e+001
1.223141e+002	-8.994201e+001
1.223473e+002	-9.434720e+001
1.225932e+002	-8.820959e+001
1.228036e+002	-8.382874e+001
1.227836e+002	-9.086996e+001
1.227459e+002	-9.879001e+001
1.231159e+002	-8.650195e+001
1.235390e+002	-7.157830e+001
1.236254e+002	-7.334790e+001
1.239068e+002	-6.545264e+001
1.243654e+002	-4.877179e+001
1.245935e+002	-4.351256e+001
1.243077e+002	-6.373261e+001
1.242345e+002	-7.340986e+001
1.243386e+002	-7.430064e+001
1.242655e+002	-8.397746e+001
1.241214e+002	-9.716913e+001
1.242609e+002	-9.630269e+001
1.245778e+002	-8.665066e+001
1.248591e+002	-7.875584e+001
1.252468e+002	-6.558896e+001
1.249787e+002	-8.493064e+001
1.247814e+002	-1.007579e+002
1.250628e+002	-9.286263e+001
1.253973e+002	-8.233177e+001
1.258736e+002	-6.477254e+001
1.258536e+002	-7.181376e+001
1.258691e+002	-7.709778e+001
1.260264e+002	-7.535295e+001
1.262368e+002	-7.097211e+001
1.264827e+002	-6.483450e+001
1.268882e+002	-5.078923e+001
1.270100e+002	-5.080163e+001
1.273091e+002	-4.202799e+001
1.276790e+002	-2.974037e+001
1.276059e+002	-3.941718e+001
1.274795e+002	-5.173003e+001
1.273887e+002	-6.228521e+001
1.271383e+002	-8.074806e+001
1.273842e+002	-7.461046e+001
1.277364e+002	-6.320122e+001
1.275746e+002	-7.727127e+001
1.276255e+002	-8.079763e+001
1.279423e+002	-7.114561e+001
1.279046e+002	-7.906566e+001
1.277960e+002	-9.049968e+001
1.283787e+002	-6.766838e+001
1.284296e+002	-7.119518e+001
1.282856e+002	-8.438641e+001
1.283365e+002	-8.791321e+001
1.286887e+002	-7.650398e+001
1.286333e+002	-8.530240e+001
1.285779e+002	-9.410083e+001
1.289478e+002	-8.181277e+001
1.288747e+002	-9.148959e+001
1.289965e+002	-9.150199e+001
1.292779e+002	-8.360716e+001
1.295947e+002	-7.395514e+001
1.298583e+002	-6.693869e+001
1.301219e+002	-5.992225e+001
1.302437e+002	-5.993465e+001
1.305073e+002	-5.291822e+001
1.307001e+002	-4.941619e+001
1.304319e+002	-6.875787e+001
1.303765e+002	-7.755630e+001
1.304983e+002	-7.756869e+001
1.306910e+002	-7.406667e+001
1.312383e+002	-5.299258e+001
1.311828e+002	-6.179100e+001
1.311629e+002	-6.883222e+001
1.315328e+002	-5.654417e+001
1.318674e+002	-4.601331e+001
1.317588e+002	-5.744778e+001
1.320224e+002	-5.043134e+001
1.320556e+002	-5.483653e+001
1.321419e+002	-5.660612e+001
1.321574e+002	-6.189013e+001
1.321906e+002	-6.629533e+001
1.323656e+002	-6.367213e+001
1.324165e+002	-6.719895e+001
1.324143e+002	-7.336134e+001
1.323588e+002	-8.215977e+001
1.327111e+002	-7.075053e+001
1.327266e+002	-7.603455e+001
1.327420e+002	-8.131811e+001
1.329525e+002	-7.693771e+001
1.332515e+002	-6.816407e+001
1.333734e+002	-6.817646e+001
1.334066e+002	-7.258210e+001
1.335284e+002	-7.259449e+001
1.336857e+002	-7.084967e+001
1.338429e+002	-6.910485e+001
1.339470e+002	-6.999563e+001
1.340511e+002	-7.088685e+001
1.341729e+002	-7.089924e+001
1.346670e+002	-5.246118e+001
1.351079e+002	-3.665870e+001
1.352474e+002	-3.579272e+001
1.353338e+002	-3.756231e+001
1.351543e+002	-5.251075e+001
1.348153e+002	-7.536639e+001
1.350257e+002	-7.098599e+001
1.355729e+002	-4.991190e+001
1.358720e+002	-4.113825e+001
1.356748e+002	-5.696551e+001
1.353712e+002	-7.806440e+001
1.353689e+002	-8.422679e+001
1.355794e+002	-7.984639e+001
1.356480e+002	-8.249437e+001
1.358053e+002	-8.074954e+001
1.355903e+002	-9.745519e+001
1.358008e+002	-9.307478e+001
1.361530e+002	-8.166511e+001
1.363103e+002	-7.992073e+001
1.365562e+002	-7.378267e+001
1.366248e+002	-7.643111e+001
1.366758e+002	-7.995792e+001
1.367444e+002	-8.260589e+001
1.368485e+002	-8.349667e+001
1.369703e+002	-8.350906e+001
1.372517e+002	-7.561424e+001
1.377989e+002	-5.454059e+001
1.380448e+002	-4.840253e+001
1.381489e+002	-4.929375e+001
1.379517e+002	-6.512058e+001
1.378785e+002	-7.479783e+001
1.380181e+002	-7.393139e+001
1.382108e+002	-7.042937e+001
1.381376e+002	-8.010663e+001
1.382949e+002	-7.836180e+001
1.383458e+002	-8.188818e+001
1.386272e+002	-7.399335e+001
1.391567e+002	-5.379808e+001
1.395089e+002	-4.238885e+001
1.393471e+002	-5.645890e+001
1.395398e+002	-5.295687e+001
1.394490e+002	-6.351206e+001
1.393581e+002	-7.406770e+001
1.395154e+002	-7.232289e+001
1.397258e+002	-6.794249e+001
1.397058e+002	-7.498371e+001
1.396858e+002	-8.202449e+001
1.398608e+002	-7.940130e+001
1.398409e+002	-8.644252e+001
1.401222e+002	-7.854770e+001
1.406871e+002	-5.659521e+001
1.406672e+002	-6.363599e+001
1.406826e+002	-6.892000e+001
1.407867e+002	-6.981123e+001
1.409263e+002	-6.894479e+001
1.409772e+002	-7.247161e+001
1.408686e+002	-8.390563e+001
1.410791e+002	-7.952521e+001
1.414845e+002	-6.547995e+001
1.416417e+002	-6.373514e+001
1.416395e+002	-6.989797e+001
1.421158e+002	-5.233830e+001
1.422554e+002	-5.147230e+001
1.416859e+002	-8.574957e+001
1.412760e+002	-1.121201e+002
1.414332e+002	-1.103753e+002
1.416791e+002	-1.042372e+002
1.418364e+002	-1.024928e+002
1.421887e+002	-9.108315e+001
1.426827e+002	-7.264511e+001
1.429109e+002	-6.738586e+001
1.429795e+002	-7.003430e+001
1.431013e+002	-7.004668e+001
1.434004e+002	-6.127304e+001
1.434868e+002	-6.304263e+001
1.433073e+002	-7.799107e+001
1.432519e+002	-8.678950e+001
1.434800e+002	-8.153028e+001
1.439918e+002	-6.221338e+001
1.443618e+002	-4.992578e+001
1.442000e+002	-6.399537e+001
1.443395e+002	-6.312939e+001
1.447095e+002	-5.084133e+001
1.448136e+002	-5.173254e+001
1.445277e+002	-7.195260e+001
1.445078e+002	-7.899383e+001
1.445232e+002	-8.427739e+001
1.445919e+002	-8.692583e+001
1.446428e+002	-9.045263e+001
1.450128e+002	-7.816457e+001
1.454359e+002	-6.324092e+001
1.455046e+002	-6.588891e+001
1.455555e+002	-6.941571e+001
1.455532e+002	-7.557855e+001
1.454801e+002	-8.525536e+001
1.457437e+002	-7.823892e+001
1.460073e+002	-7.122249e+001
1.461823e+002	-6.859929e+001
1.463041e+002	-6.861169e+001
1.462842e+002	-7.565291e+001
1.465301e+002	-6.951485e+001
1.468823e+002	-5.810562e+001
1.469332e+002	-6.163242e+001
1.468778e+002	-7.043085e+001
1.468047e+002	-8.010766e+001
1.467847e+002	-8.714888e+001
1.469065e+002	-8.716128e+001
1.470460e+002	-8.629484e+001
1.472210e+002	-8.367165e+001
1.472897e+002	-8.631963e+001
1.473938e+002	-8.721085e+001
1.474801e+002	-8.898045e+001
1.475665e+002	-9.075004e+001
1.474756e+002	-1.013057e+002
1.474379e+002	-1.092253e+002
1.478788e+002	-9.342282e+001
1.486210e+002	-6.268430e+001
1.488669e+002	-5.654669e+001
1.484570e+002	-8.291675e+001
1.483129e+002	-9.610842e+001
1.483993e+002	-9.787802e+001
1.486983e+002	-8.910437e+001
1.489443e+002	-8.296632e+001
1.491015e+002	-8.122194e+001
1.496842e+002	-5.839064e+001
1.500364e+002	-4.698141e+001
1.503887e+002	-3.557217e+001
1.504219e+002	-3.997736e+001
1.500829e+002	-6.283301e+001
1.497793e+002	-8.393189e+001
1.498302e+002	-8.745869e+001
1.499698e+002	-8.659227e+001
1.502156e+002	-8.045466e+001
1.507629e+002	-5.938099e+001
1.508138e+002	-6.290737e+001
1.507052e+002	-7.434182e+001
1.505257e+002	-8.929026e+001
1.506298e+002	-9.018104e+001
1.509288e+002	-8.140782e+001
1.513165e+002	-6.824095e+001
1.515447e+002	-6.298171e+001
1.515425e+002	-6.914457e+001
1.515934e+002	-7.267137e+001
1.516975e+002	-7.356214e+001
1.518370e+002	-7.269615e+001
1.518170e+002	-7.973737e+001
1.518680e+002	-8.326373e+001
1.518302e+002	-9.118378e+001
1.518280e+002	-9.734619e+001
1.522157e+002	-8.417974e+001
1.527097e+002	-6.574168e+001
1.528493e+002	-6.487524e+001
1.528648e+002	-7.015926e+001
1.530043e+002	-6.929326e+001
1.532857e+002	-6.139844e+001
1.534784e+002	-5.789643e+001
1.533166e+002	-7.196604e+001
1.531903e+002	-8.427888e+001
1.532589e+002	-8.692686e+001
1.532921e+002	-9.133249e+001
1.531835e+002	-1.027665e+002
1.531635e+002	-1.098077e+002
1.534272e+002	-1.027913e+002
1.538326e+002	-8.874602e+001
1.542735e+002	-7.294401e+001
1.544662e+002	-6.944197e+001
1.546057e+002	-6.857555e+001
1.546035e+002	-7.473838e+001
1.545303e+002	-8.441520e+001
1.548294e+002	-7.564156e+001
1.549512e+002	-7.565394e+001
1.549312e+002	-8.269516e+001
1.550176e+002	-8.446477e+001
1.552103e+002	-8.096275e+001
1.553853e+002	-7.833954e+001
1.553653e+002	-8.538032e+001
1.554340e+002	-8.802876e+001
1.556621e+002	-8.276951e+001
1.558194e+002	-8.102471e+001
1.559590e+002	-8.015871e+001
1.558681e+002	-9.071390e+001
1.556708e+002	-1.065412e+002
1.555977e+002	-1.162180e+002
1.558790e+002	-1.083232e+002
1.562490e+002	-9.603510e+001
1.567431e+002	-7.759705e+001
1.570244e+002	-6.970222e+001
1.570044e+002	-7.674344e+001
1.570022e+002	-8.290584e+001
1.571240e+002	-8.291823e+001
1.574054e+002	-7.502341e+001
1.576690e+002	-6.800698e+001
1.575958e+002	-7.768378e+001
1.574340e+002	-9.175384e+001
1.574318e+002	-9.791624e+001
1.573055e+002	-1.102291e+002
1.574273e+002	-1.102415e+002
1.577441e+002	-1.005894e+002
1.580786e+002	-9.005859e+001
1.583777e+002	-8.128494e+001
1.583222e+002	-9.008337e+001
1.584795e+002	-8.833857e+001
1.587786e+002	-7.956492e+001
1.587054e+002	-8.924173e+001
1.588095e+002	-9.013294e+001
1.590554e+002	-8.399489e+001
1.593190e+002	-7.697890e+001
1.594940e+002	-7.435525e+001
1.595804e+002	-7.612486e+001
1.599327e+002	-6.471563e+001
1.597709e+002	-7.878568e+001
1.595559e+002	-9.549132e+001
1.596423e+002	-9.726092e+001
1.599059e+002	-9.024447e+001
1.604000e+002	-7.180641e+001
1.609472e+002	-5.073231e+001
1.612108e+002	-4.371588e+001
1.607831e+002	-7.096476e+001
1.606391e+002	-8.415599e+001
1.612040e+002	-6.220396e+001
1.617690e+002	-4.025148e+001
1.619617e+002	-3.674946e+001
1.617645e+002	-5.257628e+001
1.619395e+002	-4.995307e+001
1.619018e+002	-5.787268e+001
1.618463e+002	-6.667111e+001
1.619327e+002	-6.844071e+001
1.618950e+002	-7.636031e+001
1.616092e+002	-9.658036e+001
1.616778e+002	-9.922880e+001
1.619769e+002	-9.045516e+001
1.620987e+002	-9.046754e+001
1.624509e+002	-7.905831e+001
1.625728e+002	-7.907071e+001
1.624641e+002	-9.050473e+001
1.623201e+002	-1.036959e+002
1.623887e+002	-1.063439e+002
1.627410e+002	-9.493470e+001
1.628805e+002	-9.406870e+001
1.632505e+002	-8.178065e+001
1.631951e+002	-9.057908e+001
1.629978e+002	-1.064059e+002
1.631551e+002	-1.046615e+002
1.635251e+002	-9.237346e+001
1.639482e+002	-7.744981e+001
1.645664e+002	-5.286130e+001
1.648655e+002	-4.408766e+001
1.647037e+002	-5.815771e+001
1.643824e+002	-8.013497e+001
1.644333e+002	-8.366177e+001
1.643956e+002	-9.158137e+001
1.643579e+002	-9.950142e+001
1.647456e+002	-8.633455e+001
1.652751e+002	-6.613927e+001
1.654501e+002	-6.351608e+001
1.654301e+002	-7.055730e+001
1.656051e+002	-6.793365e+001
1.656914e+002	-6.970326e+001
1.654942e+002	-8.553051e+001
1.652615e+002	-1.031150e+002
1.653834e+002	-1.031274e+002
1.656115e+002	-9.786814e+001
1.658574e+002	-9.173009e+001
1.665110e+002	-6.538482e+001
1.667923e+002	-5.749000e+001
1.670205e+002	-5.223077e+001
1.672310e+002	-4.784992e+001
1.671224e+002	-5.928438e+001
1.672796e+002	-5.753957e+001
1.674369e+002	-5.579475e+001
1.672574e+002	-7.074318e+001
1.671842e+002	-8.042000e+001
1.672174e+002	-8.482518e+001
1.675697e+002	-7.341595e+001
1.680815e+002	-5.409951e+001
1.680438e+002	-6.201911e+001
1.678465e+002	-7.784638e+001
1.678797e+002	-8.225156e+001
1.680015e+002	-8.226395e+001
1.682652e+002	-7.524751e+001
1.683515e+002	-7.701712e+001
1.685088e+002	-7.527230e+001
1.686129e+002	-7.616352e+001
1.684511e+002	-9.023312e+001
1.684843e+002	-9.463876e+001
1.688543e+002	-8.235070e+001
1.692420e+002	-6.918426e+001
1.691865e+002	-7.798269e+001
1.692729e+002	-7.975228e+001
1.696074e+002	-6.922143e+001
1.697647e+002	-6.747662e+001
1.697447e+002	-7.451784e+001
1.697779e+002	-7.892303e+001
1.700238e+002	-7.278542e+001
1.703584e+002	-6.225457e+001
1.704270e+002	-6.490254e+001
1.701411e+002	-8.512260e+001
1.700148e+002	-9.743546e+001
1.702253e+002	-9.305504e+001
1.704003e+002	-9.043141e+001
1.705930e+002	-8.692939e+001
1.706262e+002	-9.133502e+001
1.707126e+002	-9.310461e+001
1.707280e+002	-9.838864e+001
1.706549e+002	-1.080654e+002
1.707412e+002	-1.098350e+002
1.710403e+002	-1.010614e+002
1.714457e+002	-8.701613e+001
1.717803e+002	-7.648572e+001
1.722566e+002	-5.892604e+001
1.724316e+002	-5.630284e+001
1.725711e+002	-5.543642e+001
1.725157e+002	-6.423485e+001
1.726730e+002	-6.249002e+001
1.732025e+002	-4.229476e+001
1.733775e+002	-3.967155e+001
1.731093e+002	-5.901279e+001
1.728944e+002	-7.571843e+001
1.728035e+002	-8.627407e+001
1.731735e+002	-7.398601e+001
1.733662e+002	-7.048398e+001
1.736475e+002	-6.258916e+001
1.738934e+002	-5.645155e+001
1.740507e+002	-5.470674e+001
1.741548e+002	-5.559751e+001
1.740639e+002	-6.615315e+001
1.740262e+002	-7.407275e+001
1.741835e+002	-7.232794e+001
1.743408e+002	-7.058312e+001
1.745335e+002	-6.708110e+001
1.744426e+002	-7.763674e+001
1.743517e+002	-8.819238e+001
1.744913e+002	-8.732594e+001
1.748790e+002	-7.415950e+001
1.749831e+002	-7.505072e+001
1.748213e+002	-8.912033e+001
1.751203e+002	-8.034713e+001
1.756498e+002	-6.015186e+001
1.756121e+002	-6.807146e+001
1.752731e+002	-9.092710e+001
1.757317e+002	-7.424625e+001
1.762080e+002	-5.668701e+001
1.763653e+002	-5.494220e+001
1.764517e+002	-5.671179e+001
1.761835e+002	-7.605303e+001
1.757204e+002	-1.050591e+002
1.758068e+002	-1.068287e+002
1.759109e+002	-1.077195e+002
1.757491e+002	-1.217895e+002
1.762432e+002	-1.033515e+002
1.766131e+002	-9.106342e+001
1.767172e+002	-9.195464e+001
1.773531e+002	-6.648775e+001
1.779003e+002	-4.541366e+001
1.779335e+002	-4.981928e+001
1.776831e+002	-6.828212e+001
1.775568e+002	-8.059498e+001
1.774836e+002	-9.027178e+001
1.774991e+002	-9.555579e+001
1.775854e+002	-9.732540e+001
1.777073e+002	-9.733779e+001
1.779532e+002	-9.119974e+001
1.780218e+002	-9.384816e+001
1.780550e+002	-9.825336e+001
1.784782e+002	-8.332970e+001
1.785468e+002	-8.597768e+001
1.783673e+002	-1.009266e+002
1.784005e+002	-1.053318e+002
1.787173e+002	-9.567972e+001
1.791936e+002	-7.812005e+001
1.793509e+002	-7.637523e+001
1.795259e+002	-7.375203e+001
1.799668e+002	-5.794955e+001
1.797695e+002	-7.377682e+001
1.797850e+002	-7.906083e+001
1.800486e+002	-7.204440e+001
1.800109e+002	-7.996400e+001
1.799555e+002	-8.876243e+001
1.799532e+002	-9.492482e+001
1.802169e+002	-8.790839e+001
1.805691e+002	-7.649915e+001
1.809568e+002	-6.333271e+001
1.808305e+002	-7.564556e+001
1.806510e+002	-9.059399e+001
1.808260e+002	-8.797035e+001
1.811250e+002	-7.919714e+001
1.815127e+002	-6.603026e+001
1.817941e+002	-5.813544e+001
1.818273e+002	-6.254108e+001
1.815414e+002	-8.276113e+001
1.815392e+002	-8.892353e+001
1.817496e+002	-8.454313e+001
1.819423e+002	-8.104111e+001
1.822237e+002	-7.314585e+001
1.826823e+002	-5.646499e+001
1.831409e+002	-3.978413e+001
1.832804e+002	-3.891814e+001
1.831364e+002	-5.210936e+001
1.833291e+002	-4.860734e+001
1.835573e+002	-4.334811e+001
1.835373e+002	-5.038934e+001
1.834464e+002	-6.094497e+001
1.829833e+002	-8.995062e+001
1.827152e+002	-1.092923e+002
1.828724e+002	-1.075475e+002
1.830297e+002	-1.058027e+002
1.829743e+002	-1.146011e+002
1.832024e+002	-1.093419e+002
1.836079e+002	-9.529660e+001
1.837829e+002	-9.267340e+001
1.841883e+002	-7.862814e+001
1.845405e+002	-6.721890e+001
1.843965e+002	-8.041012e+001
1.840929e+002	-1.015090e+002
1.842856e+002	-9.800699e+001
1.844074e+002	-9.801938e+001
1.845293e+002	-9.803176e+001
1.848461e+002	-8.837930e+001
1.850565e+002	-8.399890e+001
1.850720e+002	-8.928291e+001
1.847861e+002	-1.095030e+002
1.848902e+002	-1.103937e+002
1.852247e+002	-9.986333e+001
1.853643e+002	-9.899690e+001
1.850075e+002	-1.227314e+002
1.851471e+002	-1.218654e+002
1.856588e+002	-1.025485e+002
1.858161e+002	-1.008037e+002
1.858848e+002	-1.034521e+002
1.864674e+002	-8.062080e+001
1.870856e+002	-5.603273e+001
1.872428e+002	-5.428792e+001
1.873824e+002	-5.342148e+001
1.873624e+002	-6.046271e+001
1.873247e+002	-6.838231e+001
1.871275e+002	-8.420956e+001
1.867175e+002	-1.105796e+002
1.866089e+002	-1.220141e+002
1.868903e+002	-1.141188e+002
1.875439e+002	-8.777355e+001
1.882329e+002	-5.967107e+001
1.884079e+002	-5.704744e+001
1.882461e+002	-7.111748e+001
1.883502e+002	-7.200826e+001
1.886138e+002	-6.499227e+001
1.886825e+002	-6.764025e+001
1.888575e+002	-6.501705e+001
1.890856e+002	-5.975782e+001
1.891897e+002	-6.064860e+001
1.893470e+002	-5.890377e+001
1.893979e+002	-6.243059e+001
1.896970e+002	-5.365695e+001
1.900847e+002	-4.049050e+001
1.904547e+002	-2.820244e+001
1.904347e+002	-3.524366e+001
1.901843e+002	-5.370652e+001
1.897743e+002	-8.007702e+001
1.898962e+002	-8.008941e+001
1.902307e+002	-6.955855e+001
1.901930e+002	-7.747816e+001
1.900135e+002	-9.242659e+001
1.899226e+002	-1.029822e+002
1.897431e+002	-1.179307e+002
1.897763e+002	-1.223363e+002
1.901994e+002	-1.074126e+002
1.904631e+002	-1.003962e+002
1.903367e+002	-1.127086e+002
1.904940e+002	-1.109638e+002
1.908817e+002	-9.779736e+001
1.911099e+002	-9.253812e+001
1.914444e+002	-8.200771e+001
1.918853e+002	-6.620525e+001
1.922552e+002	-5.391719e+001
1.923062e+002	-5.744399e+001
1.921444e+002	-7.151404e+001
1.921067e+002	-7.943365e+001
1.919272e+002	-9.438209e+001
1.919958e+002	-9.703050e+001
1.925962e+002	-7.332082e+001
1.932321e+002	-4.785393e+001
1.928753e+002	-7.158840e+001
1.925185e+002	-9.532287e+001
1.924454e+002	-1.049997e+002
1.926558e+002	-1.006193e+002
1.929904e+002	-9.008842e+001
1.931654e+002	-8.746478e+001
1.932695e+002	-8.835600e+001
1.932495e+002	-9.539722e+001
1.932295e+002	-1.024384e+002
1.934222e+002	-9.893642e+001
1.939872e+002	-7.698394e+001
1.944280e+002	-6.118148e+001
1.948335e+002	-4.713620e+001
1.948312e+002	-5.329904e+001
1.951303e+002	-4.452540e+001
1.954471e+002	-3.487337e+001
1.954980e+002	-3.840018e+001
1.951235e+002	-6.301303e+001
1.950504e+002	-7.268984e+001
1.953849e+002	-6.215943e+001
1.950813e+002	-8.325787e+001
1.949372e+002	-9.644911e+001
1.954313e+002	-7.801104e+001
1.958722e+002	-6.220900e+001
1.957990e+002	-7.188581e+001
1.958677e+002	-7.453380e+001
1.957945e+002	-8.421105e+001
1.961645e+002	-7.192300e+001
1.964458e+002	-6.402818e+001
1.963195e+002	-7.634058e+001
1.962109e+002	-8.777459e+001
1.964213e+002	-8.339419e+001
1.965254e+002	-8.428541e+001
1.967004e+002	-8.166176e+001
1.967513e+002	-8.518858e+001
1.966782e+002	-9.486539e+001
1.967291e+002	-9.839220e+001
1.971877e+002	-8.171133e+001
1.972564e+002	-8.435977e+001
1.973073e+002	-8.788613e+001
1.975886e+002	-7.999131e+001
1.980295e+002	-6.418928e+001
1.983286e+002	-5.541563e+001
1.985922e+002	-4.839920e+001
1.985545e+002	-5.631880e+001
1.986763e+002	-5.633119e+001
1.989222e+002	-5.019358e+001
1.988491e+002	-5.987039e+001
1.985632e+002	-8.009046e+001
1.982596e+002	-1.011893e+002
1.983992e+002	-1.003229e+002
1.986628e+002	-9.330645e+001
1.990150e+002	-8.189722e+001
1.991723e+002	-8.015241e+001
1.992941e+002	-8.016481e+001
1.997705e+002	-6.260557e+001
1.999809e+002	-5.822472e+001
1.998546e+002	-7.053755e+001
1.999409e+002	-7.230716e+001
2.000273e+002	-7.407676e+001
1.997769e+002	-9.253961e+001
1.997392e+002	-1.004592e+002
2.001623e+002	-8.553556e+001
2.006918e+002	-6.534030e+001
2.010441e+002	-5.393106e+001
2.011482e+002	-5.482183e+001
2.010750e+002	-6.449909e+001
2.011614e+002	-6.626868e+001
2.011237e+002	-7.418829e+001
2.010328e+002	-8.474393e+001
2.009774e+002	-9.354192e+001
2.010992e+002	-9.355430e+001
2.014160e+002	-8.390228e+001
2.014669e+002	-8.742908e+001
2.015887e+002	-8.744148e+001
2.015333e+002	-9.623991e+001
2.015311e+002	-1.024023e+002
2.016352e+002	-1.032935e+002
2.017393e+002	-1.041843e+002
2.018256e+002	-1.059539e+002
2.020538e+002	-1.006947e+002
2.027783e+002	-7.083498e+001
2.028824e+002	-7.172576e+001
2.025965e+002	-9.194581e+001
2.026120e+002	-9.722982e+001
2.032124e+002	-7.352014e+001
2.037596e+002	-5.244648e+001
2.036865e+002	-6.212329e+001
2.032942e+002	-8.761498e+001
2.033274e+002	-9.202017e+001
2.037506e+002	-7.709652e+001
2.040497e+002	-6.832287e+001
2.039056e+002	-8.151455e+001
2.039034e+002	-8.767694e+001
2.044329e+002	-6.748167e+001
2.046256e+002	-6.397964e+001
2.047474e+002	-6.399204e+001
2.046565e+002	-7.454768e+001
2.047074e+002	-7.807448e+001
2.049711e+002	-7.105805e+001
2.051992e+002	-6.579880e+001
2.051792e+002	-7.284004e+001
2.053543e+002	-7.021640e+001
2.051570e+002	-8.604366e+001
2.048889e+002	-1.053853e+002
2.052057e+002	-9.573285e+001
2.055756e+002	-8.344525e+001
2.054670e+002	-9.487926e+001
2.050748e+002	-1.203709e+002
2.051258e+002	-1.238978e+002
2.056198e+002	-1.054597e+002
2.061848e+002	-8.350721e+001
2.062357e+002	-8.703401e+001
2.063043e+002	-8.968200e+001
2.064439e+002	-8.881556e+001
2.064593e+002	-9.409957e+001
2.067761e+002	-8.444755e+001
2.069689e+002	-8.094553e+001
2.069312e+002	-8.886513e+001
2.070353e+002	-8.975636e+001
2.071216e+002	-9.152595e+001
2.072434e+002	-9.153833e+001
2.072766e+002	-9.594354e+001
2.075225e+002	-8.980591e+001
2.076798e+002	-8.806110e+001
2.077839e+002	-8.895187e+001
2.078348e+002	-9.247869e+001
2.080098e+002	-8.985548e+001
2.080607e+002	-9.338230e+001
2.082003e+002	-9.251586e+001
2.084462e+002	-8.637825e+001
2.085148e+002	-8.902623e+001
2.083885e+002	-1.013391e+002
2.086698e+002	-9.344426e+001
2.090044e+002	-8.291341e+001
2.090021e+002	-8.907580e+001
2.092303e+002	-8.381702e+001
2.096712e+002	-6.801454e+001
2.099525e+002	-6.011972e+001
2.097553e+002	-7.594654e+001
2.094162e+002	-9.880263e+001
2.093608e+002	-1.076011e+002
2.094117e+002	-1.111274e+002
2.096576e+002	-1.049898e+002
2.102757e+002	-8.040174e+001
2.106457e+002	-6.811368e+001
2.105903e+002	-7.691211e+001
2.108007e+002	-7.253127e+001
2.110289e+002	-6.727248e+001
2.114343e+002	-5.322721e+001
2.115207e+002	-5.499681e+001
2.111462e+002	-7.960966e+001
2.108958e+002	-9.807251e+001
2.110353e+002	-9.720651e+001
2.113876e+002	-8.579728e+001
2.112967e+002	-9.635247e+001
2.112413e+002	-1.051509e+002
2.113986e+002	-1.034061e+002
2.115735e+002	-1.007829e+002
2.117663e+002	-9.728087e+001
2.119590e+002	-9.377885e+001
2.119922e+002	-9.818404e+001
2.120254e+002	-1.025897e+002
2.121472e+002	-1.026021e+002
2.125703e+002	-8.767841e+001
2.129580e+002	-7.451153e+001
2.130267e+002	-7.715996e+001
2.128649e+002	-9.122956e+001
2.127563e+002	-1.026640e+002
2.128781e+002	-1.026764e+002
2.130886e+002	-9.829557e+001
2.135294e+002	-8.249355e+001
2.137576e+002	-7.723430e+001
2.139149e+002	-7.548950e+001
2.141430e+002	-7.023027e+001
2.142294e+002	-7.199986e+001
2.140144e+002	-8.870551e+001
2.136931e+002	-1.106828e+002
2.137441e+002	-1.142096e+002
2.139545e+002	-1.098292e+002
2.143068e+002	-9.841949e+001
2.148008e+002	-7.998144e+001
2.152594e+002	-6.330057e+001
2.154167e+002	-6.155575e+001
2.154853e+002	-6.420419e+001
2.154476e+002	-7.212379e+001
2.151795e+002	-9.146502e+001
2.149113e+002	-1.108067e+002
2.153168e+002	-9.676143e+001
2.155272e+002	-9.238103e+001
2.154186e+002	-1.038150e+002
2.152036e+002	-1.205207e+002
2.152900e+002	-1.222903e+002
2.157841e+002	-1.038522e+002
2.163490e+002	-8.189974e+001
2.162050e+002	-9.509096e+001
2.160786e+002	-1.074038e+002
2.162891e+002	-1.030234e+002
2.164286e+002	-1.021570e+002
2.166745e+002	-9.601935e+001
2.167254e+002	-9.954616e+001
2.167763e+002	-1.030730e+002
2.171109e+002	-9.254212e+001
2.175163e+002	-7.849685e+001
2.176735e+002	-7.675204e+001
2.178840e+002	-7.237163e+001
2.178463e+002	-8.029123e+001
2.180745e+002	-7.503201e+001
2.183558e+002	-6.713719e+001
2.181231e+002	-8.472165e+001
2.179082e+002	-1.014273e+002
2.178705e+002	-1.093469e+002
2.181695e+002	-1.005733e+002
2.183800e+002	-9.619285e+001
2.187322e+002	-8.478362e+001
2.187477e+002	-9.006719e+001
2.185859e+002	-1.041372e+002
2.187786e+002	-1.006352e+002
2.189891e+002	-9.625481e+001
2.190045e+002	-1.015388e+002
2.189846e+002	-1.085801e+002
2.191773e+002	-1.050780e+002
2.192991e+002	-1.050904e+002
2.193323e+002	-1.094956e+002
2.195427e+002	-1.051152e+002
2.199659e+002	-9.019111e+001
2.200168e+002	-9.371792e+001
2.201563e+002	-9.285193e+001
2.202427e+002	-9.462153e+001
2.203823e+002	-9.375510e+001
2.204864e+002	-9.464631e+001
2.206259e+002	-9.377987e+001
2.204641e+002	-1.078499e+002
2.202669e+002	-1.236772e+002
2.201405e+002	-1.359896e+002
2.203864e+002	-1.298520e+002
2.208096e+002	-1.149283e+002
2.213923e+002	-9.209702e+001
2.213368e+002	-1.008955e+002
2.216714e+002	-9.036460e+001
2.222540e+002	-6.753374e+001
2.222518e+002	-7.369614e+001
2.220900e+002	-8.776619e+001
2.221586e+002	-9.041417e+001
2.226172e+002	-7.373332e+001
2.229340e+002	-6.408130e+001
2.230027e+002	-6.672972e+001
2.232663e+002	-5.971328e+001
2.230336e+002	-7.729729e+001
2.230313e+002	-8.346013e+001
2.234013e+002	-7.117208e+001
2.233813e+002	-7.821330e+001
2.234323e+002	-8.174011e+001
2.233414e+002	-9.229530e+001
2.234986e+002	-9.055048e+001
2.235673e+002	-9.319891e+001
2.236891e+002	-9.321130e+001
2.236691e+002	-1.002525e+002
2.236846e+002	-1.055365e+002
2.233987e+002	-1.257566e+002
2.230774e+002	-1.477339e+002
2.234828e+002	-1.336886e+002
2.240124e+002	-1.134933e+002
2.243646e+002	-1.020841e+002
2.245219e+002	-1.003393e+002
2.251045e+002	-7.750797e+001
2.253682e+002	-7.049153e+001
2.251532e+002	-8.719762e+001
2.250446e+002	-9.863164e+001
2.249714e+002	-1.083085e+002
2.251996e+002	-1.030492e+002
2.253569e+002	-1.013044e+002
2.254787e+002	-1.013168e+002
2.257600e+002	-9.342197e+001
2.258464e+002	-9.519158e+001
2.260923e+002	-8.905396e+001
2.263205e+002	-8.379473e+001
2.263005e+002	-9.083551e+001
2.261387e+002	-1.049056e+002
2.261187e+002	-1.119468e+002
2.265419e+002	-9.702314e+001
2.267523e+002	-9.264228e+001
2.269628e+002	-8.826188e+001
2.270137e+002	-9.178869e+001
2.272064e+002	-8.828667e+001
2.276118e+002	-7.424140e+001
2.276628e+002	-7.776820e+001
2.276428e+002	-8.480942e+001
2.278178e+002	-8.218623e+001
2.279573e+002	-8.131981e+001
2.277955e+002	-9.538985e+001
2.280237e+002	-9.013062e+001
2.285355e+002	-7.081372e+001
2.287459e+002	-6.643332e+001
2.287968e+002	-6.996013e+001
2.289718e+002	-6.733693e+001
2.293241e+002	-5.592726e+001
2.294814e+002	-5.418245e+001
2.291246e+002	-7.791692e+001
2.289097e+002	-9.462256e+001
2.288365e+002	-1.042998e+002
2.287811e+002	-1.130978e+002
2.291510e+002	-1.008102e+002
2.295210e+002	-8.852213e+001
2.298910e+002	-7.623406e+001
2.299419e+002	-7.976086e+001
2.298156e+002	-9.207371e+001
2.302033e+002	-7.890727e+001
2.308214e+002	-5.431876e+001
2.309432e+002	-5.433115e+001
2.305510e+002	-7.982284e+001
2.305133e+002	-8.774288e+001
2.308124e+002	-7.896924e+001
2.309519e+002	-7.810280e+001
2.309142e+002	-8.602285e+001
2.308411e+002	-9.569966e+001
2.306438e+002	-1.115269e+002
2.306593e+002	-1.168105e+002
2.310825e+002	-1.018868e+002
2.318424e+002	-7.026995e+001
2.322478e+002	-5.622468e+001
2.322101e+002	-6.414473e+001
2.324560e+002	-5.800666e+001
2.324537e+002	-6.416950e+001
2.324515e+002	-7.033191e+001
2.326087e+002	-6.858709e+001
2.326951e+002	-7.035669e+001
2.328346e+002	-6.949070e+001
2.328147e+002	-7.653148e+001
2.327770e+002	-8.445152e+001
2.330051e+002	-7.919229e+001
2.330915e+002	-8.096190e+001
2.328056e+002	-1.011820e+002
2.327857e+002	-1.082232e+002
2.327657e+002	-1.152640e+002
2.332243e+002	-9.858310e+001
2.340197e+002	-6.520900e+001
2.342301e+002	-6.082859e+001
2.340151e+002	-7.753423e+001
2.338534e+002	-9.160384e+001
2.339220e+002	-9.425226e+001
2.338489e+002	-1.039291e+002
2.339884e+002	-1.030631e+002
2.345888e+002	-7.935339e+001
2.348702e+002	-7.145813e+001
2.348856e+002	-7.674215e+001
2.347061e+002	-9.169058e+001
2.344380e+002	-1.110323e+002
2.347725e+002	-1.005014e+002
2.354793e+002	-7.152010e+001
2.357074e+002	-6.626132e+001
2.357052e+002	-7.242371e+001
2.353661e+002	-9.527935e+001
2.351157e+002	-1.137422e+002
2.354857e+002	-1.014546e+002
2.356429e+002	-9.970977e+001
2.357116e+002	-1.023577e+002
2.360816e+002	-9.007013e+001
2.365756e+002	-7.163163e+001
2.369279e+002	-6.022240e+001
2.368724e+002	-6.902082e+001
2.368525e+002	-7.606205e+001
2.370629e+002	-7.168120e+001
2.372556e+002	-6.817963e+001
2.373243e+002	-7.082760e+001
2.375879e+002	-6.381116e+001
2.375856e+002	-6.997401e+001
2.373707e+002	-8.667965e+001
2.372266e+002	-9.987087e+001
2.371357e+002	-1.104265e+002
2.372044e+002	-1.130745e+002
2.380175e+002	-7.882156e+001
2.385115e+002	-6.038349e+001
2.383675e+002	-7.357472e+001
2.381880e+002	-8.852361e+001
2.381680e+002	-9.556438e+001
2.385912e+002	-8.064073e+001
2.388371e+002	-7.450312e+001
2.388348e+002	-8.066552e+001
2.388325e+002	-8.682835e+001
2.388480e+002	-9.211193e+001
2.390230e+002	-8.948873e+001
2.393575e+002	-7.895787e+001
2.392667e+002	-8.951351e+001
2.391226e+002	-1.027047e+002
