    nm         	pN
0.000000e+000	7.222098e+002
-4.579048e-002	7.084757e+002
-1.330005e-001	6.927796e+002
-1.994919e-001	6.780648e+002
-2.867019e-001	6.623687e+002
-3.117809e-001	6.496156e+002
-4.818357e-001	6.299951e+002
-5.483259e-001	6.152804e+002
-6.148256e-001	6.005653e+002
-6.191942e-001	5.887933e+002
-7.685376e-001	5.701539e+002
-8.143174e-001	5.564203e+002
-9.222390e-001	5.397430e+002
-9.473179e-001	5.269900e+002
-9.931073e-001	5.132559e+002
-1.038887e+000	4.995223e+002
-1.084675e+000	4.857883e+002
-1.171888e+000	4.700920e+002
-1.196965e+000	4.573391e+002
-1.222035e+000	4.445865e+002
-1.226403e+000	4.328146e+002
-1.375745e+000	4.141752e+002
-1.400824e+000	4.014221e+002
-1.467315e+000	3.867074e+002
-1.554526e+000	3.710112e+002
-1.558894e+000	3.592393e+002
-1.583973e+000	3.464863e+002
-1.609041e+000	3.337338e+002
-1.634120e+000	3.209807e+002
-1.721331e+000	3.052845e+002
-1.808542e+000	2.895883e+002
-1.875033e+000	2.748736e+002
-1.900111e+000	2.621206e+002
-2.008033e+000	2.454433e+002
-2.053822e+000	2.317092e+002
-2.016759e+000	2.218999e+002
-2.083259e+000	2.071848e+002
-2.191181e+000	1.905075e+002
-2.236970e+000	1.767734e+002
-2.262040e+000	1.640209e+002
-2.307829e+000	1.502868e+002
-2.353618e+000	1.365527e+002
-2.502962e+000	1.179133e+002
-2.631585e+000	1.002554e+002
-2.739507e+000	8.357811e+001
-2.764585e+000	7.082511e+001
-2.789664e+000	5.807210e+001
-2.897576e+000	4.139526e+001
-2.901944e+000	2.962333e+001
-2.989154e+000	1.392712e+001
-3.076356e+000	-1.768636e+000
-3.204988e+000	-1.942699e+001
-3.250777e+000	-3.316105e+001
-3.234434e+000	-4.395192e+001
-3.218092e+000	-5.474278e+001
-3.160317e+000	-6.357106e+001
-3.102553e+000	-7.239978e+001
-3.106921e+000	-8.417173e+001
-3.132000e+000	-9.692473e+001
-2.287225e+000	-6.847280e+001
-1.628857e+000	-4.885095e+001
-1.571094e+000	-5.767968e+001
-1.430476e+000	-6.258368e+001
-1.352001e+000	-7.043134e+001
-1.273526e+000	-7.827899e+001
-1.112207e+000	-8.220237e+001
-1.178708e+000	-9.691752e+001
-1.120943e+000	-1.057462e+002
-1.104591e+000	-1.165367e+002
-9.018506e-001	-1.184979e+002
-7.612434e-001	-1.234023e+002
-6.206362e-001	-1.283068e+002
-3.971841e-001	-1.292869e+002
-7.536354e-001	-1.577371e+002
-5.923179e-001	-1.616604e+002
-7.891645e-002	-1.489056e+002
4.098161e-002	-1.547911e+002
7.803481e-002	-1.646009e+002
3.014857e-001	-1.655811e+002
4.006805e-001	-1.724473e+002
4.584452e-001	-1.812760e+002
7.647386e-001	-1.783319e+002
7.189505e-001	-1.920659e+002
9.838220e-001	-1.910840e+002
1.207273e+000	-1.920641e+002
1.202905e+000	-2.038361e+002
1.509199e+000	-2.008920e+002
1.463411e+000	-2.146260e+002
1.500464e+000	-2.244358e+002
1.641079e+000	-2.293398e+002
1.843820e+000	-2.313011e+002
2.232948e+000	-2.244331e+002
2.249301e+000	-2.352235e+002
2.307063e+000	-2.440523e+002
2.385540e+000	-2.518999e+002
2.629703e+000	-2.518990e+002
2.646045e+000	-2.626899e+002
2.765942e+000	-2.685754e+002
3.051524e+000	-2.666124e+002
3.005735e+000	-2.803464e+002
3.498426e+000	-2.685727e+002
3.701166e+000	-2.705339e+002
3.966039e+000	-2.695520e+002
5.349284e+000	-2.155927e+002
6.380454e+000	-1.783111e+002
6.603905e+000	-1.792913e+002
7.138008e+000	-1.655559e+002
7.154361e+000	-1.763463e+002
7.336390e+000	-1.792886e+002
7.787650e+000	-1.694774e+002
8.176786e+000	-1.626091e+002
8.089585e+000	-1.783048e+002
8.354458e+000	-1.773229e+002
8.640040e+000	-1.753598e+002
9.153433e+000	-1.626054e+002
9.190495e+000	-1.724148e+002
9.372526e+000	-1.753571e+002
9.202471e+000	-1.949776e+002
9.840137e+000	-1.763364e+002
1.031211e+001	-1.655441e+002
1.070125e+001	-1.586758e+002
1.088327e+001	-1.616181e+002
1.096175e+001	-1.694657e+002
1.118520e+001	-1.704459e+002
1.157434e+001	-1.635775e+002
1.185992e+001	-1.616145e+002
1.193840e+001	-1.694621e+002
1.189262e+001	-1.831958e+002
1.215749e+001	-1.822138e+002
1.236023e+001	-1.841750e+002
1.237657e+001	-1.949659e+002
1.235149e+001	-2.077189e+002
1.276134e+001	-1.998694e+002
1.286053e+001	-2.067360e+002
1.387098e+001	-1.704360e+002
1.388733e+001	-1.812264e+002
1.404865e+001	-1.851498e+002
1.466559e+001	-1.674900e+002
1.476479e+001	-1.743562e+002
1.517463e+001	-1.665072e+002
1.560519e+001	-1.576766e+002
1.663636e+001	-1.203951e+002
1.694265e+001	-1.174510e+002
1.697970e+001	-1.272608e+002
1.724458e+001	-1.262788e+002
1.761300e+001	-1.203915e+002
1.779503e+001	-1.233338e+002
1.911615e+001	-7.231774e+001
1.907036e+001	-8.605180e+001
1.925238e+001	-8.899411e+001
1.960010e+001	-8.408787e+001
1.965786e+001	-9.291658e+001
2.021269e+001	-7.819965e+001
2.002192e+001	-9.880120e+001
1.997613e+001	-1.125353e+002
2.009604e+001	-1.184204e+002
2.067156e+001	-1.027228e+002
2.048081e+001	-1.233239e+002
2.041431e+001	-1.380390e+002
2.107269e+001	-1.184167e+002
2.081979e+001	-1.419615e+002
2.089826e+001	-1.498092e+002
2.116314e+001	-1.488272e+002
2.130374e+001	-1.537316e+002
2.161004e+001	-1.507875e+002
2.189562e+001	-1.488245e+002
2.201552e+001	-1.547100e+002
2.211470e+001	-1.615766e+002
2.242100e+001	-1.586325e+002
2.270658e+001	-1.566694e+002
2.272292e+001	-1.674603e+002
2.275999e+001	-1.772697e+002
2.302486e+001	-1.762877e+002
2.295836e+001	-1.910028e+002
2.320252e+001	-1.910019e+002
2.328100e+001	-1.988496e+002
2.348374e+001	-2.008108e+002
2.341724e+001	-2.155260e+002
2.390993e+001	-2.037522e+002
2.475470e+001	-1.753003e+002
2.640718e+001	-1.085875e+002
2.654778e+001	-1.134920e+002
2.708190e+001	-9.975612e+001
2.796809e+001	-6.934207e+001
2.885428e+001	-3.892846e+001
2.851855e+001	-6.639705e+001
2.859702e+001	-7.424471e+001
2.879976e+001	-7.620594e+001
2.935459e+001	-6.148899e+001
2.945377e+001	-6.835559e+001
2.928372e+001	-8.797608e+001
2.963143e+001	-8.306982e+001
2.956493e+001	-9.778497e+001
2.985051e+001	-9.582193e+001
3.021894e+001	-8.993461e+001
3.062879e+001	-8.208515e+001
3.056229e+001	-9.680029e+001
3.059934e+001	-1.066101e+002
3.121630e+001	-8.894994e+001
3.121193e+001	-1.007219e+002
3.153894e+001	-9.679669e+001
3.172097e+001	-9.973899e+001
3.186157e+001	-1.046434e+002
3.218858e+001	-1.007183e+002
3.226705e+001	-1.085659e+002
3.240766e+001	-1.134704e+002
3.287964e+001	-1.026777e+002
3.264746e+001	-1.252410e+002
3.274665e+001	-1.321075e+002
3.286655e+001	-1.379930e+002
3.280005e+001	-1.527082e+002
3.335487e+001	-1.379912e+002
3.353690e+001	-1.409336e+002
3.338755e+001	-1.595730e+002
3.392167e+001	-1.458371e+002
3.412441e+001	-1.477983e+002
3.418217e+001	-1.566271e+002
3.448847e+001	-1.536829e+002
3.504329e+001	-1.389660e+002
3.624014e+001	-9.383635e+001
3.646359e+001	-9.481652e+001
3.658348e+001	-1.007020e+002
3.659983e+001	-1.114929e+002
3.663689e+001	-1.213022e+002
3.681892e+001	-1.242445e+002
3.706308e+001	-1.242436e+002
3.745222e+001	-1.173752e+002
3.765496e+001	-1.193365e+002
3.781628e+001	-1.232599e+002
3.793618e+001	-1.291454e+002
3.865667e+001	-1.065803e+002
3.834165e+001	-1.330679e+002
3.850297e+001	-1.369912e+002
3.916135e+001	-1.173689e+002
3.870134e+001	-1.507244e+002
3.898693e+001	-1.487614e+002
3.937607e+001	-1.418930e+002
3.933027e+001	-1.556271e+002
3.969870e+001	-1.497397e+002
3.983931e+001	-1.546442e+002
3.968998e+001	-1.732832e+002
4.003768e+001	-1.683774e+002
4.046824e+001	-1.595468e+002
4.056742e+001	-1.664134e+002
4.050094e+001	-1.811281e+002
4.084865e+001	-1.762219e+002
4.125849e+001	-1.683728e+002
4.117129e+001	-1.840686e+002
4.168468e+001	-1.713142e+002
4.246732e+001	-1.458055e+002
4.287717e+001	-1.379561e+002
4.336986e+001	-1.261823e+002
4.328265e+001	-1.418786e+002
4.387889e+001	-1.251995e+002
4.424732e+001	-1.193122e+002
4.434651e+001	-1.261787e+002
4.467351e+001	-1.222536e+002
4.609818e+001	-6.633213e+001
4.686010e+001	-4.180494e+001
4.718710e+001	-3.787975e+001
4.745197e+001	-3.689779e+001
4.742690e+001	-4.965078e+001
4.800243e+001	-3.395277e+001
4.822588e+001	-3.493295e+001
4.859431e+001	-2.904563e+001
4.885918e+001	-2.806366e+001
4.873055e+001	-4.572201e+001
4.938892e+001	-2.609971e+001
4.963309e+001	-2.609881e+001
4.989796e+001	-2.511684e+001
4.954151e+001	-5.356696e+001
5.036557e+001	-2.609610e+001
5.056831e+001	-2.805734e+001
5.046039e+001	-4.473462e+001
5.130516e+001	-1.628270e+001
5.115582e+001	-3.492213e+001
5.152425e+001	-2.903481e+001
5.166485e+001	-3.393926e+001
5.176404e+001	-4.080584e+001
5.219460e+001	-3.197531e+001
5.239734e+001	-3.393655e+001
5.255865e+001	-3.785992e+001
5.321703e+001	-1.823762e+001
5.341978e+001	-2.019886e+001
5.362251e+001	-2.216011e+001
5.392881e+001	-1.921599e+001
5.398657e+001	-2.804472e+001
5.425144e+001	-2.706275e+001
5.443347e+001	-3.000506e+001
5.436697e+001	-4.472020e+001
5.498393e+001	-2.706004e+001
5.497956e+001	-3.883197e+001
5.541012e+001	-3.000145e+001
5.565428e+001	-3.000054e+001
5.531854e+001	-5.746960e+001
5.599763e+001	-3.686623e+001
5.609682e+001	-4.373281e+001
5.642382e+001	-3.980764e+001
5.687509e+001	-2.999604e+001
5.742991e+001	-1.527910e+001
5.763265e+001	-1.724034e+001
5.777326e+001	-2.214477e+001
5.799671e+001	-2.312495e+001
5.826158e+001	-2.214297e+001
5.844361e+001	-2.508529e+001
5.848067e+001	-3.489508e+001
5.878696e+001	-3.195097e+001
5.880330e+001	-4.274182e+001
5.900604e+001	-4.470306e+001
5.947802e+001	-3.391040e+001
5.982574e+001	-2.900415e+001
5.992492e+001	-3.587074e+001
6.025193e+001	-3.194555e+001
5.985407e+001	-6.235737e+001
6.078167e+001	-2.998160e+001
6.077730e+001	-4.175355e+001
6.095934e+001	-4.469585e+001
6.087213e+001	-6.039162e+001
6.171690e+001	-3.194015e+001
6.173324e+001	-4.273100e+001
6.206024e+001	-3.880583e+001
6.215943e+001	-4.567242e+001
6.215506e+001	-5.744435e+001
6.223355e+001	-6.529156e+001
6.266409e+001	-5.646147e+001
6.317750e+001	-4.370667e+001
6.300746e+001	-6.332671e+001
6.333446e+001	-5.940153e+001
6.351649e+001	-6.234384e+001
6.373994e+001	-6.332400e+001
6.421191e+001	-5.253178e+001
6.433181e+001	-5.841686e+001
6.478307e+001	-4.860570e+001
6.523435e+001	-3.879411e+001
6.525069e+001	-4.958497e+001
6.545343e+001	-5.154620e+001
6.571830e+001	-5.056423e+001
6.612814e+001	-4.271478e+001
6.599952e+001	-6.037268e+001
6.643008e+001	-5.154260e+001
6.688134e+001	-4.173101e+001
6.729119e+001	-3.388155e+001
6.757677e+001	-3.191850e+001
6.763454e+001	-4.074722e+001
6.792012e+001	-3.878419e+001
6.814357e+001	-3.976435e+001
6.832560e+001	-4.270666e+001
6.879758e+001	-3.191400e+001
6.935240e+001	-1.719705e+001
6.899595e+001	-4.564717e+001
6.953007e+001	-3.191129e+001
6.936001e+001	-5.153178e+001
7.028763e+001	-1.915559e+001
7.011757e+001	-3.877608e+001
7.046529e+001	-3.386982e+001
7.060590e+001	-3.877427e+001
7.066366e+001	-4.760300e+001
7.134275e+001	-2.699963e+001
7.150407e+001	-3.092301e+001
7.164468e+001	-3.582746e+001
7.209594e+001	-2.601586e+001
7.202944e+001	-4.073099e+001
7.225290e+001	-4.171117e+001
7.264203e+001	-3.484278e+001
7.282407e+001	-3.778509e+001
7.281970e+001	-4.955702e+001
7.310528e+001	-4.759397e+001
7.345299e+001	-4.268773e+001
7.367645e+001	-4.366789e+001
7.406558e+001	-3.679951e+001
7.352274e+001	-7.407881e+001
7.407756e+001	-5.936186e+001
7.475664e+001	-3.875894e+001
7.446233e+001	-6.426541e+001
7.532781e+001	-3.483286e+001
7.557197e+001	-3.483196e+001
7.569187e+001	-4.071748e+001
7.601887e+001	-3.679229e+001
7.589024e+001	-5.445065e+001
7.590659e+001	-6.524107e+001
7.656496e+001	-4.561922e+001
7.705765e+001	-3.384548e+001
7.713613e+001	-4.169314e+001
7.694537e+001	-6.229425e+001
7.737592e+001	-5.346417e+001
7.782719e+001	-4.365256e+001
7.796780e+001	-4.855701e+001
7.870901e+001	-2.501044e+001
7.851826e+001	-4.561200e+001
7.901095e+001	-3.383826e+001
7.919297e+001	-3.678058e+001
7.918860e+001	-4.855251e+001
7.899785e+001	-6.915362e+001
7.946983e+001	-5.836095e+001
8.033530e+001	-2.892841e+001
8.064160e+001	-2.598430e+001
8.003663e+001	-6.620680e+001
8.030150e+001	-6.522484e+001
8.050424e+001	-6.718608e+001
8.045845e+001	-8.092015e+001
8.111683e+001	-6.129785e+001
8.138170e+001	-6.031587e+001
8.121165e+001	-7.993637e+001
8.149723e+001	-7.797332e+001
8.223844e+001	-5.442721e+001
8.227551e+001	-6.423655e+001
8.249895e+001	-6.521671e+001
8.297092e+001	-5.442450e+001
8.275946e+001	-7.600669e+001
8.358351e+001	-4.853628e+001
8.355844e+001	-6.128884e+001
8.400971e+001	-5.147768e+001
8.450240e+001	-3.970394e+001
8.406311e+001	-7.207789e+001
8.461792e+001	-5.736139e+001
8.455143e+001	-7.207610e+001
8.510624e+001	-5.735959e+001
8.528828e+001	-6.030146e+001
8.542889e+001	-6.520590e+001
8.585944e+001	-5.637581e+001
8.589650e+001	-6.618517e+001
8.591284e+001	-7.697602e+001
8.636412e+001	-6.716443e+001
8.656686e+001	-6.912567e+001
8.701812e+001	-5.931407e+001
8.734512e+001	-5.538933e+001
8.715437e+001	-7.599046e+001
8.725355e+001	-8.285704e+001
8.816045e+001	-5.146235e+001
8.784543e+001	-7.794988e+001
8.773750e+001	-9.462716e+001
8.825091e+001	-8.187236e+001
8.866076e+001	-7.402291e+001
8.882208e+001	-7.794627e+001
8.931477e+001	-6.617253e+001
8.889618e+001	-9.756587e+001
8.924390e+001	-9.265962e+001
8.955019e+001	-8.971551e+001
8.977364e+001	-9.069567e+001
9.003851e+001	-8.971370e+001
9.015841e+001	-9.559922e+001
9.029902e+001	-1.005037e+002
9.095739e+001	-8.088137e+001
9.080805e+001	-9.952079e+001
9.094866e+001	-1.044252e+002
9.158633e+001	-8.578401e+001
9.135414e+001	-1.083477e+002
9.174327e+001	-1.014793e+002
9.175962e+001	-1.122702e+002
9.212805e+001	-1.063829e+002
9.260003e+001	-9.559020e+001
9.286490e+001	-9.460822e+001
9.296409e+001	-1.014748e+002
9.312540e+001	-1.053982e+002
9.332814e+001	-1.073594e+002
9.359302e+001	-1.063775e+002
9.334013e+001	-1.299218e+002
9.395708e+001	-1.122621e+002
9.463616e+001	-9.165871e+001
9.446611e+001	-1.112792e+002
9.475169e+001	-1.093162e+002
9.497514e+001	-1.102963e+002
9.517788e+001	-1.122576e+002
9.504926e+001	-1.299155e+002
9.550052e+001	-1.201039e+002
9.535118e+001	-1.387433e+002
9.571961e+001	-1.328560e+002
9.635727e+001	-1.142152e+002
9.612509e+001	-1.367784e+002
9.643139e+001	-1.338343e+002
9.650986e+001	-1.416820e+002
9.687829e+001	-1.357947e+002
9.679108e+001	-1.514909e+002
9.684884e+001	-1.603196e+002
9.692732e+001	-1.681673e+002
9.845554e+001	-1.073405e+002
1.007501e+002	-1.021416e+001
1.010356e+002	-8.251109e+000
1.010106e+002	-2.100411e+001
1.016275e+002	-3.343966e+000
1.018510e+002	-4.324128e+000
1.020123e+002	-8.247501e+000
1.022150e+002	-1.020874e+001
1.028527e+002	8.432020e+000
1.025377e+002	-1.805550e+001
1.026576e+002	-2.394101e+001
1.029017e+002	-2.394011e+001
1.030423e+002	-2.884456e+001
1.032244e+002	-3.178687e+001
1.038620e+002	-1.314563e+001
1.039612e+002	-2.001223e+001
1.042468e+002	-1.804918e+001
1.045945e+002	-1.314294e+001
1.051493e+002	1.573549e+000
1.052278e+002	-6.273645e+000
1.054513e+002	-7.253807e+000
1.059439e+002	4.519469e+000
1.056082e+002	-2.294913e+001
1.062252e+002	-5.288962e+000
1.060965e+002	-2.294731e+001
1.067342e+002	-4.306091e+000
1.066884e+002	-1.804017e+001
1.070775e+002	-1.117178e+001
1.073217e+002	-1.117088e+001
1.078972e+002	4.526684e+000
1.080171e+002	-1.358375e+000
1.082820e+002	-3.768507e-001
1.082362e+002	-1.411048e+001
1.083975e+002	-1.803385e+001
1.089317e+002	-4.297978e+000
1.092172e+002	-2.334945e+000
1.091714e+002	-1.606901e+001
1.093120e+002	-2.097346e+001
1.098047e+002	-9.199717e+000
1.106495e+002	1.925173e+001
1.103552e+002	-6.254710e+000
1.106615e+002	-3.310601e+000
1.103465e+002	-2.979857e+001
1.110877e+002	-6.252001e+000
1.115597e+002	4.540201e+000
1.115139e+002	-9.193415e+000
1.117373e+002	-1.017358e+001
1.118986e+002	-1.409695e+001
1.119564e+002	-2.292568e+001
1.125112e+002	-8.208732e+000
1.129625e+002	1.602409e+000
1.133102e+002	6.508653e+000
1.134715e+002	2.585280e+000
1.135293e+002	-6.242990e+000
1.134214e+002	-2.292026e+001
1.137277e+002	-1.997616e+001
1.145310e+002	6.513159e+000
1.144438e+002	-9.182593e+000
1.145016e+002	-1.801131e+001
1.148286e+002	-1.408613e+001
1.154662e+002	4.554631e+000
1.156068e+002	-3.498024e-001
1.159339e+002	3.575367e+000
1.161987e+002	4.557340e+000
1.159873e+002	-1.702483e+001
1.160657e+002	-2.487249e+001
1.163513e+002	-2.290944e+001
1.165126e+002	-2.683283e+001
1.172331e+002	-4.267322e+000
1.171252e+002	-2.094460e+001
1.172865e+002	-2.486799e+001
1.178828e+002	-8.188899e+000
1.177749e+002	-2.486618e+001
1.185368e+002	-3.389800e-001
1.186774e+002	-5.242979e+000
1.186109e+002	-1.995812e+001
1.186272e+002	-3.074899e+001
1.193892e+002	-6.221345e+000
1.193434e+002	-1.995542e+001
1.199811e+002	-1.314202e+000
1.200388e+002	-1.014292e+001
1.207593e+002	1.242212e+001
1.202993e+002	-2.093288e+001
1.209577e+002	-1.310595e+000
1.214504e+002	1.046268e+001
1.209697e+002	-2.387339e+001
1.213381e+002	-1.798607e+001
1.215823e+002	-1.798516e+001
1.217436e+002	-2.190855e+001
1.219877e+002	-2.190764e+001
1.225011e+002	-9.152835e+000
1.221861e+002	-3.564082e+001
1.226995e+002	-2.288600e+001
1.231922e+002	-1.111228e+001
1.231671e+002	-2.386527e+001
1.236391e+002	-1.307260e+001
1.237590e+002	-1.895812e+001
1.240860e+002	-1.503294e+001
1.245166e+002	-6.202409e+000
1.246572e+002	-1.110686e+001
1.248806e+002	-1.208703e+001
1.251869e+002	-9.142910e+000
1.252861e+002	-1.600951e+001
1.256545e+002	-1.012219e+001
1.258780e+002	-1.110235e+001
1.261014e+002	-1.208251e+001
1.258485e+002	-3.562729e+001
1.270454e+002	9.502353e+000
1.272067e+002	5.578980e+000
1.274509e+002	5.579878e+000
1.271151e+002	-2.188870e+001
1.272765e+002	-2.581209e+001
1.277277e+002	-1.600048e+001
1.281583e+002	-7.169953e+000
1.282989e+002	-1.207440e+001
1.284395e+002	-1.697885e+001
1.288493e+002	-9.129394e+000
1.292385e+002	-2.261000e+000
1.290477e+002	-2.286256e+001
1.297268e+002	-2.259203e+000
1.300124e+002	-2.966038e-001
1.300701e+002	-9.124888e+000
1.302729e+002	-1.108613e+001
1.301857e+002	-2.678233e+001
1.305334e+002	-2.187608e+001
1.310882e+002	-7.159130e+000
1.315809e+002	4.614146e+000
1.316387e+002	-4.214124e+000
1.316550e+002	-1.500499e+001
1.317128e+002	-2.383371e+001
1.324333e+002	-1.268219e+000
1.328224e+002	5.599712e+000
1.327973e+002	-7.152829e+000
1.332072e+002	6.961769e-001
1.336170e+002	8.545632e+000
1.335091e+002	-8.131195e+000
1.336704e+002	-1.205457e+001
1.343081e+002	6.586191e+000
1.341588e+002	-1.205277e+001
1.346307e+002	-1.260091e+000
1.349370e+002	1.683554e+000
1.348291e+002	-1.499327e+001
1.353218e+002	-3.219532e+000
1.356074e+002	-1.256498e+000
1.354580e+002	-1.989591e+001
1.356815e+002	-2.087607e+001
1.361120e+002	-1.204556e+001
1.365426e+002	-3.215026e+000
1.364968e+002	-1.694909e+001
1.364717e+002	-2.970209e+001
1.370266e+002	-1.498516e+001
1.370843e+002	-2.381388e+001
1.380119e+002	8.561858e+000
1.378005e+002	-1.302031e+001
1.379825e+002	-1.596261e+001
1.385994e+002	1.697086e+000
1.385122e+002	-1.399868e+001
1.385079e+002	-2.577061e+001
1.392284e+002	-3.205102e+000
1.390998e+002	-2.086345e+001
1.395510e+002	-1.105186e+001
1.398366e+002	-9.088814e+000
1.401843e+002	-4.182570e+000
1.400764e+002	-2.085985e+001
1.402998e+002	-2.184002e+001
1.406683e+002	-1.595270e+001
1.410574e+002	-9.084309e+000
1.413637e+002	-6.140200e+000
1.416493e+002	-4.177151e+000
1.418935e+002	-4.176253e+000
1.417441e+002	-2.281568e+001
1.423404e+002	-6.136592e+000
1.424810e+002	-1.104104e+001
1.430151e+002	2.694372e+000
1.427829e+002	-1.986886e+001
1.431720e+002	-1.300047e+001
1.433955e+002	-1.398064e+001
1.444474e+002	2.428151e+001
1.440288e+002	-7.111351e+000
1.444179e+002	-2.434052e-001
1.447242e+002	2.700689e+000
1.447198e+002	-9.070792e+000
1.447983e+002	-1.691844e+001
1.450425e+002	-1.691754e+001
1.452866e+002	-1.691664e+001
1.455515e+002	-1.593467e+001
1.459614e+002	-8.085211e+000
1.460812e+002	-1.397072e+001
1.466775e+002	2.707904e+000
1.461139e+002	-3.555244e+001
1.467516e+002	-1.691122e+001
1.474100e+002	2.710613e+000
1.470742e+002	-2.475798e+001
1.477533e+002	-4.154623e+000
1.478939e+002	-9.059056e+000
1.484487e+002	5.657416e+000
1.486929e+002	5.658329e+000
1.486264e+002	-9.056362e+000
1.489948e+002	-3.169043e+000
1.488869e+002	-1.984632e+001
1.490275e+002	-2.475077e+001
1.494581e+002	-1.592024e+001
1.497023e+002	-1.591934e+001
1.501328e+002	-7.088808e+000
1.499835e+002	-2.572823e+001
1.506833e+002	-4.143801e+000
1.509896e+002	-1.199692e+000
1.508816e+002	-1.787697e+001
1.512501e+002	-1.198965e+001
1.512664e+002	-2.278052e+001
1.515520e+002	-2.081747e+001
1.517754e+002	-2.179765e+001
1.521024e+002	-1.787246e+001
1.525123e+002	-1.002301e+001
1.527979e+002	-8.059959e+000
1.531249e+002	-4.134775e+000
1.533069e+002	-7.077088e+000
1.537375e+002	1.752979e+000
1.540023e+002	2.734952e+000
1.538530e+002	-1.590401e+001
1.540350e+002	-1.884632e+001
1.545070e+002	-8.053642e+000
1.546476e+002	-1.295809e+001
1.551403e+002	-1.184364e+000
1.553223e+002	-4.126662e+000
1.555044e+002	-7.068974e+000
1.557278e+002	-8.049137e+000
1.559927e+002	-7.067163e+000
1.559262e+002	-2.178230e+001
1.563153e+002	-1.491392e+001
1.568701e+002	-1.974215e-001
1.567208e+002	-1.883640e+001
1.571099e+002	-1.196800e+001
1.574784e+002	-6.080685e+000
1.577018e+002	-7.060861e+000
1.576560e+002	-2.079493e+001
1.580659e+002	-1.294547e+001
1.580408e+002	-2.569848e+001
1.585542e+002	-1.294368e+001
1.585912e+002	-2.275347e+001
1.589804e+002	-1.588507e+001
1.594109e+002	-7.054545e+000
1.595308e+002	-1.294007e+001
1.602928e+002	1.158713e+001
1.602263e+002	-3.127565e+000
1.608018e+002	1.257000e+001
1.606111e+002	-8.031114e+000
1.607102e+002	-1.489770e+001
1.607473e+002	-2.470749e+001
1.614471e+002	-3.123059e+000
1.611113e+002	-3.059210e+001
1.614798e+002	-2.470478e+001
1.618689e+002	-1.783639e+001
1.621545e+002	-1.587335e+001
1.622123e+002	-2.470207e+001
1.625600e+002	-1.979583e+001
1.629905e+002	-1.096530e+001
1.630276e+002	-2.077509e+001
1.635617e+002	-7.039217e+000
1.634124e+002	-2.567864e+001
1.637601e+002	-2.077238e+001
1.643356e+002	-5.074372e+000
1.644141e+002	-1.292203e+001
1.649068e+002	-1.148290e+000
1.651095e+002	-3.109527e+000
1.654158e+002	-1.658676e-001
1.652458e+002	-1.978591e+001
1.653864e+002	-2.469035e+001
1.662311e+002	3.761098e+000
1.665374e+002	6.705221e+000
1.663259e+002	-1.487695e+001
1.666737e+002	-9.970707e+000
1.670421e+002	-4.083388e+000
1.671206e+002	-1.193105e+001
1.673647e+002	-1.193013e+001
1.680645e+002	9.653836e+000
1.678323e+002	-1.290941e+001
1.679937e+002	-1.683279e+001
1.682585e+002	-1.585081e+001
1.686062e+002	-1.094457e+001
1.687883e+002	-1.388686e+001
1.692395e+002	-4.075274e+000
1.693802e+002	-8.979722e+000
1.694379e+002	-1.780844e+001
1.696614e+002	-1.878860e+001
1.700091e+002	-1.388236e+001
1.699012e+002	-3.055963e+001
1.703938e+002	-1.878591e+001
1.711144e+002	3.779135e+000
1.706958e+002	-2.761373e+001
1.711471e+002	-1.780212e+001
1.718261e+002	2.800769e+000
1.718011e+002	-9.951772e+000
1.719002e+002	-1.681836e+001
1.727036e+002	9.670960e+000
1.726785e+002	-3.081581e+000
1.731091e+002	5.748485e+000
1.729597e+002	-1.289048e+001
1.729968e+002	-2.270027e+001
1.736759e+002	-2.096898e+000
1.736922e+002	-1.288777e+001
1.738328e+002	-1.779222e+001
1.742220e+002	-1.092382e+001
1.746111e+002	-4.055441e+000
1.753523e+002	1.949068e+001
1.750373e+002	-6.996841e+000
1.754678e+002	1.833225e+000
1.760226e+002	1.655018e+001
1.753555e+002	-2.661553e+001
1.757240e+002	-2.072821e+001
1.760717e+002	-1.582195e+001
1.766472e+002	-1.243895e-001
1.767878e+002	-5.028388e+000
1.772391e+002	4.782753e+000
1.774004e+002	8.593651e-001
1.772925e+002	-1.581745e+001
1.774124e+002	-2.170297e+001
1.779879e+002	-6.004958e+000
1.780042e+002	-1.679581e+001
1.782484e+002	-1.679491e+001
1.787411e+002	-5.021174e+000
1.788610e+002	-1.090670e+001
1.788566e+002	-2.267863e+001
1.790386e+002	-2.562094e+001
1.794485e+002	-1.777147e+001
1.800240e+002	-2.073457e+000
1.800196e+002	-1.384539e+001
1.799531e+002	-2.856053e+001
1.806322e+002	-7.957170e+000
1.807107e+002	-1.580483e+001
1.808098e+002	-2.267141e+001
1.817168e+002	8.723250e+000
1.815260e+002	-1.187785e+001
1.820601e+002	1.857579e+000
1.817036e+002	-2.659209e+001
1.822378e+002	-1.285621e+001
1.824819e+002	-1.285530e+001
1.826225e+002	-1.775975e+001
1.830531e+002	-8.929218e+000
1.834629e+002	-1.079764e+000
1.836242e+002	-5.003136e+000
1.835784e+002	-1.873722e+001
1.835326e+002	-3.247128e+001
1.838182e+002	-3.050825e+001
1.843109e+002	-1.873451e+001
1.841823e+002	-3.639286e+001
1.850685e+002	-5.978808e+000
1.851884e+002	-1.186432e+001
1.854325e+002	-1.186342e+001
1.860287e+002	4.815205e+000
1.859830e+002	-8.918411e+000
1.860614e+002	-1.676605e+001
1.862849e+002	-1.774623e+001
1.864876e+002	-1.970747e+001
1.868767e+002	-1.283907e+001
1.871002e+002	-1.381925e+001
1.873858e+002	-1.185620e+001
1.879406e+002	2.860284e+000
1.876463e+002	-2.264616e+001
1.878697e+002	-2.362634e+001
1.883003e+002	-1.479581e+001
1.881924e+002	-3.147308e+001
1.890785e+002	-1.059032e+000
1.889085e+002	-2.067952e+001
1.891941e+002	-1.871648e+001
1.893140e+002	-2.460199e+001
1.890818e+002	-4.716569e+001
1.899058e+002	-1.969484e+001
1.903157e+002	-1.184538e+001
1.906427e+002	-7.920211e+000
1.907833e+002	-1.282464e+001
1.908618e+002	-2.067230e+001
1.913752e+002	-7.917503e+000
1.918885e+002	4.836850e+000
1.917599e+002	-1.282104e+001
1.923562e+002	3.857586e+000
1.919997e+002	-2.459207e+001
1.929480e+002	8.764728e+000
1.930886e+002	3.860280e+000
1.932914e+002	1.899043e+000
1.929556e+002	-2.556954e+001
1.935519e+002	-8.890449e+000
1.942309e+002	1.171244e+001
1.939781e+002	-1.183186e+001
1.944707e+002	-5.857232e-002
1.944250e+002	-1.379219e+001
1.948762e+002	-3.980598e+000
1.946233e+002	-2.752537e+001
1.946604e+002	-3.733516e+001
1.955258e+002	-7.902175e+000
1.961842e+002	1.171966e+001
1.960970e+002	-3.976092e+000
1.961962e+002	-1.084268e+001
1.963782e+002	-1.378499e+001
1.967881e+002	-5.935519e+000
1.971358e+002	-1.029274e+000
1.970485e+002	-1.672549e+001
1.969199e+002	-3.438384e+001
1.974747e+002	-1.966689e+001
1.979881e+002	-6.912088e+000
1.981287e+002	-1.181654e+001
1.986836e+002	2.899951e+000
1.987413e+002	-5.928319e+000
1.987162e+002	-1.868131e+001
1.986290e+002	-3.437753e+001
1.990596e+002	-2.554699e+001
1.994487e+002	-1.867861e+001
2.002106e+002	5.848566e+000
1.998749e+002	-2.162001e+001
2.000155e+002	-2.652446e+001
2.005082e+002	-1.475072e+001
2.008559e+002	-9.844477e+000
2.012243e+002	-3.957157e+000
2.019862e+002	2.057002e+001
2.014020e+002	-1.867140e+001
2.017290e+002	-1.474621e+001
2.018696e+002	-1.965066e+001
2.021137e+002	-1.964976e+001
2.020058e+002	-3.632704e+001
2.024985e+002	-2.455330e+001
2.034882e+002	1.076565e+001
2.033803e+002	-5.911180e+000
2.032931e+002	-2.160739e+001
2.037651e+002	-1.081473e+001
2.042992e+002	2.920698e+000
2.042534e+002	-1.081292e+001
2.045804e+002	-6.887734e+000
2.047417e+002	-1.081112e+001
2.049445e+002	-1.277236e+001
2.052507e+002	-9.828250e+000
2.054121e+002	-1.375162e+001
2.054905e+002	-2.159928e+001
2.057140e+002	-2.257944e+001
2.060203e+002	-1.963534e+001
2.061609e+002	-2.453978e+001
2.066121e+002	-1.472818e+001
2.067113e+002	-2.159476e+001
2.072040e+002	-9.821035e+000
2.073032e+002	-1.668762e+001
2.073195e+002	-2.747847e+001
2.080815e+002	-2.950845e+000
2.084706e+002	3.917086e+000
2.084662e+002	-7.854379e+000
2.085861e+002	-1.373990e+001
2.089753e+002	-6.871508e+000
2.090952e+002	-1.275703e+001
2.094429e+002	-7.850772e+000
2.096249e+002	-1.079308e+001
2.098898e+002	-9.811111e+000
2.099890e+002	-1.667769e+001
2.101917e+002	-1.863893e+001
2.107465e+002	-3.921996e+000
2.110114e+002	-2.940022e+000
2.111727e+002	-6.863395e+000
2.114169e+002	-6.862497e+000
2.111433e+002	-3.138833e+001
2.116359e+002	-1.961459e+001
2.118387e+002	-2.157584e+001
2.122485e+002	-1.372637e+001
2.124720e+002	-1.470655e+001
2.126333e+002	-1.862992e+001
2.124840e+002	-3.726935e+001
2.130181e+002	-2.353347e+001
2.134486e+002	-1.470294e+001
2.138792e+002	-5.872411e+000
2.137712e+002	-2.254969e+001
2.144089e+002	-3.908464e+000
2.143424e+002	-1.862360e+001
2.142759e+002	-3.333874e+001
2.150171e+002	-9.792176e+000
2.149506e+002	-2.450732e+001
2.150291e+002	-3.235497e+001
2.156253e+002	-1.567589e+001
2.157452e+002	-2.156141e+001
2.160101e+002	-2.057944e+001
2.166064e+002	-3.900351e+000
2.166848e+002	-1.174801e+001
2.166183e+002	-2.646315e+001
2.171939e+002	-1.076514e+001
2.172930e+002	-1.763172e+001
2.175165e+002	-1.861188e+001
2.180506e+002	-4.876008e+000
2.183155e+002	-3.894034e+000
2.185803e+002	-2.912076e+000
2.186381e+002	-1.174079e+001
2.186959e+002	-2.056951e+001
2.191057e+002	-1.272006e+001
2.195570e+002	-2.908468e+000
2.192627e+002	-2.841538e+001
2.193204e+002	-3.724409e+001
2.201652e+002	-8.792181e+000
2.201608e+002	-2.056411e+001
2.202393e+002	-2.841177e+001
2.211669e+002	3.963983e+000
2.210797e+002	-1.173178e+001
2.210546e+002	-2.448477e+001
2.216095e+002	-9.767837e+000
2.217915e+002	-1.271013e+001
2.220563e+002	-1.172818e+001
2.221348e+002	-1.957582e+001
2.223168e+002	-2.251813e+001
2.225610e+002	-2.251723e+001
2.231572e+002	-5.838147e+000
2.229458e+002	-2.742077e+001
2.238527e+002	3.973892e+000
2.232063e+002	-3.821074e+001
2.241960e+002	-2.891329e+000
2.245023e+002	5.231543e-002
2.249329e+002	8.882846e+000
2.247214e+002	-1.269933e+001
2.248206e+002	-1.956591e+001
2.251890e+002	-1.367859e+001
2.253710e+002	-1.662089e+001
2.256152e+002	-1.661999e+001
2.258386e+002	-1.760017e+001
2.261863e+002	-1.269391e+001
2.264926e+002	-9.749800e+000
2.264468e+002	-2.348388e+001
2.267117e+002	-2.250191e+001
2.273701e+002	-2.879609e+000
2.279456e+002	1.281794e+001
2.276513e+002	-1.268850e+001
2.274605e+002	-3.329007e+001
2.278911e+002	-2.445954e+001
2.284874e+002	-7.780449e+000
2.286279e+002	-1.268490e+001
2.288307e+002	-1.464613e+001
2.291163e+002	-1.268309e+001
2.294847e+002	-6.795767e+000
2.297910e+002	-3.851658e+000
2.296623e+002	-2.151001e+001
2.301343e+002	-1.071734e+001
2.300678e+002	-2.543248e+001
2.306226e+002	-1.071555e+001
2.312603e+002	7.925226e+000
2.309867e+002	-1.660016e+001
2.316451e+002	3.021676e+000
2.315165e+002	-1.463621e+001
2.319263e+002	-6.786756e+000
2.320669e+002	-1.169120e+001
2.323525e+002	-9.728155e+000
2.321824e+002	-2.934866e+001
2.322816e+002	-3.621524e+001
2.326914e+002	-2.836579e+001
2.328528e+002	-3.228916e+001
2.331383e+002	-3.032611e+001
2.334239e+002	-2.836308e+001
2.343101e+002	2.050525e+000
2.342229e+002	-1.364523e+001
