    nm         	nN
0.000000e+000	-1.367010e+001
6.065544e-002	-1.368144e+001
6.485995e-002	-1.369628e+001
1.255298e-001	-1.370762e+001
1.720796e-001	-1.371984e+001
2.891860e-001	-1.372770e+001
2.792850e-001	-1.374340e+001
2.693696e-001	-1.375911e+001
2.735741e-001	-1.377395e+001
2.213277e-001	-1.379228e+001
2.961030e-001	-1.380275e+001
3.285474e-001	-1.381584e+001
3.468574e-001	-1.382980e+001
3.934073e-001	-1.384202e+001
4.258373e-001	-1.385511e+001
3.877108e-001	-1.387257e+001
4.624861e-001	-1.388304e+001
4.243453e-001	-1.390049e+001
4.991206e-001	-1.391096e+001
5.174450e-001	-1.392493e+001
5.922204e-001	-1.393540e+001
6.246504e-001	-1.394849e+001
6.006294e-001	-1.396507e+001
6.754048e-001	-1.397555e+001
6.796093e-001	-1.399038e+001
7.543846e-001	-1.400085e+001
8.150544e-001	-1.401220e+001
8.333645e-001	-1.402616e+001
8.940343e-001	-1.403751e+001
8.135481e-001	-1.405758e+001
9.024433e-001	-1.406718e+001
9.630987e-001	-1.407853e+001
1.037874e+000	-1.408900e+001
1.098544e+000	-1.410034e+001
1.116868e+000	-1.411431e+001
1.177524e+000	-1.412565e+001
1.238179e+000	-1.413700e+001
1.298849e+000	-1.414834e+001
1.317173e+000	-1.416230e+001
1.363709e+000	-1.417452e+001
1.396153e+000	-1.418761e+001
1.428583e+000	-1.420070e+001
1.432788e+000	-1.421554e+001
1.535789e+000	-1.422427e+001
1.610564e+000	-1.423474e+001
1.699459e+000	-1.424434e+001
1.746009e+000	-1.425656e+001
1.820784e+000	-1.426703e+001
1.796764e+000	-1.428361e+001
1.913870e+000	-1.429147e+001
2.002765e+000	-1.430107e+001
1.992864e+000	-1.431677e+001
2.152316e+000	-1.432201e+001
2.184746e+000	-1.433510e+001
2.217190e+000	-1.434819e+001
2.207275e+000	-1.436390e+001
2.267944e+000	-1.437524e+001
2.314480e+000	-1.438746e+001
2.361030e+000	-1.439968e+001
2.449925e+000	-1.440928e+001
2.510581e+000	-1.442063e+001
2.557131e+000	-1.443284e+001
2.646026e+000	-1.444244e+001
2.805478e+000	-1.444768e+001
2.781457e+000	-1.446426e+001
2.842126e+000	-1.447561e+001
2.846331e+000	-1.449044e+001
2.963452e+000	-1.449830e+001
3.122903e+000	-1.450353e+001
3.352926e+000	-1.450441e+001
4.881435e+000	-1.442499e+001
5.845391e+000	-1.438048e+001
5.990737e+000	-1.438659e+001
6.361902e+000	-1.437874e+001
6.606044e+000	-1.437874e+001
6.991328e+000	-1.437001e+001
7.263696e+000	-1.436826e+001
7.352591e+000	-1.437786e+001
7.469712e+000	-1.438572e+001
7.713854e+000	-1.438572e+001
8.254386e+000	-1.436739e+001
8.230365e+000	-1.438397e+001
8.163998e+000	-1.440317e+001
8.436366e+000	-1.440143e+001
8.384120e+000	-1.441975e+001
8.600037e+000	-1.442150e+001
8.886525e+000	-1.441888e+001
9.328260e+000	-1.440666e+001
9.417141e+000	-1.441626e+001
9.407240e+000	-1.443197e+001
9.679608e+000	-1.443023e+001
1.014957e+001	-1.441626e+001
1.001265e+001	-1.443983e+001
1.008742e+001	-1.445030e+001
1.050093e+001	-1.443983e+001
1.051924e+001	-1.445379e+001
1.096098e+001	-1.444157e+001
1.147328e+001	-1.442499e+001
1.146338e+001	-1.444070e+001
1.186277e+001	-1.443110e+001
1.196579e+001	-1.443983e+001
1.209701e+001	-1.444681e+001
1.222824e+001	-1.445379e+001
1.230301e+001	-1.446426e+001
1.243425e+001	-1.447124e+001
1.267840e+001	-1.447124e+001
1.314836e+001	-1.445728e+001
1.340660e+001	-1.445641e+001
1.370721e+001	-1.445292e+001
1.372554e+001	-1.446688e+001
1.396968e+001	-1.446688e+001
1.424205e+001	-1.446513e+001
1.416156e+001	-1.448521e+001
1.440570e+001	-1.448521e+001
1.459340e+001	-1.448870e+001
1.471052e+001	-1.449655e+001
1.501111e+001	-1.449306e+001
1.517058e+001	-1.449830e+001
1.547117e+001	-1.449481e+001
1.588468e+001	-1.448433e+001
1.601591e+001	-1.449132e+001
1.607657e+001	-1.450266e+001
1.620780e+001	-1.450964e+001
1.633903e+001	-1.451662e+001
1.696425e+001	-1.449306e+001
1.708137e+001	-1.450092e+001
1.715614e+001	-1.451139e+001
1.735794e+001	-1.451401e+001
1.819488e+001	-1.447735e+001
1.904592e+001	-1.443983e+001
1.960055e+001	-1.442063e+001
2.098792e+001	-1.434994e+001
2.124618e+001	-1.434906e+001
2.158912e+001	-1.434296e+001
2.142396e+001	-1.436826e+001
2.168222e+001	-1.436739e+001
2.223687e+001	-1.434819e+001
2.226930e+001	-1.436128e+001
2.255579e+001	-1.435866e+001
2.282816e+001	-1.435692e+001
2.341104e+001	-1.433597e+001
2.376808e+001	-1.432899e+001
2.353236e+001	-1.435866e+001
2.386118e+001	-1.435343e+001
2.438761e+001	-1.433597e+001
2.453295e+001	-1.434208e+001
2.511583e+001	-1.432114e+001
2.507769e+001	-1.433859e+001
2.487018e+001	-1.436652e+001
2.525547e+001	-1.435779e+001
2.562663e+001	-1.434994e+001
2.596958e+001	-1.434383e+001
2.600201e+001	-1.435692e+001
2.638730e+001	-1.434819e+001
2.657497e+001	-1.435168e+001
2.667797e+001	-1.436041e+001
2.675276e+001	-1.437088e+001
2.763203e+001	-1.433161e+001
2.789028e+001	-1.433074e+001
2.809209e+001	-1.433335e+001
2.815274e+001	-1.434470e+001
2.834044e+001	-1.434819e+001
2.857046e+001	-1.434906e+001
2.872993e+001	-1.435430e+001
2.872001e+001	-1.437001e+001
2.896415e+001	-1.437001e+001
2.963172e+001	-1.434383e+001
2.977705e+001	-1.434994e+001
2.961190e+001	-1.437524e+001
2.985605e+001	-1.437524e+001
3.038246e+001	-1.435779e+001
3.089476e+001	-1.434121e+001
3.082840e+001	-1.436041e+001
3.112901e+001	-1.435692e+001
3.150017e+001	-1.434906e+001
3.173019e+001	-1.434994e+001
3.172029e+001	-1.436565e+001
3.200678e+001	-1.436303e+001
3.192629e+001	-1.438310e+001
3.197284e+001	-1.439532e+001
3.232990e+001	-1.438834e+001
3.257404e+001	-1.438834e+001
3.328394e+001	-1.435954e+001
3.323169e+001	-1.437786e+001
3.372988e+001	-1.436216e+001
3.388935e+001	-1.436739e+001
3.399235e+001	-1.437612e+001
3.405300e+001	-1.438746e+001
3.445241e+001	-1.437786e+001
3.510586e+001	-1.435255e+001
3.529353e+001	-1.435605e+001
3.532598e+001	-1.436914e+001
3.500555e+001	-1.440405e+001
3.544730e+001	-1.439183e+001
3.563498e+001	-1.439532e+001
3.634488e+001	-1.436652e+001
3.671606e+001	-1.435866e+001
3.714367e+001	-1.434732e+001
3.719022e+001	-1.435954e+001
3.726500e+001	-1.437001e+001
3.770673e+001	-1.435779e+001
3.813436e+001	-1.434645e+001
3.822324e+001	-1.435605e+001
3.804398e+001	-1.438223e+001
3.833046e+001	-1.437961e+001
3.908271e+001	-1.434819e+001
3.908691e+001	-1.436303e+001
3.937338e+001	-1.436041e+001
3.958930e+001	-1.436216e+001
3.943826e+001	-1.438659e+001
3.934366e+001	-1.440754e+001
3.958781e+001	-1.440754e+001
4.022714e+001	-1.438310e+001
4.024546e+001	-1.439706e+001
4.046138e+001	-1.439881e+001
4.091723e+001	-1.438572e+001
4.111903e+001	-1.438834e+001
4.084095e+001	-1.442063e+001
4.116978e+001	-1.441539e+001
4.172443e+001	-1.439619e+001
4.227907e+001	-1.437699e+001
4.205746e+001	-1.440579e+001
4.247097e+001	-1.439532e+001
4.288448e+001	-1.438485e+001
4.297337e+001	-1.439444e+001
4.273764e+001	-1.442412e+001
4.291121e+001	-1.442848e+001
4.359288e+001	-1.440143e+001
4.380880e+001	-1.440317e+001
4.405294e+001	-1.440317e+001
4.398658e+001	-1.442237e+001
4.424484e+001	-1.442150e+001
4.482771e+001	-1.440055e+001
4.500129e+001	-1.440492e+001
4.486435e+001	-1.442848e+001
4.478388e+001	-1.444855e+001
4.498568e+001	-1.445117e+001
4.576615e+001	-1.441801e+001
4.579858e+001	-1.443110e+001
4.584513e+001	-1.444332e+001
4.615984e+001	-1.443895e+001
4.607937e+001	-1.445903e+001
4.646465e+001	-1.445030e+001
4.680759e+001	-1.444419e+001
4.716463e+001	-1.443721e+001
4.721118e+001	-1.444943e+001
4.714482e+001	-1.446863e+001
4.703612e+001	-1.449044e+001
4.759077e+001	-1.447124e+001
4.789137e+001	-1.446775e+001
4.826253e+001	-1.445990e+001
4.822440e+001	-1.447735e+001
4.838385e+001	-1.448259e+001
4.899496e+001	-1.445990e+001
4.887214e+001	-1.448259e+001
4.910216e+001	-1.448346e+001
4.947334e+001	-1.447561e+001
4.975982e+001	-1.447299e+001
5.006042e+001	-1.446950e+001
5.002228e+001	-1.448695e+001
5.006883e+001	-1.449917e+001
5.046822e+001	-1.448957e+001
5.048654e+001	-1.450353e+001
5.058954e+001	-1.451226e+001
5.057964e+001	-1.452797e+001
5.104961e+001	-1.451401e+001
5.147724e+001	-1.450266e+001
5.287871e+001	-1.443110e+001
5.406848e+001	-1.437263e+001
5.434087e+001	-1.437088e+001
5.444387e+001	-1.437961e+001
5.477268e+001	-1.437437e+001
5.529911e+001	-1.435692e+001
5.572673e+001	-1.434557e+001
5.570270e+001	-1.436216e+001
5.608799e+001	-1.435343e+001
5.643093e+001	-1.434732e+001
5.637868e+001	-1.436565e+001
5.665105e+001	-1.436390e+001
5.678229e+001	-1.437088e+001
5.735104e+001	-1.435081e+001
5.742582e+001	-1.436128e+001
5.758527e+001	-1.436652e+001
5.770239e+001	-1.437437e+001
5.793243e+001	-1.437524e+001
5.865644e+001	-1.434557e+001
5.873121e+001	-1.435605e+001
5.908827e+001	-1.434906e+001
5.916305e+001	-1.435954e+001
5.902611e+001	-1.438310e+001
5.919968e+001	-1.438746e+001
5.972610e+001	-1.437001e+001
6.002670e+001	-1.436652e+001
6.024261e+001	-1.436826e+001
6.061378e+001	-1.436041e+001
6.077325e+001	-1.436565e+001
6.100327e+001	-1.436652e+001
6.095102e+001	-1.438485e+001
6.147745e+001	-1.436739e+001
6.169336e+001	-1.436914e+001
6.178225e+001	-1.437874e+001
6.225222e+001	-1.436477e+001
6.275041e+001	-1.434906e+001
6.268404e+001	-1.436826e+001
6.261767e+001	-1.438746e+001
6.308765e+001	-1.437350e+001
6.361406e+001	-1.435605e+001
6.377353e+001	-1.436128e+001
6.366481e+001	-1.438310e+001
6.420536e+001	-1.436477e+001
6.453418e+001	-1.435954e+001
6.466541e+001	-1.436652e+001
6.513538e+001	-1.435255e+001
6.536541e+001	-1.435343e+001
6.504499e+001	-1.438834e+001
6.575489e+001	-1.435954e+001
6.588612e+001	-1.436652e+001
6.589033e+001	-1.438135e+001
6.595099e+001	-1.439270e+001
6.674558e+001	-1.435866e+001
6.683446e+001	-1.436826e+001
6.695159e+001	-1.437612e+001
6.761913e+001	-1.434994e+001
6.775038e+001	-1.435692e+001
6.776870e+001	-1.437088e+001
6.770234e+001	-1.439008e+001
6.822874e+001	-1.437263e+001
6.807770e+001	-1.439706e+001
6.827950e+001	-1.439968e+001
6.870713e+001	-1.438834e+001
6.893715e+001	-1.438921e+001
6.933656e+001	-1.437961e+001
6.931253e+001	-1.439619e+001
6.927439e+001	-1.441364e+001
6.947619e+001	-1.441626e+001
7.003084e+001	-1.439706e+001
7.010562e+001	-1.440754e+001
7.029331e+001	-1.441103e+001
7.086206e+001	-1.439095e+001
7.089449e+001	-1.440405e+001
7.112453e+001	-1.440492e+001
7.149570e+001	-1.439706e+001
7.172572e+001	-1.439794e+001
7.172994e+001	-1.441277e+001
7.195996e+001	-1.441364e+001
7.245815e+001	-1.439794e+001
7.242002e+001	-1.441539e+001
7.290410e+001	-1.440055e+001
7.330349e+001	-1.439095e+001
7.319480e+001	-1.441277e+001
7.277558e+001	-1.445379e+001
7.333023e+001	-1.443459e+001
7.370139e+001	-1.442674e+001
7.394553e+001	-1.442674e+001
7.431671e+001	-1.441888e+001
7.444794e+001	-1.442586e+001
7.431100e+001	-1.444943e+001
7.466806e+001	-1.444244e+001
7.510980e+001	-1.443023e+001
7.553742e+001	-1.441888e+001
7.565453e+001	-1.442674e+001
7.622330e+001	-1.440666e+001
7.745540e+001	-1.434557e+001
7.786892e+001	-1.433510e+001
7.800016e+001	-1.434208e+001
7.767973e+001	-1.437699e+001
7.781097e+001	-1.438397e+001
7.821036e+001	-1.437437e+001
7.860977e+001	-1.436477e+001
7.903738e+001	-1.435343e+001
7.912628e+001	-1.436303e+001
7.915871e+001	-1.437612e+001
7.957222e+001	-1.436565e+001
7.961876e+001	-1.437786e+001
8.013107e+001	-1.436128e+001
8.062926e+001	-1.434557e+001
8.078872e+001	-1.435081e+001
8.070825e+001	-1.437088e+001
8.092415e+001	-1.437263e+001
8.085780e+001	-1.439183e+001
8.073497e+001	-1.441452e+001
8.128962e+001	-1.439532e+001
8.188662e+001	-1.437350e+001
8.200374e+001	-1.438135e+001
8.219142e+001	-1.438485e+001
8.235089e+001	-1.439008e+001
8.219983e+001	-1.441452e+001
8.295207e+001	-1.438310e+001
8.329501e+001	-1.437699e+001
8.315808e+001	-1.440055e+001
8.357160e+001	-1.439008e+001
8.408390e+001	-1.437350e+001
8.407399e+001	-1.438921e+001
8.437460e+001	-1.438572e+001
8.460461e+001	-1.438659e+001
8.497578e+001	-1.437874e+001
8.516347e+001	-1.438223e+001
8.532292e+001	-1.438746e+001
8.569410e+001	-1.437961e+001
8.589590e+001	-1.438223e+001
8.588599e+001	-1.439794e+001
8.645475e+001	-1.437786e+001
8.674125e+001	-1.437524e+001
8.690070e+001	-1.438048e+001
8.704604e+001	-1.438659e+001
8.733253e+001	-1.438397e+001
8.788718e+001	-1.436477e+001
8.731271e+001	-1.441539e+001
8.754274e+001	-1.441626e+001
8.813974e+001	-1.439444e+001
8.851089e+001	-1.438659e+001
8.827516e+001	-1.441626e+001
8.833583e+001	-1.442761e+001
8.931389e+001	-1.438223e+001
8.995323e+001	-1.435779e+001
9.001389e+001	-1.436914e+001
8.989107e+001	-1.439183e+001
9.043161e+001	-1.437350e+001
9.118385e+001	-1.434208e+001
9.086342e+001	-1.437699e+001
9.144630e+001	-1.435605e+001
9.190216e+001	-1.434296e+001
9.166642e+001	-1.437263e+001
9.199526e+001	-1.436739e+001
9.246522e+001	-1.435343e+001
9.251177e+001	-1.436565e+001
9.258655e+001	-1.437612e+001
9.261898e+001	-1.438921e+001
9.321597e+001	-1.436739e+001
9.343189e+001	-1.436914e+001
9.347843e+001	-1.438135e+001
9.338385e+001	-1.440230e+001
9.351507e+001	-1.440928e+001
9.370277e+001	-1.441277e+001
9.439854e+001	-1.438485e+001
9.427573e+001	-1.440754e+001
9.466101e+001	-1.439881e+001
9.487692e+001	-1.440055e+001
9.571384e+001	-1.436390e+001
9.583097e+001	-1.437175e+001
9.607511e+001	-1.437175e+001
9.661564e+001	-1.435343e+001
9.667631e+001	-1.436477e+001
9.711805e+001	-1.435255e+001
9.743276e+001	-1.434819e+001
9.760633e+001	-1.435255e+001
9.828801e+001	-1.432550e+001
9.851803e+001	-1.432637e+001
9.918559e+001	-1.430019e+001
9.899220e+001	-1.432725e+001
9.905286e+001	-1.433859e+001
9.916998e+001	-1.434645e+001
9.932943e+001	-1.435168e+001
9.954535e+001	-1.435343e+001
1.000577e+002	-1.433685e+001
1.003018e+002	-1.433685e+001
1.007012e+002	-1.432725e+001
1.006772e+002	-1.434383e+001
1.011612e+002	-1.432899e+001
1.012219e+002	-1.434034e+001
1.014943e+002	-1.433859e+001
1.018796e+002	-1.432986e+001
1.018273e+002	-1.434819e+001
1.017468e+002	-1.436826e+001
1.021886e+002	-1.435605e+001
1.025456e+002	-1.434906e+001
1.030015e+002	-1.433597e+001
1.034997e+002	-1.432026e+001
1.036168e+002	-1.432812e+001
1.038892e+002	-1.432637e+001
1.040627e+002	-1.433074e+001
1.040811e+002	-1.434470e+001
1.043252e+002	-1.434470e+001
1.044988e+002	-1.434906e+001
1.046582e+002	-1.435430e+001
1.050859e+002	-1.434296e+001
1.052171e+002	-1.434994e+001
1.053201e+002	-1.435866e+001
1.056630e+002	-1.435255e+001
1.060201e+002	-1.434557e+001
1.061513e+002	-1.435255e+001
1.070165e+002	-1.431416e+001
1.071054e+002	-1.432376e+001
1.068273e+002	-1.435605e+001
1.075372e+002	-1.432725e+001
1.079084e+002	-1.431939e+001
1.074468e+002	-1.436303e+001
1.077192e+002	-1.436128e+001
1.083867e+002	-1.433510e+001
1.083486e+002	-1.435255e+001
1.088044e+002	-1.433946e+001
1.091897e+002	-1.433074e+001
1.093915e+002	-1.433335e+001
1.094381e+002	-1.434557e+001
1.097810e+002	-1.433946e+001
1.097852e+002	-1.435430e+001
1.101987e+002	-1.434383e+001
1.101888e+002	-1.435954e+001
1.107999e+002	-1.433685e+001
1.110864e+002	-1.433423e+001
1.113870e+002	-1.433074e+001
1.111795e+002	-1.435866e+001
1.118188e+002	-1.433423e+001
1.120206e+002	-1.433685e+001
1.124624e+002	-1.432463e+001
1.125513e+002	-1.433423e+001
1.127954e+002	-1.433423e+001
1.130819e+002	-1.433161e+001
1.132555e+002	-1.433597e+001
1.132032e+002	-1.435430e+001
1.134474e+002	-1.435430e+001
1.138468e+002	-1.434470e+001
1.144296e+002	-1.432376e+001
1.143633e+002	-1.434296e+001
1.143957e+002	-1.435605e+001
1.146963e+002	-1.435255e+001
1.149263e+002	-1.435343e+001
1.155939e+002	-1.432725e+001
1.157533e+002	-1.433248e+001
1.162092e+002	-1.431939e+001
1.160723e+002	-1.434296e+001
1.165140e+002	-1.433074e+001
1.167017e+002	-1.433423e+001
1.170164e+002	-1.432986e+001
1.170630e+002	-1.434208e+001
1.173353e+002	-1.434034e+001
1.172548e+002	-1.436041e+001
1.175413e+002	-1.435779e+001
1.176302e+002	-1.436739e+001
1.179590e+002	-1.436216e+001
1.184008e+002	-1.434994e+001
1.187861e+002	-1.434121e+001
1.187479e+002	-1.435866e+001
1.194155e+002	-1.433248e+001
1.195044e+002	-1.434208e+001
1.200449e+002	-1.432376e+001
1.202044e+002	-1.432899e+001
1.203779e+002	-1.433335e+001
1.205092e+002	-1.434034e+001
1.210074e+002	-1.432463e+001
1.212515e+002	-1.432463e+001
1.214956e+002	-1.432463e+001
1.217680e+002	-1.432288e+001
1.216593e+002	-1.434470e+001
1.218752e+002	-1.434645e+001
1.221052e+002	-1.434732e+001
1.224059e+002	-1.434383e+001
1.222972e+002	-1.436565e+001
1.230917e+002	-1.433161e+001
1.232935e+002	-1.433423e+001
1.233542e+002	-1.434557e+001
1.237677e+002	-1.433510e+001
1.238142e+002	-1.434732e+001
1.245665e+002	-1.431590e+001
1.246272e+002	-1.432725e+001
1.244055e+002	-1.435605e+001
1.249884e+002	-1.433510e+001
1.257266e+002	-1.430456e+001
1.257166e+002	-1.432026e+001
1.258902e+002	-1.432463e+001
1.263461e+002	-1.431154e+001
1.266749e+002	-1.430630e+001
1.266085e+002	-1.432550e+001
1.265986e+002	-1.434121e+001
1.270545e+002	-1.432812e+001
1.268046e+002	-1.435866e+001
1.273169e+002	-1.434208e+001
1.278857e+002	-1.432201e+001
1.281863e+002	-1.431852e+001
1.280776e+002	-1.434034e+001
1.279830e+002	-1.436128e+001
1.281001e+002	-1.436914e+001
1.286971e+002	-1.434732e+001
1.291247e+002	-1.433597e+001
1.293265e+002	-1.433859e+001
1.295707e+002	-1.433859e+001
1.292361e+002	-1.437437e+001
1.296779e+002	-1.436216e+001
1.300349e+002	-1.435517e+001
1.301379e+002	-1.436390e+001
1.307914e+002	-1.433859e+001
1.313319e+002	-1.432026e+001
1.317031e+002	-1.431241e+001
1.320460e+002	-1.430630e+001
1.320079e+002	-1.432376e+001
1.321391e+002	-1.433074e+001
1.321574e+002	-1.434470e+001
1.324157e+002	-1.434383e+001
1.327304e+002	-1.433946e+001
1.328334e+002	-1.434819e+001
1.332752e+002	-1.433597e+001
1.333076e+002	-1.434906e+001
1.340457e+002	-1.431852e+001
1.340640e+002	-1.433248e+001
1.342094e+002	-1.433859e+001
1.341148e+002	-1.435954e+001
1.346271e+002	-1.434296e+001
1.348148e+002	-1.434645e+001
1.354259e+002	-1.432376e+001
1.358394e+002	-1.431328e+001
1.361259e+002	-1.431066e+001
1.361442e+002	-1.432463e+001
1.366001e+002	-1.431154e+001
1.363643e+002	-1.434121e+001
1.365379e+002	-1.434557e+001
1.371349e+002	-1.432376e+001
1.369697e+002	-1.434906e+001
1.371433e+002	-1.435343e+001
1.373874e+002	-1.435343e+001
1.376175e+002	-1.435430e+001
1.382850e+002	-1.432812e+001
1.382046e+002	-1.434819e+001
1.388015e+002	-1.432637e+001
1.393562e+002	-1.430717e+001
1.394451e+002	-1.431677e+001
1.391811e+002	-1.434819e+001
1.394958e+002	-1.434383e+001
1.399799e+002	-1.432899e+001
1.400406e+002	-1.434034e+001
1.403129e+002	-1.433859e+001
1.405712e+002	-1.433772e+001
1.405189e+002	-1.435605e+001
1.407490e+002	-1.435692e+001
1.409931e+002	-1.435692e+001
1.412373e+002	-1.435692e+001
1.412697e+002	-1.437001e+001
1.418808e+002	-1.434732e+001
1.419273e+002	-1.435954e+001
1.421997e+002	-1.435779e+001
1.427261e+002	-1.434034e+001
1.430691e+002	-1.433423e+001
1.430592e+002	-1.434994e+001
1.430351e+002	-1.436652e+001
1.434063e+002	-1.435866e+001
1.436363e+002	-1.435954e+001
1.445015e+002	-1.432114e+001
1.445481e+002	-1.433335e+001
1.445805e+002	-1.434645e+001
1.450504e+002	-1.433248e+001
1.450546e+002	-1.434732e+001
1.453835e+002	-1.434208e+001
1.456558e+002	-1.434034e+001
1.458294e+002	-1.434470e+001
1.462712e+002	-1.433248e+001
1.467411e+002	-1.431852e+001
1.468724e+002	-1.432550e+001
1.467072e+002	-1.435081e+001
1.470643e+002	-1.434383e+001
1.469697e+002	-1.436477e+001
1.472985e+002	-1.435954e+001
1.480366e+002	-1.432899e+001
1.479844e+002	-1.434732e+001
1.481579e+002	-1.435168e+001
1.487126e+002	-1.433248e+001
1.489708e+002	-1.433161e+001
1.492856e+002	-1.432725e+001
1.490639e+002	-1.435605e+001
1.496327e+002	-1.433597e+001
1.497216e+002	-1.434557e+001
1.494153e+002	-1.437961e+001
1.501675e+002	-1.434819e+001
1.507222e+002	-1.432899e+001
1.507405e+002	-1.434296e+001
1.509282e+002	-1.434645e+001
1.516240e+002	-1.431852e+001
1.517834e+002	-1.432376e+001
1.518723e+002	-1.433335e+001
1.522153e+002	-1.432725e+001
1.523606e+002	-1.433335e+001
1.522096e+002	-1.435779e+001
1.527924e+002	-1.433685e+001
1.533330e+002	-1.431852e+001
1.530972e+002	-1.434819e+001
1.534402e+002	-1.434208e+001
1.537831e+002	-1.433597e+001
1.544507e+002	-1.430979e+001
1.542573e+002	-1.433685e+001
1.547696e+002	-1.432026e+001
1.546750e+002	-1.434121e+001
1.549756e+002	-1.433772e+001
1.552339e+002	-1.433685e+001
1.551252e+002	-1.435866e+001
1.556939e+002	-1.433859e+001
1.560228e+002	-1.433335e+001
1.557588e+002	-1.436477e+001
1.559465e+002	-1.436826e+001
1.562894e+002	-1.436216e+001
1.568017e+002	-1.434557e+001
1.572717e+002	-1.433161e+001
1.572618e+002	-1.434732e+001
1.572942e+002	-1.436041e+001
1.577783e+002	-1.434557e+001
1.577402e+002	-1.436303e+001
1.579278e+002	-1.436652e+001
1.585530e+002	-1.434296e+001
1.585855e+002	-1.435605e+001
1.587308e+002	-1.436216e+001
1.587350e+002	-1.437699e+001
1.590921e+002	-1.437001e+001
1.598585e+002	-1.433772e+001
1.604131e+002	-1.431852e+001
1.606431e+002	-1.431939e+001
1.605909e+002	-1.433772e+001
1.608350e+002	-1.433772e+001
1.611780e+002	-1.433161e+001
1.612810e+002	-1.434034e+001
1.617086e+002	-1.432899e+001
1.616422e+002	-1.434819e+001
1.618299e+002	-1.435168e+001
1.621870e+002	-1.434470e+001
1.623747e+002	-1.434819e+001
1.628164e+002	-1.433597e+001
1.627924e+002	-1.435255e+001
1.629659e+002	-1.435692e+001
1.633512e+002	-1.434819e+001
1.638776e+002	-1.433074e+001
1.634302e+002	-1.437350e+001
1.638861e+002	-1.436041e+001
1.644972e+002	-1.433772e+001
1.647413e+002	-1.433772e+001
1.647596e+002	-1.435168e+001
1.648626e+002	-1.436041e+001
1.653608e+002	-1.434470e+001
1.660848e+002	-1.431503e+001
1.661596e+002	-1.432550e+001
1.663191e+002	-1.433074e+001
1.661257e+002	-1.435779e+001
1.662851e+002	-1.436303e+001
1.666704e+002	-1.435430e+001
1.668581e+002	-1.435779e+001
1.672998e+002	-1.434557e+001
1.674029e+002	-1.435430e+001
1.675623e+002	-1.435954e+001
1.681875e+002	-1.433597e+001
1.683611e+002	-1.434034e+001
1.689016e+002	-1.432201e+001
1.692728e+002	-1.431416e+001
1.691500e+002	-1.433685e+001
1.692247e+002	-1.434732e+001
1.695112e+002	-1.434470e+001
1.695578e+002	-1.435692e+001
1.696467e+002	-1.436652e+001
1.704836e+002	-1.432986e+001
1.701632e+002	-1.436477e+001
1.704497e+002	-1.436216e+001
1.710608e+002	-1.433946e+001
1.712202e+002	-1.434470e+001
1.714220e+002	-1.434732e+001
1.718638e+002	-1.433510e+001
1.724749e+002	-1.431241e+001
1.726061e+002	-1.431939e+001
1.725680e+002	-1.433685e+001
1.729674e+002	-1.432725e+001
1.727881e+002	-1.435343e+001
1.731310e+002	-1.434732e+001
1.734599e+002	-1.434208e+001
1.736193e+002	-1.434732e+001
1.740328e+002	-1.433685e+001
1.745593e+002	-1.431939e+001
1.749022e+002	-1.431328e+001
1.748499e+002	-1.433161e+001
1.747836e+002	-1.435081e+001
1.746325e+002	-1.437524e+001
1.752577e+002	-1.435168e+001
1.758830e+002	-1.432812e+001
1.757743e+002	-1.434994e+001
1.760890e+002	-1.434557e+001
1.763896e+002	-1.434208e+001
1.767043e+002	-1.433772e+001
1.768496e+002	-1.434383e+001
1.771926e+002	-1.433772e+001
1.776484e+002	-1.432463e+001
1.778220e+002	-1.432899e+001
1.778544e+002	-1.434208e+001
1.780280e+002	-1.434645e+001
1.784274e+002	-1.433685e+001
1.783187e+002	-1.435866e+001
1.790427e+002	-1.432899e+001
1.794844e+002	-1.431677e+001
1.794463e+002	-1.433423e+001
1.790836e+002	-1.437175e+001
1.794547e+002	-1.436390e+001
1.802493e+002	-1.432986e+001
1.804934e+002	-1.432986e+001
1.804976e+002	-1.434470e+001
1.807277e+002	-1.434557e+001
1.812117e+002	-1.433074e+001
1.813571e+002	-1.433685e+001
1.816294e+002	-1.433510e+001
1.820994e+002	-1.432114e+001
1.826117e+002	-1.430456e+001
1.823336e+002	-1.433685e+001
1.824366e+002	-1.434557e+001
1.825537e+002	-1.435343e+001
1.828261e+002	-1.435168e+001
1.831408e+002	-1.434732e+001
1.832297e+002	-1.435692e+001
1.834738e+002	-1.435692e+001
1.840849e+002	-1.433423e+001
1.843291e+002	-1.433423e+001
1.846014e+002	-1.433248e+001
1.850714e+002	-1.431852e+001
1.853579e+002	-1.431590e+001
1.851645e+002	-1.434296e+001
1.853381e+002	-1.434732e+001
1.857939e+002	-1.433423e+001
1.856852e+002	-1.435605e+001
1.856612e+002	-1.437263e+001
1.861735e+002	-1.435605e+001
1.865447e+002	-1.434819e+001
1.864783e+002	-1.436739e+001
1.870047e+002	-1.434994e+001
1.877146e+002	-1.432114e+001
1.878176e+002	-1.432986e+001
1.881747e+002	-1.432288e+001
1.885458e+002	-1.431503e+001
1.882677e+002	-1.434732e+001
1.886248e+002	-1.434034e+001
1.886996e+002	-1.435081e+001
1.887038e+002	-1.436565e+001
1.894419e+002	-1.433510e+001
1.897001e+002	-1.433423e+001
1.896338e+002	-1.435343e+001
1.899061e+002	-1.435168e+001
1.902773e+002	-1.434383e+001
1.903944e+002	-1.435168e+001
1.906668e+002	-1.434994e+001
1.909815e+002	-1.434557e+001
1.912397e+002	-1.434470e+001
1.914839e+002	-1.434470e+001
1.914316e+002	-1.436303e+001
1.920286e+002	-1.434121e+001
1.927103e+002	-1.431416e+001
1.925310e+002	-1.434034e+001
1.927187e+002	-1.434383e+001
1.930193e+002	-1.434034e+001
1.933622e+002	-1.433423e+001
1.935076e+002	-1.434034e+001
1.936388e+002	-1.434732e+001
1.940100e+002	-1.433946e+001
1.940283e+002	-1.435343e+001
1.947241e+002	-1.432550e+001
1.949823e+002	-1.432463e+001
1.947748e+002	-1.435255e+001
1.948355e+002	-1.436390e+001
1.952066e+002	-1.435605e+001
1.961000e+002	-1.431590e+001
1.958219e+002	-1.434819e+001
1.959531e+002	-1.435517e+001
1.965925e+002	-1.433074e+001
1.967096e+002	-1.433859e+001
1.965162e+002	-1.436565e+001
1.970144e+002	-1.434994e+001
1.970609e+002	-1.436216e+001
1.972063e+002	-1.436826e+001
1.979868e+002	-1.433510e+001
1.977651e+002	-1.436390e+001
1.980657e+002	-1.436041e+001
1.984651e+002	-1.435081e+001
1.988645e+002	-1.434121e+001
1.992357e+002	-1.433335e+001
1.991552e+002	-1.435343e+001
1.994275e+002	-1.435168e+001
1.999681e+002	-1.433335e+001
1.998876e+002	-1.435343e+001
2.000894e+002	-1.435605e+001
2.003194e+002	-1.435692e+001
2.005212e+002	-1.435954e+001
2.009489e+002	-1.434819e+001
2.009389e+002	-1.436390e+001
2.010843e+002	-1.437001e+001
2.016954e+002	-1.434732e+001
2.016008e+002	-1.436826e+001
2.022401e+002	-1.434383e+001
2.025407e+002	-1.434034e+001
2.026296e+002	-1.434994e+001
2.031278e+002	-1.433423e+001
2.034284e+002	-1.433074e+001
2.036161e+002	-1.433423e+001
2.035638e+002	-1.435255e+001
2.041608e+002	-1.433074e+001
2.045178e+002	-1.432376e+001
2.046632e+002	-1.432986e+001
2.051896e+002	-1.431241e+001
2.052079e+002	-1.432637e+001
2.052686e+002	-1.433772e+001
2.057244e+002	-1.432463e+001
2.057710e+002	-1.433685e+001
2.057893e+002	-1.435081e+001
2.062734e+002	-1.433597e+001
2.064187e+002	-1.434208e+001
2.060136e+002	-1.438223e+001
2.064836e+002	-1.436826e+001
2.070100e+002	-1.435081e+001
2.071835e+002	-1.435517e+001
2.072724e+002	-1.436477e+001
2.076577e+002	-1.435605e+001
2.081418e+002	-1.434121e+001
2.081037e+002	-1.435866e+001
2.083478e+002	-1.435866e+001
2.084367e+002	-1.436826e+001
2.091325e+002	-1.434034e+001
2.095036e+002	-1.433248e+001
2.098183e+002	-1.432812e+001
2.097943e+002	-1.434470e+001
2.103772e+002	-1.432376e+001
2.108189e+002	-1.431154e+001
2.108090e+002	-1.432725e+001
2.107568e+002	-1.434557e+001
2.107327e+002	-1.436216e+001
2.107228e+002	-1.437786e+001
2.112492e+002	-1.436041e+001
2.119874e+002	-1.432986e+001
2.119775e+002	-1.434557e+001
2.123627e+002	-1.433685e+001
2.128892e+002	-1.431939e+001
2.125970e+002	-1.435255e+001
2.130105e+002	-1.434208e+001
2.134381e+002	-1.433074e+001
2.136681e+002	-1.433161e+001
2.140816e+002	-1.432114e+001
2.144246e+002	-1.431503e+001
2.144429e+002	-1.432899e+001
2.144189e+002	-1.434557e+001
2.146489e+002	-1.434645e+001
2.148507e+002	-1.434906e+001
2.152642e+002	-1.433859e+001
2.149438e+002	-1.437350e+001
2.152303e+002	-1.437088e+001
2.155591e+002	-1.436565e+001
2.157891e+002	-1.436652e+001
2.158780e+002	-1.437612e+001
2.163339e+002	-1.436303e+001
2.173119e+002	-1.431765e+001
2.172314e+002	-1.433772e+001
2.174050e+002	-1.434208e+001
2.179597e+002	-1.432288e+001
2.182179e+002	-1.432201e+001
2.181233e+002	-1.434296e+001
2.188756e+002	-1.431154e+001
2.192185e+002	-1.430543e+001
2.190674e+002	-1.432986e+001
2.193963e+002	-1.432463e+001
2.195981e+002	-1.432725e+001
2.197434e+002	-1.433335e+001
2.197053e+002	-1.435081e+001
2.197942e+002	-1.436041e+001
2.204900e+002	-1.433248e+001
2.209458e+002	-1.431939e+001
2.206254e+002	-1.435430e+001
2.211095e+002	-1.433946e+001
2.213818e+002	-1.433772e+001
2.217953e+002	-1.432725e+001
2.217008e+002	-1.434819e+001
2.219872e+002	-1.434557e+001
2.222173e+002	-1.434645e+001
2.223908e+002	-1.435081e+001
2.228608e+002	-1.433685e+001
2.232602e+002	-1.432725e+001
2.236878e+002	-1.431590e+001
2.232121e+002	-1.436041e+001
2.237527e+002	-1.434208e+001
2.239686e+002	-1.434383e+001
2.241139e+002	-1.434994e+001
2.245557e+002	-1.433772e+001
2.245175e+002	-1.435517e+001
2.250439e+002	-1.433772e+001
2.255421e+002	-1.432201e+001
2.257016e+002	-1.432725e+001
2.256776e+002	-1.434383e+001
2.255265e+002	-1.436826e+001
2.254743e+002	-1.438659e+001
2.264523e+002	-1.434121e+001
2.265977e+002	-1.434732e+001
2.269688e+002	-1.433946e+001
2.271283e+002	-1.434470e+001
2.272878e+002	-1.434994e+001
2.278142e+002	-1.433248e+001
2.278607e+002	-1.434470e+001
2.281190e+002	-1.434383e+001
2.283067e+002	-1.434732e+001
2.285085e+002	-1.434994e+001
2.289079e+002	-1.434034e+001
2.290391e+002	-1.434732e+001
2.294667e+002	-1.433597e+001
2.296120e+002	-1.434208e+001
2.296868e+002	-1.435255e+001
2.301144e+002	-1.434121e+001
2.303727e+002	-1.434034e+001
2.306027e+002	-1.434121e+001
2.308610e+002	-1.434034e+001
2.314156e+002	-1.432114e+001
2.316880e+002	-1.431939e+001
2.316358e+002	-1.433772e+001
2.317388e+002	-1.434645e+001
2.318418e+002	-1.435517e+001
2.320012e+002	-1.436041e+001
2.321748e+002	-1.436477e+001
2.325460e+002	-1.435692e+001
2.330865e+002	-1.433859e+001
2.333871e+002	-1.433510e+001
2.339276e+002	-1.431677e+001
2.340871e+002	-1.432201e+001
2.340913e+002	-1.433685e+001
2.343777e+002	-1.433423e+001
2.344102e+002	-1.434732e+001
2.347390e+002	-1.434208e+001
2.352795e+002	-1.432376e+001
2.356648e+002	-1.431503e+001
2.354150e+002	-1.434557e+001
2.355321e+002	-1.435343e+001
2.360162e+002	-1.433859e+001
2.361474e+002	-1.434557e+001
2.368150e+002	-1.431939e+001
2.369462e+002	-1.432637e+001
2.373174e+002	-1.431852e+001
2.375050e+002	-1.432201e+001
2.376645e+002	-1.432725e+001
2.373300e+002	-1.436303e+001
2.377717e+002	-1.435081e+001
2.382840e+002	-1.433423e+001
2.382600e+002	-1.435081e+001
2.383912e+002	-1.435779e+001
2.391434e+002	-1.432637e+001
