    nm         	pN
0.000000e+000	7.329997e+002
1.312739e-001	7.260206e+002
1.496216e-001	7.120590e+002
1.820516e-001	6.989682e+002
2.568763e-001	6.884987e+002
2.893359e-001	6.754097e+002
3.076550e-001	6.614463e+002
3.118613e-001	6.466103e+002
3.725454e-001	6.352665e+002
4.473702e-001	6.247970e+002
5.080543e-001	6.134532e+002
4.981479e-001	5.977445e+002
5.729448e-001	5.872733e+002
6.054044e-001	5.741843e+002
6.519759e-001	5.619679e+002
7.126600e-001	5.506240e+002
7.733442e-001	5.392802e+002
8.340283e-001	5.279364e+002
9.371064e-001	5.192139e+002
9.130594e-001	5.026309e+002
9.313784e-001	4.886676e+002
1.048568e+000	4.808177e+002
1.024521e+000	4.642347e+002
1.056981e+000	4.511456e+002
1.047075e+000	4.354370e+002
1.121871e+000	4.249658e+002
1.154331e+000	4.118768e+002
1.144397e+000	3.961664e+002
1.219222e+000	3.856969e+002
1.251681e+000	3.726079e+002
1.326477e+000	3.621367e+002
1.330684e+000	3.473007e+002
1.320778e+000	3.315921e+002
1.409715e+000	3.219952e+002
1.428034e+000	3.080318e+002
1.488718e+000	2.966880e+002
1.577655e+000	2.870911e+002
1.595974e+000	2.731277e+002
1.699052e+000	2.644052e+002
1.759735e+000	2.530614e+002
1.707465e+000	2.347332e+002
1.683418e+000	2.181502e+002
1.715877e+000	2.050612e+002
1.762449e+000	1.928448e+002
1.794881e+000	1.797540e+002
1.813227e+000	1.657923e+002
1.859800e+000	1.535759e+002
1.920483e+000	1.422321e+002
1.995279e+000	1.317609e+002
2.041851e+000	1.195444e+002
2.060198e+000	1.055828e+002
2.149107e+000	9.598417e+001
2.209820e+000	8.464211e+001
2.326981e+000	7.679047e+001
2.387665e+000	6.544665e+001
2.448349e+000	5.410282e+001
2.480809e+000	4.101379e+001
2.485015e+000	2.617778e+001
2.503334e+000	1.221437e+001
2.521681e+000	-1.747254e+000
2.596478e+000	-1.221847e+001
2.699527e+000	-2.094271e+001
2.689621e+000	-3.665134e+001
2.736193e+000	-4.886776e+001
2.811018e+000	-5.933722e+001
2.871702e+000	-7.068104e+001
2.960639e+000	-8.027788e+001
3.063688e+000	-8.900213e+001
3.124372e+000	-1.003460e+002
3.156832e+000	-1.134350e+002
3.288106e+000	-1.204140e+002
3.264087e+000	-1.369952e+002
3.310660e+000	-1.492117e+002
3.413709e+000	-1.579359e+002
3.544982e+000	-1.649150e+002
3.633919e+000	-1.745118e+002
3.708744e+000	-1.849813e+002
3.741175e+000	-1.980721e+002
3.787747e+000	-2.102885e+002
3.933162e+000	-2.163932e+002
4.205671e+000	-2.146391e+002
4.266356e+000	-2.259829e+002
4.425883e+000	-2.312149e+002
4.500706e+000	-2.416844e+002
4.603758e+000	-2.504086e+002
4.678553e+000	-2.608799e+002
4.795743e+000	-2.687297e+002
5.237687e+000	-2.564991e+002
5.354847e+000	-2.643507e+002
5.457896e+000	-2.730750e+002
5.151463e+000	-3.071189e+002
5.155669e+000	-3.219549e+002
5.414039e+000	-3.210752e+002
5.870122e+000	-3.079702e+002
6.227336e+000	-3.009787e+002
6.965806e+000	-2.704128e+002
8.396206e+000	-1.970627e+002
9.628891e+000	-1.359379e+002
9.717829e+000	-1.455348e+002
1.052689e+001	-1.106040e+002
1.102534e+001	-9.487942e+001
1.122723e+001	-9.749190e+001
1.185275e+001	-7.391033e+001
1.215348e+001	-7.041105e+001
1.259543e+001	-5.818040e+001
1.274084e+001	-6.428507e+001
1.288626e+001	-7.038972e+001
1.327172e+001	-6.165127e+001
1.403845e+001	-2.933835e+001
1.391556e+001	-5.203311e+001
1.396213e+001	-6.424954e+001
1.444644e+001	-4.939931e+001
1.478954e+001	-4.328045e+001
1.503379e+001	-4.327334e+001
1.522157e+001	-4.675842e+001
1.528226e+001	-5.810225e+001
1.535705e+001	-6.857347e+001
1.598257e+001	-4.499189e+001
1.631156e+001	-3.974563e+001
1.675350e+001	-2.751499e+001
1.729429e+001	-9.172582e+000
1.712906e+001	-3.448515e+001
1.737332e+001	-3.447804e+001
1.763169e+001	-3.359834e+001
1.801715e+001	-2.485988e+001
1.843084e+001	-1.437622e+001
1.842094e+001	-3.008484e+001
1.874992e+001	-2.483857e+001
1.896593e+001	-2.657844e+001
1.894191e+001	-4.315965e+001
1.929912e+001	-3.616818e+001
1.940217e+001	-4.489243e+001
1.940638e+001	-5.972844e+001
1.976362e+001	-5.273519e+001
1.999374e+001	-5.360245e+001
2.049219e+001	-3.787786e+001
2.058109e+001	-4.747648e+001
2.078302e+001	-5.008718e+001
2.106961e+001	-4.746227e+001
2.120091e+001	-5.443954e+001
2.171347e+001	-3.784233e+001
2.209894e+001	-2.910388e+001
2.196194e+001	-5.267123e+001
2.257331e+001	-2.996405e+001
2.228099e+001	-6.313536e+001
2.215813e+001	-8.582834e+001
2.255771e+001	-7.621729e+001
2.295729e+001	-6.660622e+001
2.327213e+001	-6.223434e+001
2.362937e+001	-5.524108e+001
2.393011e+001	-5.174179e+001
2.414611e+001	-5.348167e+001
2.419269e+001	-6.569811e+001
2.430988e+001	-7.354797e+001
2.470945e+001	-6.393691e+001
2.493960e+001	-6.480240e+001
2.522619e+001	-6.217750e+001
2.541397e+001	-6.566258e+001
2.591242e+001	-4.993797e+001
2.631200e+001	-4.032692e+001
2.648564e+001	-4.468637e+001
2.637689e+001	-6.650676e+001
2.676235e+001	-5.776830e+001
2.726077e+001	-4.204548e+001
2.698257e+001	-7.434418e+001
2.743865e+001	-6.123917e+001
2.772527e+001	-5.861248e+001
2.780007e+001	-6.908371e+001
2.810080e+001	-6.558442e+001
2.802031e+001	-8.565781e+001
2.847636e+001	-7.255458e+001
2.890419e+001	-6.119654e+001
2.896488e+001	-7.254036e+001
2.913855e+001	-7.689804e+001
2.950987e+001	-6.903397e+001
2.949996e+001	-8.474258e+001
3.008311e+001	-6.378060e+001
3.012969e+001	-7.599702e+001
2.999269e+001	-9.956438e+001
3.042052e+001	-8.820635e+001
3.070714e+001	-8.557965e+001
3.088078e+001	-8.993912e+001
3.105444e+001	-9.429680e+001
3.135518e+001	-9.079752e+001
3.138764e+001	-1.038865e+002
3.185781e+001	-8.991069e+001
3.186202e+001	-1.047467e+002
3.203568e+001	-1.091044e+002
3.222346e+001	-1.125895e+002
3.245358e+001	-1.134568e+002
3.269783e+001	-1.134496e+002
3.295623e+001	-1.125682e+002
3.277687e+001	-1.387551e+002
3.309172e+001	-1.343832e+002
3.326538e+001	-1.387409e+002
3.370732e+001	-1.265103e+002
3.341500e+001	-1.596816e+002
3.353216e+001	-1.675332e+002
3.400236e+001	-1.535556e+002
3.561630e+001	-6.885634e+001
3.611472e+001	-5.313351e+001
3.659903e+001	-3.828330e+001
3.682918e+001	-3.914879e+001
3.700285e+001	-4.350647e+001
3.743065e+001	-3.215021e+001
3.761843e+001	-3.563529e+001
3.780621e+001	-3.912037e+001
3.819167e+001	-3.038192e+001
3.818177e+001	-4.609053e+001
3.839777e+001	-4.783040e+001
3.871265e+001	-4.345675e+001
3.877333e+001	-5.480056e+001
3.907407e+001	-5.130128e+001
3.974195e+001	-2.510011e+001
3.963317e+001	-4.692228e+001
3.986332e+001	-4.778778e+001
4.036174e+001	-3.206494e+001
4.077545e+001	-2.157952e+001
4.089262e+001	-2.943116e+001
4.089683e+001	-4.426717e+001
4.102813e+001	-5.124444e+001
4.145596e+001	-3.988640e+001
4.146017e+001	-5.472241e+001
4.178915e+001	-4.947613e+001
4.189220e+001	-5.820038e+001
4.239062e+001	-4.247756e+001
4.225362e+001	-6.604492e+001
4.310508e+001	-2.849283e+001
4.322224e+001	-3.634447e+001
4.326881e+001	-4.856091e+001
4.356954e+001	-4.506162e+001
4.361612e+001	-5.727804e+001
4.393096e+001	-5.290615e+001
4.406226e+001	-5.988342e+001
4.425004e+001	-6.336850e+001
4.453667e+001	-6.074181e+001
4.500683e+001	-4.676597e+001
4.508166e+001	-5.723541e+001
4.524119e+001	-6.246748e+001
4.559843e+001	-5.547422e+001
4.561674e+001	-6.943764e+001
4.608694e+001	-5.546001e+001
4.606289e+001	-7.204300e+001
4.656131e+001	-5.632018e+001
4.694678e+001	-4.758172e+001
4.714867e+001	-5.019420e+001
4.711051e+001	-6.764980e+001
4.735477e+001	-6.764270e+001
4.744371e+001	-7.723954e+001
4.791390e+001	-6.326191e+001
4.791811e+001	-7.809793e+001
4.810589e+001	-8.158301e+001
4.859020e+001	-6.673278e+001
4.880620e+001	-6.847266e+001
4.902224e+001	-7.021076e+001
4.933708e+001	-6.583888e+001
4.987787e+001	-4.749647e+001
4.969850e+001	-7.368341e+001
5.032402e+001	-5.010183e+001
5.048357e+001	-5.533211e+001
5.045953e+001	-7.191511e+001
5.105679e+001	-5.008051e+001
5.107514e+001	-6.404215e+001
5.106520e+001	-7.975254e+001
5.142245e+001	-7.275930e+001
5.149724e+001	-8.323051e+001
5.175561e+001	-8.235081e+001
5.194339e+001	-8.583589e+001
5.187701e+001	-1.050367e+002
5.216363e+001	-1.024100e+002
5.249262e+001	-9.716373e+001
5.276510e+001	-9.541141e+001
5.306584e+001	-9.191213e+001
5.318303e+001	-9.976200e+001
5.341314e+001	-1.006293e+002
5.360092e+001	-1.041144e+002
5.383107e+001	-1.049798e+002
5.425890e+001	-9.362180e+001
5.426310e+001	-1.084578e+002
5.450736e+001	-1.084507e+002
5.483635e+001	-1.032044e+002
5.496763e+001	-1.101835e+002
5.491535e+001	-1.285117e+002
5.517372e+001	-1.276320e+002
5.582749e+001	-1.023034e+002
5.585992e+001	-1.153942e+002
5.594886e+001	-1.249911e+002
5.606605e+001	-1.328409e+002
5.656447e+001	-1.171181e+002
5.699230e+001	-1.057601e+002
5.698237e+001	-1.214705e+002
5.691598e+001	-1.406713e+002
5.713199e+001	-1.424111e+002
5.750334e+001	-1.345453e+002
5.752166e+001	-1.485087e+002
5.755412e+001	-1.615977e+002
5.781249e+001	-1.607180e+002
5.801438e+001	-1.633305e+002
5.806095e+001	-1.755469e+002
5.820637e+001	-1.816516e+002
5.854947e+001	-1.755327e+002
5.870902e+001	-1.807630e+002
5.896739e+001	-1.798833e+002
5.926813e+001	-1.763840e+002
5.904640e+001	-2.051905e+002
5.937538e+001	-1.999443e+002
5.935136e+001	-2.165255e+002
5.948264e+001	-2.235045e+002
5.995284e+001	-2.095269e+002
5.978761e+001	-2.348395e+002
6.014482e+001	-2.278480e+002
6.045967e+001	-2.234761e+002
6.040739e+001	-2.418043e+002
6.041160e+001	-2.566403e+002
6.075471e+001	-2.505214e+002
6.102722e+001	-2.487674e+002
6.107378e+001	-2.609838e+002
6.119095e+001	-2.688354e+002
6.120929e+001	-2.827971e+002
6.138293e+001	-2.871565e+002
6.158483e+001	-2.897690e+002
6.181497e+001	-2.906345e+002
6.325948e+001	-2.164118e+002
6.559358e+001	-8.718320e+001
6.669917e+001	-3.391717e+001
6.723999e+001	-1.557299e+001
6.717357e+001	-3.477557e+001
6.806739e+001	5.396085e+000
6.776093e+001	-2.864959e+001
6.794871e+001	-3.213467e+001
6.827770e+001	-2.688840e+001
6.874787e+001	-1.291255e+001
6.917570e+001	-1.554511e+000
6.933525e+001	-6.784806e+000
6.933946e+001	-2.162081e+001
6.985199e+001	-5.025382e+000
7.011036e+001	-4.145682e+000
7.000161e+001	-2.596606e+001
7.028824e+001	-2.333937e+001
7.060308e+001	-1.896748e+001
7.086148e+001	-1.808600e+001
7.109160e+001	-1.895327e+001
7.129352e+001	-2.156397e+001
7.156600e+001	-1.981167e+001
7.245982e+001	2.036000e+001
7.216747e+001	-1.281308e+001
7.188929e+001	-4.511001e+001
7.210529e+001	-4.684989e+001
7.236366e+001	-4.597019e+001
7.296095e+001	-2.413382e+001
7.314873e+001	-2.761890e+001
7.353417e+001	-1.888222e+001
7.362311e+001	-2.847906e+001
7.419214e+001	-8.389680e+000
7.449288e+001	-4.890392e+000
7.468066e+001	-8.375471e+000
7.508024e+001	1.235582e+000
7.491501e+001	-2.407697e+001
7.530048e+001	-1.533852e+001
7.543175e+001	-2.231756e+001
7.608552e+001	3.010973e+000
7.656983e+001	1.786120e+001
7.636221e+001	-1.007271e+001
7.640878e+001	-2.228914e+001
7.720376e+001	1.177074e+001
7.725033e+001	-4.456622e-001
7.705685e+001	-2.750522e+001
7.724461e+001	-3.099207e+001
7.778539e+001	-1.264966e+001
7.846738e+001	1.442408e+001
7.824568e+001	-1.438065e+001
7.836284e+001	-2.223229e+001
7.874831e+001	-1.349384e+001
7.886550e+001	-2.134371e+001
7.902502e+001	-2.657577e+001
7.936812e+001	-2.045690e+001
7.931585e+001	-3.878509e+001
7.977191e+001	-2.568186e+001
8.001616e+001	-2.567475e+001
8.010510e+001	-3.527159e+001
8.034936e+001	-3.526449e+001
8.087603e+001	-1.779469e+001
8.145918e+001	3.167295e+000
8.078560e+001	-5.357847e+001
8.125577e+001	-3.960263e+001
8.155654e+001	-3.610157e+001
8.205495e+001	-2.037874e+001
8.263811e+001	5.832346e-001
8.296709e+001	5.829510e+000
8.311251e+001	-2.751448e-001
8.355445e+001	1.195548e+001
8.333272e+001	-1.685103e+001
8.347813e+001	-2.295570e+001
8.352470e+001	-3.517212e+001
8.328886e+001	-6.485124e+001
8.377317e+001	-5.000103e+001
8.418686e+001	-3.951737e+001
8.444526e+001	-3.863589e+001
8.476010e+001	-3.426399e+001
8.500437e+001	-3.425689e+001
8.547456e+001	-2.027927e+001
8.580355e+001	-1.503300e+001
8.630197e+001	6.898063e-001
8.627792e+001	-1.589316e+001
8.612680e+001	-4.033313e+001
8.675232e+001	-1.675156e+001
8.722252e+001	-2.773940e+000
8.742441e+001	-5.386417e+000
8.776751e+001	7.324456e-001
8.796940e+001	-1.880019e+000
8.787477e+001	-2.282779e+001
8.799193e+001	-3.067945e+001
8.836328e+001	-2.281358e+001
8.872050e+001	-1.582212e+001
8.855527e+001	-4.113469e+001
8.881364e+001	-4.025497e+001
8.939679e+001	-1.929298e+001
8.985288e+001	-6.187962e+000
9.026656e+001	4.295679e+000
9.031314e+001	-7.920740e+000
9.031734e+001	-2.275675e+001
9.002502e+001	-5.592805e+001
9.025516e+001	-5.679356e+001
9.083831e+001	-3.583156e+001
9.096959e+001	-4.281060e+001
9.125621e+001	-4.018392e+001
9.145811e+001	-4.279639e+001
9.177298e+001	-3.842273e+001
9.252556e+001	-6.984181e+000
9.236034e+001	-3.229675e+001
9.243514e+001	-4.276798e+001
9.283471e+001	-3.315692e+001
9.348848e+001	-7.828365e+000
9.388806e+001	1.782675e+000
9.424527e+001	8.774153e+000
9.451778e+001	1.052824e+001
9.425371e+001	-2.089608e+001
9.463915e+001	-1.215941e+001
9.460102e+001	-2.961323e+001
9.477466e+001	-3.397268e+001
9.518838e+001	-2.348725e+001
9.554559e+001	-1.649577e+001
9.605815e+001	1.014182e-001
9.630241e+001	1.085292e-001
9.644782e+001	-5.996125e+000
9.666383e+001	-7.736001e+000
9.686572e+001	-1.034848e+001
9.688404e+001	-2.431189e+001
9.736834e+001	-9.461669e+000
9.745728e+001	-1.905851e+001
9.818164e+001	1.063481e+001
9.788932e+001	-2.253648e+001
9.843011e+001	-4.194074e+000
9.813778e+001	-3.736539e+001
9.849499e+001	-3.037392e+001
9.865455e+001	-3.560420e+001
9.902588e+001	-2.774013e+001
9.934075e+001	-2.336646e+001
9.951439e+001	-2.772591e+001
9.958922e+001	-3.819537e+001
9.960753e+001	-5.215877e+001
1.003036e+002	-2.421241e+001
1.006750e+002	-1.634656e+001
1.010887e+002	-5.861123e+000
1.014600e+002	2.002930e+000
1.014501e+002	-1.370567e+001
1.016097e+002	-1.893772e+001
1.016845e+002	-2.940716e+001
1.020558e+002	-2.154310e+001
1.026248e+002	-1.453705e+000
1.028409e+002	-3.193582e+000
1.028733e+002	-1.628262e+001
1.029905e+002	-2.413426e+001
1.034889e+002	-8.409655e+000
1.037049e+002	-1.014953e+001
1.041469e+002	2.081097e+000
1.042782e+002	-4.896159e+000
1.044660e+002	-8.381238e+000
1.043713e+002	-2.932901e+001
1.047850e+002	-1.884536e+001
1.052411e+002	-5.740343e+000
1.052594e+002	-1.970375e+001
1.053201e+002	-3.104758e+001
1.054090e+002	-4.064443e+001
1.058510e+002	-2.841378e+001
1.062082e+002	-2.142231e+001
1.062689e+002	-3.276614e+001
1.063437e+002	-4.323559e+001
1.064750e+002	-5.021285e+001
1.071146e+002	-2.575868e+001
1.078390e+002	3.934656e+000
1.080126e+002	-4.247953e-001
1.077344e+002	-3.272350e+001
1.076821e+002	-5.105170e+001
1.083359e+002	-2.572315e+001
1.086649e+002	-2.047688e+001
1.087962e+002	-2.745592e+001
1.089416e+002	-3.356058e+001
1.089458e+002	-4.839659e+001
1.095148e+002	-2.830720e+001
1.095473e+002	-4.139623e+001
1.099045e+002	-3.440476e+001
1.101911e+002	-3.177807e+001
1.104636e+002	-3.002577e+001
1.107361e+002	-2.827168e+001
1.112063e+002	-1.429405e+001
1.112105e+002	-2.913008e+001
1.113136e+002	-3.785432e+001
1.117979e+002	-2.300409e+001
1.117597e+002	-4.045969e+001
1.120181e+002	-3.957997e+001
1.124459e+002	-2.822195e+001
1.122807e+002	-5.353451e+001
1.123696e+002	-6.313313e+001
1.127974e+002	-5.177509e+001
1.132394e+002	-3.954446e+001
1.136107e+002	-3.167859e+001
1.137420e+002	-3.865764e+001
1.141275e+002	-2.991919e+001
1.143152e+002	-3.340426e+001
1.150961e+002	-2.187496e-001
1.151285e+002	-1.330777e+001
1.152881e+002	-1.853984e+001
1.156453e+002	-1.154836e+001
1.157484e+002	-2.027083e+001
1.154843e+002	-5.169693e+001
1.160392e+002	-3.248192e+001
1.163964e+002	-2.548868e+001
1.166124e+002	-2.722855e+001
1.168849e+002	-2.547447e+001
1.170868e+002	-2.808694e+001
1.170486e+002	-4.554254e+001
1.172505e+002	-4.815502e+001
1.174666e+002	-4.989311e+001
1.181203e+002	-2.456634e+001
1.183505e+002	-2.543184e+001
1.183829e+002	-3.852265e+001
1.189378e+002	-1.930585e+001
1.188714e+002	-3.850844e+001
1.192710e+002	-2.889560e+001
1.193599e+002	-3.849421e+001
1.196607e+002	-3.499316e+001
1.201308e+002	-2.101731e+001
1.202904e+002	-2.624759e+001
1.205064e+002	-2.798747e+001
1.210048e+002	-1.226465e+001
1.209667e+002	-2.972024e+001
1.211403e+002	-3.407792e+001
1.217235e+002	-1.311593e+001
1.219254e+002	-1.572841e+001
1.218166e+002	-3.754879e+001
1.219197e+002	-4.627303e+001
1.222063e+002	-4.364634e+001
1.225494e+002	-3.752748e+001
1.227513e+002	-4.013996e+001
1.231509e+002	-3.052889e+001
1.237199e+002	-1.043951e+001
1.238371e+002	-1.829115e+001
1.242084e+002	-1.042530e+001
1.244951e+002	-7.798616e+000
1.245134e+002	-2.176202e+001
1.249977e+002	-6.911805e+000
1.251149e+002	-1.476345e+001
1.252744e+002	-1.999373e+001
1.254904e+002	-2.173360e+001
1.257488e+002	-2.085389e+001
1.255129e+002	-5.053302e+001
1.260255e+002	-3.393582e+001
1.263121e+002	-3.130913e+001
1.265281e+002	-3.304901e+001
1.267724e+002	-3.304191e+001
1.272002e+002	-2.168387e+001
1.274868e+002	-1.905718e+001
1.276322e+002	-2.516184e+001
1.283142e+002	1.911898e+000
1.286291e+002	6.283801e+000
1.285909e+002	-1.117178e+001
1.283974e+002	-3.823133e+001
1.287547e+002	-3.123809e+001
1.291966e+002	-1.900744e+001
1.296527e+002	-5.904202e+000
1.295863e+002	-2.510500e+001
1.298447e+002	-2.422529e+001
1.300324e+002	-2.771037e+001
1.301920e+002	-3.294243e+001
1.302385e+002	-4.515886e+001
1.307370e+002	-2.943604e+001
1.312495e+002	-1.283883e+001
1.314514e+002	-1.545131e+001
1.315545e+002	-2.417555e+001
1.316010e+002	-3.639199e+001
1.319159e+002	-3.202009e+001
1.325414e+002	-8.438525e+000
1.324327e+002	-3.025890e+001
1.325075e+002	-4.072835e+001
1.327518e+002	-4.072125e+001
1.330242e+002	-3.896894e+001
1.334097e+002	-3.023048e+001
1.337810e+002	-2.236463e+001
1.337711e+002	-3.807502e+001
1.343119e+002	-1.973084e+001
1.347256e+002	-9.247181e+000
1.344615e+002	-4.067151e+001
1.348047e+002	-3.455264e+001
1.349501e+002	-4.065730e+001
1.353073e+002	-3.366582e+001
1.358198e+002	-1.707039e+001
1.360499e+002	-1.793590e+001
1.361248e+002	-2.840534e+001
1.363973e+002	-2.665303e+001
1.369522e+002	-7.436248e+000
1.369281e+002	-2.401924e+001
1.374831e+002	-4.802451e+000
1.378262e+002	1.316399e+000
1.376750e+002	-2.312532e+001
1.379899e+002	-1.875165e+001
1.382200e+002	-1.961715e+001
1.384219e+002	-2.222963e+001
1.387933e+002	-1.436555e+001
1.386704e+002	-3.705854e+001
1.393383e+002	-1.085915e+001
1.396955e+002	-3.865903e+000
1.402928e+002	1.796867e+001
1.402405e+002	-3.595180e-001
1.405553e+002	4.012371e+000
1.402772e+002	-2.828455e+001
1.405496e+002	-2.653225e+001
1.406809e+002	-3.350950e+001
1.405580e+002	-5.620426e+001
1.408023e+002	-5.619716e+001
1.412019e+002	-4.658433e+001
1.415450e+002	-4.046545e+001
1.423258e+002	-7.279939e+000
1.426125e+002	-4.653253e+000
1.424048e+002	-3.258717e+001
1.426350e+002	-3.345267e+001
1.428793e+002	-3.344556e+001
1.432506e+002	-2.557971e+001
1.433113e+002	-3.692354e+001
1.439650e+002	-1.159676e+001
1.442799e+002	-7.223091e+000
1.443830e+002	-1.594733e+001
1.442036e+002	-4.213429e+001
1.447020e+002	-2.641145e+001
1.449039e+002	-2.902393e+001
1.450917e+002	-3.250901e+001
1.455336e+002	-2.027837e+001
1.458485e+002	-1.590471e+001
1.463610e+002	6.907118e-001
1.464359e+002	-9.778734e+000
1.465813e+002	-1.588339e+001
1.462748e+002	-4.992908e+001
1.465050e+002	-5.079458e+001
1.470599e+002	-3.157958e+001
1.476571e+002	-9.743205e+000
1.473225e+002	-4.553410e+001
1.477644e+002	-3.330346e+001
1.481358e+002	-2.543761e+001
1.485636e+002	-1.408135e+001
1.485537e+002	-2.978996e+001
1.484873e+002	-4.899076e+001
1.489857e+002	-3.326793e+001
1.495829e+002	-1.143334e+001
1.496013e+002	-2.539498e+001
1.495208e+002	-4.547015e+001
1.498074e+002	-4.284347e+001
1.500234e+002	-4.458334e+001
1.502818e+002	-4.370363e+001
1.505543e+002	-4.194954e+001
1.508974e+002	-3.583067e+001
1.517206e+002	-2.556761e-002
1.519225e+002	-2.638045e+000
1.517855e+002	-2.620541e+001
1.517050e+002	-4.627881e+001
1.521469e+002	-3.404817e+001
1.526312e+002	-1.919795e+001
1.529884e+002	-1.220647e+001
1.528797e+002	-3.402685e+001
1.529686e+002	-4.362548e+001
1.535659e+002	-2.178911e+001
1.536689e+002	-3.051335e+001
1.536025e+002	-4.971592e+001
1.539880e+002	-4.097747e+001
1.542605e+002	-3.922338e+001
1.549284e+002	-1.302223e+001
1.551161e+002	-1.650909e+001
1.551486e+002	-2.959812e+001
1.555482e+002	-1.998706e+001
1.556654e+002	-2.783693e+001
1.560508e+002	-1.909848e+001
1.562809e+002	-1.996575e+001
1.561016e+002	-4.615092e+001
1.561764e+002	-5.662213e+001
1.567737e+002	-3.478755e+001
1.566932e+002	-5.486095e+001
1.574175e+002	-2.516760e+001
1.579018e+002	-1.031917e+001
1.579060e+002	-2.515339e+001
1.581785e+002	-2.340109e+001
1.583098e+002	-3.037835e+001
1.583988e+002	-3.997519e+001
1.587842e+002	-3.123853e+001
1.588731e+002	-4.083537e+001
1.589762e+002	-4.955961e+001
1.600536e+002	1.962980e+000
1.604108e+002	8.954445e+000
1.599773e+002	-3.294820e+001
1.601933e+002	-3.468808e+001
1.607058e+002	-1.809087e+001
1.608936e+002	-2.157595e+001
1.610531e+002	-2.680802e+001
1.612833e+002	-2.767351e+001
1.618382e+002	-8.458500e+000
1.620824e+002	-8.451402e+000
1.623267e+002	-8.444291e+000
1.625992e+002	-6.690206e+000
1.627023e+002	-1.541445e+001
1.630454e+002	-9.295573e+000
1.634026e+002	-2.304108e+000
1.635904e+002	-5.789187e+000
1.638205e+002	-6.654678e+000
1.640224e+002	-9.267156e+000
1.643372e+002	-4.895266e+000
1.645391e+002	-7.507744e+000
1.647128e+002	-1.186542e+001
1.646323e+002	-3.194060e+001
1.652578e+002	-8.359025e+000
1.654738e+002	-1.009890e+001
1.656898e+002	-1.183701e+001
1.654399e+002	-4.238873e+001
1.659948e+002	-2.317373e+001
1.664932e+002	-7.450896e+000
1.663280e+002	-3.276346e+001
1.666852e+002	-2.577200e+001
1.670424e+002	-1.877873e+001
1.670325e+002	-3.448913e+001
1.669661e+002	-5.368993e+001
1.677046e+002	-2.312399e+001
1.679912e+002	-2.049731e+001
1.682213e+002	-2.136280e+001
1.685362e+002	-1.699091e+001
1.685545e+002	-3.095431e+001
1.688270e+002	-2.920023e+001
1.693678e+002	-1.085782e+001
1.692167e+002	-3.529779e+001
1.696304e+002	-2.481234e+001
1.701006e+002	-1.083650e+001
1.701895e+002	-2.043336e+001
1.705609e+002	-1.256749e+001
1.709463e+002	-3.829043e+000
1.708517e+002	-2.477683e+001
1.710959e+002	-2.476972e+001
1.711566e+002	-3.611355e+001
1.715562e+002	-2.650248e+001
1.721394e+002	-5.540503e+000
1.726237e+002	9.309701e+000
1.722607e+002	-2.822815e+001
1.723073e+002	-4.044459e+001
1.728622e+002	-2.122779e+001
1.733748e+002	-4.632373e+000
1.734496e+002	-1.510182e+001
1.736374e+002	-1.858690e+001
1.739240e+002	-1.596200e+001
1.745354e+002	6.746961e+000
1.745396e+002	-8.089035e+000
1.745579e+002	-2.205244e+001
1.745621e+002	-3.688845e+001
1.752865e+002	-7.195113e+000
1.755166e+002	-8.060617e+000
1.751113e+002	-4.821629e+001
1.756803e+002	-2.812868e+001
1.759952e+002	-2.375502e+001
1.762818e+002	-2.112833e+001
1.766955e+002	-1.064466e+001
1.767986e+002	-1.936891e+001
1.768875e+002	-2.896575e+001
1.771600e+002	-2.721167e+001
1.771783e+002	-4.117509e+001
1.773096e+002	-4.815234e+001
1.780763e+002	-1.584120e+001
1.784618e+002	-7.102750e+000
1.786355e+002	-1.146043e+001
1.786961e+002	-2.280425e+001
1.792228e+002	-5.334457e+000
1.796930e+002	8.643159e+000
1.796831e+002	-7.067222e+000
1.796590e+002	-2.364843e+001
1.795503e+002	-4.546882e+001
1.795968e+002	-5.768703e+001
1.804624e+002	-1.926233e+001
1.810032e+002	-9.199281e-001
1.807815e+002	-2.972468e+001
1.809692e+002	-3.320976e+001
1.814535e+002	-1.835953e+001
1.816837e+002	-1.922681e+001
1.818856e+002	-2.183929e+001
1.820875e+002	-2.444999e+001
1.821764e+002	-3.404861e+001
1.824912e+002	-2.967495e+001
1.824107e+002	-4.975012e+001
1.831492e+002	-1.918418e+001
1.836053e+002	-6.079167e+000
1.835953e+002	-2.178955e+001
1.836843e+002	-3.138639e+001
1.841545e+002	-1.740878e+001
1.841728e+002	-3.137218e+001
1.844029e+002	-3.223769e+001
1.846189e+002	-3.397756e+001
1.848349e+002	-3.571566e+001
1.852063e+002	-2.785159e+001
1.854223e+002	-2.958968e+001
1.853418e+002	-4.966486e+001
1.855578e+002	-5.140296e+001
1.859291e+002	-4.353888e+001
1.866535e+002	-1.384554e+001
1.869966e+002	-7.726667e+000
1.867042e+002	-4.089799e+001
1.869626e+002	-4.001827e+001
1.871504e+002	-4.350335e+001
1.875217e+002	-3.563750e+001
1.879637e+002	-2.340686e+001
1.880526e+002	-3.300372e+001
1.885228e+002	-1.902787e+001
1.888941e+002	-1.116201e+001
1.893502e+002	1.941208e+000
1.894532e+002	-6.783022e+000
1.891891e+002	-3.820735e+001
1.894475e+002	-3.732764e+001
1.896918e+002	-3.732054e+001
1.902184e+002	-1.985074e+001
1.903074e+002	-2.944758e+001
1.905234e+002	-3.118746e+001
1.909371e+002	-2.070202e+001
1.909130e+002	-3.728502e+001
1.908325e+002	-5.736019e+001
1.912886e+002	-4.425517e+001
1.915893e+002	-4.075588e+001
1.923137e+002	-1.106255e+001
1.925156e+002	-1.367503e+001
1.925480e+002	-2.676405e+001
1.925522e+002	-4.160007e+001
1.929800e+002	-3.024380e+001
1.933373e+002	-2.325055e+001
1.934685e+002	-3.022959e+001
1.937975e+002	-2.498333e+001
1.939429e+002	-3.108798e+001
1.940883e+002	-3.719265e+001
1.945585e+002	-2.321502e+001
1.948310e+002	-2.146272e+001
1.947505e+002	-4.153612e+001
1.950089e+002	-4.065641e+001
1.955073e+002	-2.493359e+001
1.956668e+002	-3.016564e+001
1.955157e+002	-5.460561e+001
1.955905e+002	-6.507506e+001
1.959054e+002	-6.070316e+001
1.968274e+002	-1.878630e+001
1.968599e+002	-3.187532e+001
1.972030e+002	-2.575646e+001
1.974896e+002	-2.312977e+001
1.974514e+002	-4.058535e+001
1.977098e+002	-3.970566e+001
1.977987e+002	-4.930250e+001
1.981701e+002	-4.143665e+001
1.984002e+002	-4.230392e+001
1.991245e+002	-1.261059e+001
1.994253e+002	-9.111299e+000
1.996272e+002	-1.172199e+001
2.000409e+002	-1.238338e+000
2.001015e+002	-1.258216e+001
1.999787e+002	-3.527515e+001
2.003924e+002	-2.479149e+001
2.001706e+002	-5.359624e+001
2.005843e+002	-4.311258e+001
2.009839e+002	-3.350153e+001
2.010023e+002	-4.746315e+001
2.017125e+002	-1.864420e+001
2.024086e+002	9.303922e+000
2.026387e+002	8.436647e+000
2.022475e+002	-3.084641e+001
2.025624e+002	-2.647275e+001
2.027078e+002	-3.257740e+001
2.032063e+002	-1.685459e+001
2.035917e+002	-8.116134e+000
2.037512e+002	-1.334819e+001
2.042214e+002	6.294161e-001
2.041268e+002	-2.031834e+001
2.043569e+002	-2.118562e+001
2.044035e+002	-3.340205e+001
2.048595e+002	-2.029704e+001
2.052591e+002	-1.068597e+001
2.054187e+002	-1.591804e+001
2.057335e+002	-1.154436e+001
2.059919e+002	-1.066467e+001
2.062079e+002	-1.240454e+001
2.068334e+002	1.117702e+001
2.068235e+002	-4.531580e+000
2.069406e+002	-1.238322e+001
2.069731e+002	-2.547226e+001
2.071467e+002	-2.983171e+001
2.075746e+002	-1.847367e+001
2.080871e+002	-1.876463e+000
2.079784e+002	-2.369685e+001
2.083780e+002	-1.408580e+001
2.087916e+002	-3.602131e+000
2.095160e+002	2.609119e+001
2.093649e+002	1.651229e+000
2.092703e+002	-1.929653e+001
2.092603e+002	-3.500516e+001
2.097588e+002	-1.928232e+001
2.097771e+002	-3.324573e+001
2.100213e+002	-3.323863e+001
2.101809e+002	-3.846892e+001
2.102557e+002	-4.894014e+001
2.113613e+002	4.327652e+000
2.114785e+002	-3.523976e+000
2.114544e+002	-2.010519e+001
2.113174e+002	-4.367255e+001
2.112652e+002	-6.200075e+001
2.118201e+002	-4.278574e+001
2.124456e+002	-1.920417e+001
2.127181e+002	-1.745008e+001
2.129764e+002	-1.657037e+001
2.131501e+002	-2.092984e+001
2.136626e+002	-4.332632e+000
2.136668e+002	-1.916864e+001
2.141088e+002	-6.938012e+000
2.144378e+002	-1.691737e+000
2.145690e+002	-8.670778e+000
2.149687e+002	9.420468e-001
2.149587e+002	-1.476833e+001
2.149771e+002	-2.872997e+001
2.149813e+002	-4.356598e+001
2.153949e+002	-3.308233e+001
2.155545e+002	-3.831261e+001
2.157281e+002	-4.267206e+001
2.163113e+002	-2.171007e+001
2.165273e+002	-2.344817e+001
2.167574e+002	-2.431544e+001
2.165922e+002	-4.962801e+001
2.171471e+002	-3.041300e+001
2.176314e+002	-1.556278e+001
2.177909e+002	-2.079483e+001
2.179505e+002	-2.602512e+001
2.181947e+002	-2.601802e+001
2.182978e+002	-3.474226e+001
2.186550e+002	-2.775078e+001
2.191252e+002	-1.377317e+001
2.189176e+002	-4.170709e+001
2.189500e+002	-5.479613e+001
2.200133e+002	-4.147906e+000
2.206670e+002	2.117885e+001
2.201629e+002	-2.508857e+001
2.203648e+002	-2.770105e+001
2.203408e+002	-4.428227e+001
2.207121e+002	-3.641819e+001
2.214223e+002	-7.597457e+000
2.216525e+002	-8.464732e+000
2.216990e+002	-2.068115e+001
2.220139e+002	-1.630749e+001
2.222582e+002	-1.630038e+001
2.222765e+002	-3.026379e+001
2.226055e+002	-2.501753e+001
2.226520e+002	-3.723395e+001
2.230234e+002	-2.936988e+001
2.232676e+002	-2.936277e+001
2.234836e+002	-3.110088e+001
2.237420e+002	-3.022116e+001
2.241275e+002	-2.148271e+001
2.245129e+002	-1.274426e+001
2.248701e+002	-5.752780e+000
2.248038e+002	-2.495358e+001
2.253163e+002	-8.358147e+000
2.258288e+002	8.239044e+000
2.257483e+002	-1.183613e+001
2.258514e+002	-2.056037e+001
2.260109e+002	-2.579065e+001
2.264670e+002	-1.268741e+001
2.264288e+002	-3.014301e+001
2.271391e+002	-1.322272e+000
2.274539e+002	3.049604e+000
2.272463e+002	-2.488252e+001
2.273635e+002	-3.273417e+001
2.278619e+002	-1.700956e+001
2.284027e+002	1.332832e+000
2.282374e+002	-2.398150e+001
2.282981e+002	-3.532534e+001
2.285706e+002	-3.357124e+001
2.287019e+002	-4.054851e+001
2.292145e+002	-2.395309e+001
2.295999e+002	-1.521462e+001
2.301125e+002	1.382556e+000
2.298625e+002	-2.917093e+001
2.299938e+002	-3.614820e+001
2.304499e+002	-2.304317e+001
2.307647e+002	-1.867128e+001
2.308960e+002	-2.564855e+001
2.310273e+002	-3.262760e+001
2.314975e+002	-1.864996e+001
2.313040e+002	-4.570952e+001
2.317460e+002	-3.347888e+001
2.322726e+002	-1.600907e+001
2.327005e+002	-4.651042e+000
2.325635e+002	-2.821839e+001
2.324970e+002	-4.742098e+001
2.336591e+002	9.338997e+000
2.340870e+002	2.069704e+001
2.333569e+002	-3.954091e+001
2.337141e+002	-3.254944e+001
2.339584e+002	-3.254233e+001
2.340191e+002	-4.388438e+001
2.345457e+002	-2.641635e+001
2.350442e+002	-1.069175e+001
2.355567e+002	5.903656e+000
2.354197e+002	-1.766368e+001
2.354804e+002	-2.900751e+001
2.355835e+002	-3.772998e+001
2.358559e+002	-3.597767e+001
2.367639e+002	5.066583e+000
2.370363e+002	6.818897e+000
2.371394e+002	-1.903562e+000
2.371860e+002	-1.412177e+001
2.374867e+002	-1.062069e+001
2.376322e+002	-1.672536e+001
