    nm         	pN
0.000000e+000	5.158944e+002
-1.627285e-002	5.111631e+002
-4.983709e-002	5.058404e+002
-8.341432e-002	5.005173e+002
4.114729e-003	4.993360e+002
-2.946087e-002	4.940129e+002
-1.149252e-001	4.869152e+002
-7.929959e-002	4.839588e+002
-9.073292e-003	4.821857e+002
2.655886e-002	4.792295e+002
1.028439e-002	4.744982e+002
-4.058423e-002	4.685837e+002
-1.260527e-001	4.614859e+002
-1.250284e-001	4.573461e+002
-1.931941e-001	4.508401e+002
-1.402722e-001	4.484752e+002
-7.004591e-002	4.467021e+002
-1.036110e-001	4.413794e+002
-3.338385e-002	4.396063e+002
-1.015560e-001	4.331001e+002
-1.178297e-001	4.283687e+002
-8.220484e-002	4.254123e+002
-8.116764e-002	4.212729e+002
-1.493398e-001	4.147667e+002
-2.002141e-001	4.088520e+002
-1.299886e-001	4.070789e+002
-7.705940e-002	4.047142e+002
-7.603519e-002	4.005745e+002
-1.614987e-001	3.934768e+002
-1.950687e-001	3.881540e+002
-2.459373e-001	3.822395e+002
-1.930145e-001	3.798746e+002
-2.784846e-001	3.727768e+002
-3.120562e-001	3.674538e+002
-2.764232e-001	3.644977e+002
-2.062042e-001	3.627243e+002
-1.878699e-001	3.591765e+002
-2.387450e-001	3.532618e+002
-2.896128e-001	3.473474e+002
-2.539815e-001	3.443912e+002
-2.356594e-001	3.408430e+002
-2.865345e-001	3.349283e+002
-2.854981e-001	3.307889e+002
-2.844739e-001	3.266491e+002
-2.834432e-001	3.225096e+002
-3.343118e-001	3.165951e+002
-3.851804e-001	3.106806e+002
-5.052503e-001	3.023994e+002
-5.042269e-001	2.982596e+002
-5.550947e-001	2.923452e+002
-4.848619e-001	2.905723e+002
-4.146421e-001	2.887990e+002
-3.790107e-001	2.858428e+002
-3.260888e-001	2.834779e+002
-3.596587e-001	2.781550e+002
-4.278244e-001	2.716490e+002
-3.403011e-001	2.704675e+002
-2.873727e-001	2.681028e+002
-2.690449e-001	2.645548e+002
-3.372162e-001	2.580486e+002
-3.534834e-001	2.533174e+002
-2.832636e-001	2.515441e+002
-2.649301e-001	2.479963e+002
-2.639059e-001	2.438565e+002
-2.801731e-001	2.391254e+002
-3.310417e-001	2.332109e+002
-3.646189e-001	2.278878e+002
-4.500809e-001	2.207902e+002
-3.798619e-001	2.190169e+002
-2.231356e-001	2.202021e+002
-2.394028e-001	2.154709e+002
-3.075750e-001	2.089647e+002
-4.276448e-001	2.006835e+002
-3.747164e-001	1.983189e+002
-3.909901e-001	1.935875e+002
-4.245608e-001	1.882646e+002
-3.716316e-001	1.859000e+002
-3.014053e-001	1.841269e+002
-1.965784e-001	1.835371e+002
-1.090550e-001	1.823556e+002
-5.612581e-002	1.799910e+002
-3.779802e-002	1.764430e+002
-8.867313e-002	1.705283e+002
-8.764242e-002	1.663887e+002
-6.931464e-002	1.628407e+002
3.550580e-002	1.622507e+002
1.403335e-001	1.616610e+002
-6.623062e-002	1.504218e+002
-9.980135e-002	1.450989e+002
-6.417569e-002	1.421425e+002
-9.773993e-002	1.368198e+002
-4.481152e-002	1.344551e+002
8.110403e-003	1.320902e+002
-1.119595e-001	1.238091e+002
-1.282266e-001	1.190779e+002
-1.617974e-001	1.137550e+002
-1.607732e-001	1.096152e+002
-9.054767e-002	1.078422e+002
-3.761845e-002	1.054775e+002
1.530996e-002	1.031129e+002
-9.628901e-004	9.838152e+001
-1.723006e-002	9.365039e+001
1.839479e-002	9.069396e+001
3.672257e-002	8.714596e+001
5.505035e-002	8.359795e+001
-1.312182e-002	7.709169e+001
-1.209111e-002	7.295213e+001
6.236668e-003	6.940414e+001
7.266568e-003	6.526457e+001
-9.007095e-003	6.053322e+001
-4.257783e-002	5.521031e+001
-7.614937e-002	4.988740e+001
-1.616186e-001	4.278957e+001
-2.297835e-001	3.628354e+001
-1.249631e-001	3.569358e+001
-1.066353e-001	3.214558e+001
-1.229016e-001	2.741445e+001
-1.218782e-001	2.327467e+001
-1.554490e-001	1.795176e+001
-1.544191e-001	1.381219e+001
-1.879898e-001	8.489276e+000
-2.734590e-001	1.391450e+000
-3.243260e-001	-4.523016e+000
-2.195056e-001	-5.112968e+000
-1.319765e-001	-6.294271e+000
-1.828435e-001	-1.220875e+001
-1.126237e-001	-1.398205e+001
9.501069e-003	-1.398022e+001
4.513160e-002	-1.693643e+001
9.806164e-002	-1.930109e+001
2.028821e-001	-1.989104e+001
2.212098e-001	-2.343904e+001
1.876391e-001	-2.876195e+001
1.540684e-001	-3.408486e+001
1.031998e-001	-3.999933e+001
1.388254e-001	-4.295577e+001
2.090582e-001	-4.472863e+001
3.830750e-001	-4.295211e+001
2.976107e-001	-5.004972e+001
3.332363e-001	-5.300615e+001
4.726590e-001	-5.241276e+001
3.871898e-001	-5.951058e+001
3.363212e-001	-6.542506e+001
3.892496e-001	-6.778970e+001
5.113744e-001	-6.778788e+001
6.507971e-001	-6.719449e+001
7.037255e-001	-6.955914e+001
7.566474e-001	-7.192401e+001
7.230767e-001	-7.724692e+001
7.068103e-001	-8.197804e+001
5.348403e-001	-9.203414e+001
3.974725e-001	-1.009069e+002
4.676988e-001	-1.026800e+002
5.898236e-001	-1.026781e+002
6.427537e-001	-1.050428e+002
7.302762e-001	-1.062243e+002
7.140099e-001	-1.109554e+002
5.766421e-001	-1.198282e+002
5.430698e-001	-1.251511e+002
5.095007e-001	-1.304740e+002
4.759283e-001	-1.357969e+002
4.423527e-001	-1.411200e+002
5.125839e-001	-1.428929e+002
6.347103e-001	-1.428911e+002
1.033624e+000	-1.334231e+002
1.311444e+000	-1.280965e+002
1.779561e+000	-1.162619e+002
2.178476e+000	-1.067939e+002
2.594694e+000	-9.673416e+001
2.837914e+000	-9.259093e+001
2.925438e+000	-9.377246e+001
2.839967e+000	-1.008703e+002
2.771802e+000	-1.073763e+002
2.755529e+000	-1.121077e+002
2.843052e+000	-1.132892e+002
3.086272e+000	-1.091460e+002
3.415997e+000	-1.020443e+002
3.451623e+000	-1.050007e+002
3.262355e+000	-1.156484e+002
3.124988e+000	-1.245211e+002
3.229816e+000	-1.251108e+002
3.300035e+000	-1.268841e+002
3.456761e+000	-1.256990e+002
3.492391e+000	-1.286552e+002
3.614518e+000	-1.286533e+002
3.805837e+000	-1.262850e+002
3.893362e+000	-1.274666e+002
3.877087e+000	-1.321979e+002
3.757024e+000	-1.404789e+002
3.740757e+000	-1.452100e+002
3.966671e+000	-1.416585e+002
4.365586e+000	-1.321906e+002
4.556914e+000	-1.298221e+002
4.679038e+000	-1.298202e+002
4.662764e+000	-1.345516e+002
4.611897e+000	-1.404660e+002
4.872420e+000	-1.357310e+002
5.254031e+000	-1.268549e+002
5.843249e+000	-1.108786e+002
5.982671e+000	-1.102852e+002
6.381585e+000	-1.008172e+002
6.866999e+000	-8.839100e+001
7.300515e+000	-7.773968e+001
7.595633e+000	-7.182155e+001
7.856156e+000	-6.708654e+001
7.960984e+000	-6.767627e+001
7.927413e+000	-7.299919e+001
8.014936e+000	-7.418071e+001
7.825670e+000	-8.482836e+001
7.688302e+000	-9.370110e+001
8.156419e+000	-8.186644e+001
8.589928e+000	-7.121535e+001
8.417966e+000	-8.127121e+001
8.384395e+000	-8.659413e+001
8.887112e+000	-7.357612e+001
9.389819e+000	-6.055855e+001
9.304356e+000	-6.765615e+001
9.201583e+000	-7.534576e+001
9.756192e+000	-6.055306e+001
1.008592e+001	-5.345135e+001
1.000044e+001	-6.054940e+001
9.741986e+000	-7.356331e+001
9.864111e+000	-7.356148e+001
9.830540e+000	-7.888439e+001
1.010836e+001	-7.355782e+001
1.083597e+001	-5.284881e+001
1.113108e+001	-4.693068e+001
1.085532e+001	-6.053660e+001
1.066605e+001	-7.118425e+001
1.094387e+001	-6.585767e+001
1.127360e+001	-5.875597e+001
1.151681e+001	-5.461274e+001
1.134485e+001	-6.466883e+001
1.106908e+001	-7.827453e+001
1.157180e+001	-6.525674e+001
1.235130e+001	-4.277281e+001
1.254263e+001	-4.040429e+001
1.237066e+001	-5.046038e+001
1.249278e+001	-5.045854e+001
1.270141e+001	-4.749845e+001
1.239104e+001	-6.228750e+001
1.214987e+001	-7.471029e+001
1.253149e+001	-6.583389e+001
1.293041e+001	-5.636570e+001
1.306983e+001	-5.577231e+001
1.326116e+001	-5.340378e+001
1.321029e+001	-5.931847e+001
1.319402e+001	-6.404961e+001
1.366213e+001	-5.221516e+001
1.404375e+001	-4.333876e+001
1.466756e+001	-2.617936e+001
1.520487e+001	-1.197822e+001
1.529240e+001	-1.315973e+001
1.487824e+001	-3.149862e+001
1.392779e+001	-6.817841e+001
1.330604e+001	-9.361695e+001
1.337627e+001	-9.539002e+001
1.375788e+001	-8.651362e+001
1.446819e+001	-6.639618e+001
1.486710e+001	-5.692822e+001
1.492003e+001	-5.929287e+001
1.537085e+001	-4.804999e+001
1.576977e+001	-3.858180e+001
1.592649e+001	-3.739685e+001
1.556423e+001	-5.396080e+001
1.523657e+001	-6.934141e+001
1.547979e+001	-6.519819e+001
1.567111e+001	-6.282988e+001
1.600083e+001	-5.572840e+001
1.641704e+001	-4.566887e+001
1.641808e+001	-4.980822e+001
1.631530e+001	-5.749783e+001
1.612604e+001	-6.814548e+001
1.617897e+001	-7.051013e+001
1.643948e+001	-6.577534e+001
1.656161e+001	-6.577352e+001
1.675293e+001	-6.340498e+001
1.654636e+001	-7.464442e+001
1.691068e+001	-6.635959e+001
1.724040e+001	-5.925810e+001
1.722414e+001	-6.398923e+001
1.706947e+001	-7.345353e+001
1.748568e+001	-6.339401e+001
1.752131e+001	-6.635044e+001
1.757424e+001	-6.871508e+001
1.754067e+001	-7.403800e+001
1.736870e+001	-8.409409e+001
1.747352e+001	-8.468382e+001
1.759565e+001	-8.468199e+001
1.754478e+001	-9.059647e+001
1.754580e+001	-9.473626e+001
1.789283e+001	-8.704298e+001
1.780736e+001	-9.414081e+001
1.782569e+001	-9.768881e+001
1.808620e+001	-9.295402e+001
1.829483e+001	-8.999393e+001
1.853805e+001	-8.585071e+001
1.857367e+001	-8.880715e+001
1.860930e+001	-9.176336e+001
1.852383e+001	-9.886119e+001
1.840377e+001	-1.071421e+002
1.869889e+001	-1.012240e+002
1.890750e+001	-9.826413e+001
1.871824e+001	-1.089118e+002
1.852898e+001	-1.195592e+002
1.865110e+001	-1.195574e+002
1.866942e+001	-1.231056e+002
1.867046e+001	-1.272452e+002
1.896557e+001	-1.213270e+002
1.938179e+001	-1.112673e+002
1.946931e+001	-1.124488e+002
1.936655e+001	-1.201382e+002
1.955787e+001	-1.177699e+002
1.962810e+001	-1.195428e+002
1.966373e+001	-1.224992e+002
1.954365e+001	-1.307804e+002
1.935439e+001	-1.414280e+002
1.945922e+001	-1.420177e+002
1.939105e+001	-1.485238e+002
1.911529e+001	-1.621297e+002
1.951420e+001	-1.526617e+002
1.984392e+001	-1.455603e+002
1.965465e+001	-1.562079e+002
1.982867e+001	-1.544312e+002
2.014110e+001	-1.479212e+002
2.003832e+001	-1.556109e+002
2.010856e+001	-1.573837e+002
2.035177e+001	-1.532405e+002
2.057769e+001	-1.496891e+002
2.040573e+001	-1.597449e+002
2.049325e+001	-1.609265e+002
2.045968e+001	-1.662494e+002
2.016662e+001	-1.804466e+002
1.999465e+001	-1.905027e+002
2.025518e+001	-1.857677e+002
2.096548e+001	-1.656503e+002
2.089731e+001	-1.721565e+002
2.075994e+001	-1.810293e+002
2.115886e+001	-1.715611e+002
2.098690e+001	-1.816172e+002
2.100522e+001	-1.851652e+002
2.123114e+001	-1.816135e+002
2.147437e+001	-1.774703e+002
2.182138e+001	-1.697772e+002
2.203001e+001	-1.668171e+002
2.189264e+001	-1.756899e+002
2.168607e+001	-1.869291e+002
2.177360e+001	-1.881106e+002
2.198222e+001	-1.851505e+002
2.222544e+001	-1.810073e+002
2.215727e+001	-1.875136e+002
2.184691e+001	-2.023026e+002
2.198634e+001	-2.017090e+002
2.202196e+001	-2.046654e+002
2.217869e+001	-2.034803e+002
2.214512e+001	-2.088032e+002
2.218074e+001	-2.117596e+002
2.244126e+001	-2.070246e+002
2.242499e+001	-2.117559e+002
2.227033e+001	-2.212203e+002
2.265194e+001	-2.123438e+002
2.286057e+001	-2.093838e+002
2.287889e+001	-2.129320e+002
2.293182e+001	-2.152966e+002
2.288095e+001	-2.212111e+002
2.281278e+001	-2.277174e+002
2.283110e+001	-2.312654e+002
2.297053e+001	-2.306719e+002
2.312726e+001	-2.294867e+002
2.338778e+001	-2.247518e+002
2.323311e+001	-2.342161e+002
2.314764e+001	-2.413140e+002
2.335626e+001	-2.383539e+002
2.335729e+001	-2.424936e+002
2.318532e+001	-2.525496e+002
2.318635e+001	-2.566893e+002
2.311818e+001	-2.631955e+002
2.330950e+001	-2.608271e+002
2.376032e+001	-2.495841e+002
2.421114e+001	-2.383411e+002
2.431596e+001	-2.389310e+002
2.450728e+001	-2.365627e+002
2.502730e+001	-2.229531e+002
2.540891e+001	-2.140767e+002
2.599812e+001	-1.981006e+002
2.693332e+001	-1.702920e+002
2.734954e+001	-1.602322e+002
2.757546e+001	-1.566806e+002
2.787058e+001	-1.507624e+002
2.823490e+001	-1.424776e+002
2.839162e+001	-1.412926e+002
2.884244e+001	-1.300495e+002
2.967384e+001	-1.057907e+002
3.047064e+001	-8.271497e+001
3.081766e+001	-7.502193e+001
3.093979e+001	-7.502009e+001
3.126950e+001	-6.791862e+001
3.191062e+001	-5.016764e+001
3.208464e+001	-4.839090e+001
3.187807e+001	-5.963012e+001
3.139472e+001	-8.033569e+001
3.136114e+001	-8.565861e+001
3.212336e+001	-6.376602e+001
3.260876e+001	-5.134002e+001
3.311148e+001	-3.832200e+001
3.338930e+001	-3.299543e+001
3.300974e+001	-5.015118e+001
3.287237e+001	-5.902392e+001
3.292530e+001	-6.138857e+001
3.256304e+001	-7.795252e+001
3.244297e+001	-8.623370e+001
3.254780e+001	-8.682344e+001
3.286021e+001	-8.031374e+001
3.344942e+001	-6.433768e+001
3.396944e+001	-5.072810e+001
3.397046e+001	-5.486789e+001
3.367741e+001	-6.906515e+001
3.379953e+001	-6.906332e+001
3.400815e+001	-6.610345e+001
3.376699e+001	-7.852580e+001
3.361232e+001	-8.799032e+001
3.371714e+001	-8.858028e+001
3.421986e+001	-7.556226e+001
3.437658e+001	-7.437731e+001
3.442950e+001	-7.674195e+001
3.465543e+001	-7.319008e+001
3.521004e+001	-5.839737e+001
3.564355e+001	-4.774628e+001
3.566188e+001	-5.129427e+001
3.540342e+001	-6.430841e+001
3.523145e+001	-7.436449e+001
3.545737e+001	-7.081284e+001
3.561410e+001	-6.962766e+001
3.573622e+001	-6.962583e+001
3.530476e+001	-8.855650e+001
3.508090e+001	-1.003873e+002
3.523763e+001	-9.920209e+001
3.544625e+001	-9.624200e+001
3.555107e+001	-9.683196e+001
3.589809e+001	-8.913891e+001
3.612401e+001	-8.558725e+001
3.610774e+001	-9.031838e+001
3.619526e+001	-9.149989e+001
3.609250e+001	-9.918929e+001
3.598973e+001	-1.068787e+002
3.619835e+001	-1.039188e+002
3.632048e+001	-1.039170e+002
3.652910e+001	-1.009569e+002
3.661662e+001	-1.021384e+002
3.642736e+001	-1.127861e+002
3.622079e+001	-1.240253e+002
3.636021e+001	-1.234319e+002
3.700132e+001	-1.056809e+002
3.734834e+001	-9.798786e+001
3.736668e+001	-1.015356e+002
3.738500e+001	-1.050836e+002
3.736873e+001	-1.098150e+002
3.745625e+001	-1.109965e+002
3.752648e+001	-1.127696e+002
3.757941e+001	-1.151342e+002
3.790912e+001	-1.080327e+002
3.778906e+001	-1.163137e+002
3.759979e+001	-1.269616e+002
3.756622e+001	-1.322845e+002
3.770564e+001	-1.316911e+002
3.815646e+001	-1.204480e+002
3.836508e+001	-1.174881e+002
3.821041e+001	-1.269524e+002
3.805575e+001	-1.364167e+002
3.824707e+001	-1.340484e+002
3.833460e+001	-1.352297e+002
3.888921e+001	-1.204370e+002
3.914973e+001	-1.157020e+002
3.909886e+001	-1.216167e+002
3.901339e+001	-1.287145e+002
3.908361e+001	-1.304876e+002
3.929224e+001	-1.275275e+002
3.958736e+001	-1.216094e+002
3.962299e+001	-1.245656e+002
3.993540e+001	-1.180559e+002
3.991913e+001	-1.227873e+002
3.964337e+001	-1.363930e+002
3.971359e+001	-1.381660e+002
3.992222e+001	-1.352059e+002
4.011354e+001	-1.328376e+002
4.046056e+001	-1.251446e+002
4.066918e+001	-1.221845e+002
4.070480e+001	-1.251409e+002
4.120752e+001	-1.121231e+002
4.110475e+001	-1.198125e+002
4.088088e+001	-1.316435e+002
4.062243e+001	-1.446575e+002
4.032936e+001	-1.588552e+002
4.076288e+001	-1.482036e+002
4.112719e+001	-1.399190e+002
4.145691e+001	-1.328175e+002
4.147524e+001	-1.363655e+002
4.114758e+001	-1.517463e+002
4.111401e+001	-1.570691e+002
4.125343e+001	-1.564756e+002
4.115066e+001	-1.641653e+002
4.139389e+001	-1.600218e+002
4.184470e+001	-1.487789e+002
4.207062e+001	-1.452273e+002
4.193325e+001	-1.541000e+002
4.191698e+001	-1.588314e+002
4.193532e+001	-1.623791e+002
4.184984e+001	-1.694772e+002
4.157408e+001	-1.830829e+002
4.169620e+001	-1.830811e+002
4.173183e+001	-1.860375e+002
4.213075e+001	-1.765693e+002
4.247777e+001	-1.688762e+002
4.234040e+001	-1.777490e+002
4.194354e+001	-1.954963e+002
4.189267e+001	-2.014108e+002
4.255108e+001	-1.830682e+002
4.310569e+001	-1.682755e+002
4.295102e+001	-1.777399e+002
4.257146e+001	-1.948956e+002
4.257249e+001	-1.990352e+002
4.250432e+001	-2.055412e+002
4.233235e+001	-2.155975e+002
4.254097e+001	-2.126374e+002
4.287070e+001	-2.055357e+002
4.292362e+001	-2.079006e+002
4.316684e+001	-2.037574e+002
4.353116e+001	-1.954725e+002
4.344569e+001	-2.025703e+002
4.346402e+001	-2.061184e+002
4.375914e+001	-2.002000e+002
4.408885e+001	-1.930987e+002
4.443588e+001	-1.854055e+002
4.478289e+001	-1.777124e+002
4.487041e+001	-1.788939e+002
4.473305e+001	-1.877667e+002
4.440539e+001	-2.031473e+002
4.463131e+001	-1.995956e+002
4.537621e+001	-1.782950e+002
4.580973e+001	-1.676435e+002
4.591456e+001	-1.682335e+002
4.607128e+001	-1.670483e+002
4.619341e+001	-1.670464e+002
4.629823e+001	-1.676362e+002
4.671444e+001	-1.575767e+002
4.697497e+001	-1.528417e+002
4.692409e+001	-1.587564e+002
4.685593e+001	-1.652624e+002
4.711644e+001	-1.605276e+002
4.735967e+001	-1.563842e+002
4.765479e+001	-1.504660e+002
4.772501e+001	-1.522391e+002
4.757035e+001	-1.617034e+002
4.743298e+001	-1.705762e+002
4.739941e+001	-1.758991e+002
4.785023e+001	-1.646562e+002
4.857783e+001	-1.439470e+002
4.882105e+001	-1.398037e+002
4.838959e+001	-1.587344e+002
4.797543e+001	-1.770733e+002
4.813216e+001	-1.758881e+002
4.820238e+001	-1.776612e+002
4.822071e+001	-1.812092e+002
4.832554e+001	-1.817989e+002
4.853416e+001	-1.788390e+002
4.879468e+001	-1.741040e+002
4.874381e+001	-1.800185e+002
4.869294e+001	-1.859332e+002
4.869397e+001	-1.900728e+002
4.890259e+001	-1.871129e+002
4.935341e+001	-1.758698e+002
4.954473e+001	-1.735015e+002
4.928626e+001	-1.865156e+002
4.937379e+001	-1.876971e+002
4.927102e+001	-1.953865e+002
4.923745e+001	-2.007095e+002
4.927308e+001	-2.036659e+002
4.920491e+001	-2.101719e+002
4.934433e+001	-2.095785e+002
4.967405e+001	-2.024770e+002
4.981347e+001	-2.018837e+002
4.984910e+001	-2.048399e+002
5.085350e+001	-1.746647e+002
5.248068e+001	-1.231904e+002
5.341589e+001	-9.538149e+001
5.403970e+001	-7.822209e+001
5.475000e+001	-5.810463e+001
5.488943e+001	-5.751124e+001
5.461366e+001	-7.111716e+001
5.423410e+001	-8.827290e+001
5.411403e+001	-9.655387e+001
5.432265e+001	-9.359377e+001
5.442748e+001	-9.418372e+001
5.475720e+001	-8.708202e+001
5.550210e+001	-6.578144e+001
5.539933e+001	-7.347083e+001
5.489868e+001	-9.476798e+001
5.491701e+001	-9.831597e+001
5.548891e+001	-8.293170e+001
5.619923e+001	-6.281403e+001
5.616565e+001	-6.813695e+001
5.594179e+001	-7.996795e+001
5.592552e+001	-8.469907e+001
5.613414e+001	-8.173921e+001
5.632546e+001	-7.937090e+001
5.646489e+001	-7.877728e+001
5.629292e+001	-8.883337e+001
5.622475e+001	-9.533941e+001
5.638147e+001	-9.415446e+001
5.638250e+001	-9.829402e+001
5.643543e+001	-1.006587e+002
5.648835e+001	-1.030235e+002
5.626449e+001	-1.148543e+002
5.649041e+001	-1.113027e+002
5.680284e+001	-1.047927e+002
5.702876e+001	-1.012411e+002
5.709898e+001	-1.030144e+002
5.710001e+001	-1.071540e+002
5.736053e+001	-1.024189e+002
5.763835e+001	-9.709237e+001
5.748369e+001	-1.065567e+002
5.719061e+001	-1.207544e+002
5.753764e+001	-1.130611e+002
5.785006e+001	-1.065512e+002
5.786839e+001	-1.100992e+002
5.816350e+001	-1.041810e+002
5.835482e+001	-1.018127e+002
5.835586e+001	-1.059523e+002
5.856447e+001	-1.029924e+002
5.877310e+001	-1.000323e+002
5.875683e+001	-1.047635e+002
5.867135e+001	-1.118615e+002
5.894918e+001	-1.065347e+002
5.924430e+001	-1.006166e+002
5.933182e+001	-1.017981e+002
5.945395e+001	-1.017963e+002
5.945498e+001	-1.059358e+002
5.942141e+001	-1.112587e+002
5.961273e+001	-1.088904e+002
5.968295e+001	-1.106635e+002
5.978778e+001	-1.112533e+002
5.997910e+001	-1.088849e+002
6.020502e+001	-1.053333e+002
5.994657e+001	-1.183474e+002
6.012058e+001	-1.165707e+002
6.046760e+001	-1.088776e+002
6.072813e+001	-1.041426e+002
6.064266e+001	-1.112404e+002
6.041878e+001	-1.230715e+002
6.066202e+001	-1.189280e+002
6.076684e+001	-1.195180e+002
6.085435e+001	-1.206995e+002
6.111489e+001	-1.159643e+002
6.080452e+001	-1.307535e+002
6.078825e+001	-1.354849e+002
6.111797e+001	-1.283834e+002
6.165528e+001	-1.141823e+002
6.193310e+001	-1.088557e+002
6.162274e+001	-1.236447e+002
6.143348e+001	-1.342924e+002
6.115771e+001	-1.478981e+002
6.119334e+001	-1.508545e+002
6.128086e+001	-1.520360e+002
6.129919e+001	-1.555840e+002
6.142131e+001	-1.555822e+002
6.175103e+001	-1.484807e+002
6.221915e+001	-1.366461e+002
6.242777e+001	-1.336862e+002
6.237690e+001	-1.396007e+002
6.267202e+001	-1.336825e+002
6.269035e+001	-1.372305e+002
6.282977e+001	-1.366369e+002
6.298649e+001	-1.354519e+002
6.291832e+001	-1.419580e+002
6.252147e+001	-1.597053e+002
6.281658e+001	-1.537871e+002
6.312901e+001	-1.472772e+002
6.304354e+001	-1.543751e+002
6.320026e+001	-1.531899e+002
6.325318e+001	-1.555547e+002
6.297742e+001	-1.691607e+002
6.282275e+001	-1.786250e+002
6.275459e+001	-1.851310e+002
6.294591e+001	-1.827627e+002
6.346592e+001	-1.691533e+002
6.372644e+001	-1.644184e+002
6.390047e+001	-1.626416e+002
6.400529e+001	-1.632313e+002
6.400632e+001	-1.673709e+002
6.424954e+001	-1.632277e+002
6.442356e+001	-1.614509e+002
6.414780e+001	-1.750569e+002
6.390663e+001	-1.874794e+002
6.409796e+001	-1.851109e+002
6.444498e+001	-1.774178e+002
6.489579e+001	-1.661750e+002
6.451623e+001	-1.833307e+002
6.437886e+001	-1.922035e+002
6.476048e+001	-1.833270e+002
6.488260e+001	-1.833252e+002
6.486633e+001	-1.880564e+002
6.490196e+001	-1.910126e+002
6.483379e+001	-1.975188e+002
6.464452e+001	-2.081665e+002
6.485315e+001	-2.052064e+002
6.514827e+001	-1.992883e+002
6.509740e+001	-2.052027e+002
6.553091e+001	-1.945517e+002
6.596442e+001	-1.839003e+002
6.603465e+001	-1.856734e+002
6.613948e+001	-1.862632e+002
6.641730e+001	-1.809366e+002
6.647022e+001	-1.833014e+002
6.655775e+001	-1.844827e+002
6.673177e+001	-1.827060e+002
6.669821e+001	-1.880289e+002
6.687223e+001	-1.862522e+002
6.702896e+001	-1.850670e+002
6.673589e+001	-1.992645e+002
6.639092e+001	-2.152371e+002
6.653035e+001	-2.146435e+002
6.696386e+001	-2.039921e+002
6.712059e+001	-2.028070e+002
6.694862e+001	-2.128631e+002
6.693235e+001	-2.175944e+002
6.727937e+001	-2.099011e+002
6.745339e+001	-2.081244e+002
6.745442e+001	-2.122642e+002
6.755925e+001	-2.128539e+002
6.764677e+001	-2.140352e+002
6.785540e+001	-2.110754e+002
6.756233e+001	-2.252728e+002
6.747686e+001	-2.323705e+002
6.749519e+001	-2.359186e+002
6.761731e+001	-2.359168e+002
6.787783e+001	-2.311818e+002
6.782697e+001	-2.370964e+002
6.765500e+001	-2.471524e+002
6.793282e+001	-2.418258e+002
6.850473e+001	-2.264415e+002
6.899015e+001	-2.140151e+002
6.961395e+001	-1.968559e+002
7.077405e+001	-1.613558e+002
7.158815e+001	-1.376885e+002
7.205626e+001	-1.258541e+002
7.287037e+001	-1.021866e+002
7.342499e+001	-8.739388e+001
7.366820e+001	-8.325066e+001
7.417091e+001	-7.023286e+001
7.455254e+001	-6.135625e+001
7.472655e+001	-5.957972e+001
7.502168e+001	-5.366137e+001
7.512650e+001	-5.425132e+001
7.519672e+001	-5.602441e+001
7.507666e+001	-6.430536e+001
7.490469e+001	-7.436145e+001
7.507872e+001	-7.258449e+001
7.507975e+001	-7.672427e+001
7.506348e+001	-8.145562e+001
7.546240e+001	-7.198744e+001
7.568831e+001	-6.843577e+001
7.601803e+001	-6.133429e+001
7.655534e+001	-4.713337e+001
7.705806e+001	-3.411536e+001
7.671309e+001	-5.008775e+001
7.666223e+001	-5.600245e+001
7.683624e+001	-5.422571e+001
7.678538e+001	-6.014018e+001
7.689020e+001	-6.072992e+001
7.713342e+001	-5.658670e+001
7.739395e+001	-5.185169e+001
7.730848e+001	-5.894952e+001
7.729221e+001	-6.368087e+001
7.748353e+001	-6.131234e+001
7.769215e+001	-5.835246e+001
7.758938e+001	-6.604186e+001
7.752121e+001	-7.254790e+001
7.750494e+001	-7.727925e+001
7.785196e+001	-6.958619e+001
7.837197e+001	-5.597683e+001
7.880548e+001	-4.532552e+001
7.897951e+001	-4.354856e+001
7.884215e+001	-5.242130e+001
7.872207e+001	-6.070247e+001
7.851551e+001	-7.194170e+001
7.837814e+001	-8.081443e+001
7.839648e+001	-8.436243e+001
7.869159e+001	-7.844430e+001
7.867531e+001	-8.317565e+001
7.864175e+001	-8.849856e+001
7.859088e+001	-9.441304e+001
7.854000e+001	-1.003275e+002
7.890432e+001	-9.204290e+001
7.937244e+001	-8.020824e+001
7.963296e+001	-7.547322e+001
7.940910e+001	-8.730423e+001
7.979071e+001	-7.842783e+001
8.084701e+001	-4.647755e+001
8.171301e+001	-2.103536e+001
8.211193e+001	-1.156718e+001
8.223406e+001	-1.156535e+001
8.216588e+001	-1.807161e+001
8.246101e+001	-1.215347e+001
8.260043e+001	-1.155986e+001
8.229006e+001	-2.634913e+001
8.204890e+001	-3.877169e+001
8.229213e+001	-3.462825e+001
8.262184e+001	-2.752699e+001
8.281317e+001	-2.515846e+001
8.286609e+001	-2.752333e+001
8.269412e+001	-3.757919e+001
8.262595e+001	-4.408546e+001
8.281727e+001	-4.171715e+001
8.306050e+001	-3.757371e+001
8.330372e+001	-3.343049e+001
8.342585e+001	-3.342866e+001
8.387666e+001	-2.218578e+001
8.396419e+001	-2.336707e+001
8.410361e+001	-2.277368e+001
8.439873e+001	-1.685554e+001
8.441706e+001	-2.040332e+001
8.408939e+001	-3.578438e+001
8.447100e+001	-2.690798e+001
8.512942e+001	-8.565227e+000
8.542454e+001	-2.647088e+000
8.540827e+001	-7.378437e+000
8.544389e+001	-1.033465e+001
8.537572e+001	-1.684091e+001
8.549785e+001	-1.683909e+001
8.546428e+001	-2.216199e+001
8.510202e+001	-3.872596e+001
8.524144e+001	-3.813257e+001
8.567496e+001	-2.748125e+001
8.633337e+001	-9.138495e+000
8.669768e+001	-8.538788e-001
8.680251e+001	-1.443615e+000
8.659594e+001	-1.268305e+001
8.621638e+001	-2.983857e+001
8.640770e+001	-2.747027e+001
8.663363e+001	-2.391861e+001
8.687685e+001	-1.977517e+001
8.692977e+001	-2.214004e+001
8.724220e+001	-1.563012e+001
8.712212e+001	-2.391129e+001
8.696746e+001	-3.337560e+001
8.689929e+001	-3.988164e+001
8.722900e+001	-3.278038e+001
8.783552e+001	-1.621275e+001
8.795764e+001	-1.621093e+001
8.754349e+001	-3.454958e+001
8.750992e+001	-3.987249e+001
8.783963e+001	-3.277123e+001
8.835965e+001	-1.916165e+001
8.846447e+001	-1.975138e+001
8.827521e+001	-3.039904e+001
8.839734e+001	-3.039721e+001
8.881355e+001	-2.033746e+001
8.883188e+001	-2.388568e+001
8.928269e+001	-1.264280e+001
8.992379e+001	5.108158e+000
8.978643e+001	-3.764578e+000
8.930307e+001	-2.446993e+001
8.885431e+001	-4.399215e+001
8.873425e+001	-5.227310e+001
8.885637e+001	-5.227127e+001
8.877090e+001	-5.936932e+001
8.889302e+001	-5.936749e+001
8.918815e+001	-5.344914e+001
8.943137e+001	-4.930592e+001
9.017627e+001	-2.800512e+001
9.059249e+001	-1.794537e+001
9.076651e+001	-1.616884e+001
9.087134e+001	-1.675858e+001
9.090697e+001	-1.971479e+001
9.135778e+001	-8.471915e+000
9.163561e+001	-3.145344e+000
9.179233e+001	-1.960161e+000
9.184525e+001	-4.325033e+000
9.182898e+001	-9.056165e+000
9.172621e+001	-1.674577e+001
9.132935e+001	-3.449286e+001
9.120929e+001	-4.277404e+001
9.145251e+001	-3.863081e+001
9.150543e+001	-4.099547e+001
9.161025e+001	-4.158542e+001
9.174968e+001	-4.099180e+001
9.183721e+001	-4.217332e+001
9.214962e+001	-3.566362e+001
9.270424e+001	-2.087070e+001
9.301666e+001	-1.436078e+001
9.301768e+001	-1.850056e+001
9.296681e+001	-2.441504e+001
9.307164e+001	-2.500477e+001
9.338406e+001	-1.849508e+001
9.380027e+001	-8.435325e+000
9.428569e+001	3.990894e+000
9.430402e+001	4.428973e-001
9.432235e+001	-3.105091e+000
9.444447e+001	-3.103268e+000
9.453199e+001	-4.284788e+000
9.444653e+001	-1.138239e+001
9.434375e+001	-1.907200e+001
9.437938e+001	-2.202844e+001
9.503779e+001	-3.685902e+000
9.533291e+001	2.232443e+000
9.519555e+001	-6.640284e+000
9.504087e+001	-1.610481e+001
9.478241e+001	-2.911895e+001
9.492184e+001	-2.852533e+001
9.495746e+001	-3.148176e+001
9.528718e+001	-2.438028e+001
9.547851e+001	-2.201197e+001
9.560063e+001	-2.201014e+001
9.605145e+001	-1.076704e+001
9.643307e+001	-1.890645e+000
9.641679e+001	-6.621993e+000
9.641782e+001	-1.076155e+001
9.621125e+001	-2.200099e+001
9.622958e+001	-2.554900e+001
9.643821e+001	-2.258889e+001
9.630084e+001	-3.146164e+001
9.628457e+001	-3.619299e+001
9.645859e+001	-3.441602e+001
9.677101e+001	-2.790632e+001
9.715263e+001	-1.902992e+001
9.739585e+001	-1.488670e+001
9.750067e+001	-1.547643e+001
9.757090e+001	-1.724952e+001
9.753733e+001	-2.257243e+001
9.708857e+001	-4.209466e+001
9.693390e+001	-5.155896e+001
9.729823e+001	-4.327412e+001
9.759334e+001	-3.735599e+001
9.813066e+001	-2.315484e+001
9.835658e+001	-1.960319e+001
9.837490e+001	-2.315119e+001
9.851433e+001	-2.255780e+001
9.822126e+001	-3.675527e+001
9.829149e+001	-3.852836e+001
9.872500e+001	-2.787705e+001
9.898553e+001	-2.314204e+001
9.962664e+001	-5.391070e+000
1.000428e+002	4.668446e+000
9.968059e+001	-1.189551e+001
9.962972e+001	-1.780998e+001
9.937126e+001	-3.082433e+001
9.963178e+001	-2.608933e+001
9.987500e+001	-2.194611e+001
9.992792e+001	-2.431075e+001
1.003960e+002	-1.247631e+001
1.006912e+002	-6.557954e+000
1.003462e+002	-2.253035e+001
1.004510e+002	-2.312008e+001
1.004693e+002	-2.666831e+001
1.006780e+002	-2.370821e+001
1.008520e+002	-2.193147e+001
1.008530e+002	-2.607103e+001
1.009924e+002	-2.547764e+001
1.009243e+002	-3.198368e+001
1.008215e+002	-3.967306e+001
1.008917e+002	-4.144638e+001
1.009620e+002	-4.321924e+001
1.013955e+002	-3.256815e+001
1.018463e+002	-2.132527e+001
1.019684e+002	-2.132344e+001
1.021597e+002	-1.895491e+001
1.026971e+002	-4.753763e+000
1.027154e+002	-8.301769e+000
1.024915e+002	-2.013255e+001
1.021985e+002	-3.433002e+001
1.022860e+002	-3.551177e+001
1.026676e+002	-2.663537e+001
1.029800e+002	-2.012523e+001
1.030329e+002	-2.249010e+001
1.031205e+002	-2.367162e+001
1.033291e+002	-2.071153e+001
1.035204e+002	-1.834322e+001
1.037290e+002	-1.538313e+001
1.036263e+002	-2.307251e+001
1.034543e+002	-3.312861e+001
1.035072e+002	-3.549348e+001
1.036121e+002	-3.608321e+001
1.035266e+002	-4.318082e+001
1.036314e+002	-4.377077e+001
1.037708e+002	-4.317715e+001
1.039448e+002	-4.140064e+001
1.041535e+002	-3.844054e+001
1.042929e+002	-3.784715e+001
1.043458e+002	-4.021180e+001
1.046410e+002	-3.429344e+001
1.049361e+002	-2.837531e+001
1.045046e+002	-4.730596e+001
1.044018e+002	-5.499536e+001
1.050256e+002	-3.783617e+001
1.056668e+002	-2.008498e+001
1.060830e+002	-1.002545e+001
1.059456e+002	-1.889819e+001
1.054277e+002	-4.078689e+001
1.054633e+002	-4.374333e+001
1.057238e+002	-3.900832e+001
1.061054e+002	-3.013192e+001
1.064697e+002	-2.184731e+001
1.065919e+002	-2.184548e+001
1.069043e+002	-1.533556e+001
1.069399e+002	-1.829199e+001
1.068717e+002	-2.479803e+001
1.070285e+002	-2.361307e+001
1.073409e+002	-1.710315e+001
1.071516e+002	-2.775080e+001
1.073775e+002	-2.419915e+001
1.076381e+002	-1.946414e+001
1.075007e+002	-2.833688e+001
1.071903e+002	-4.312593e+001
1.072952e+002	-4.371588e+001
1.080228e+002	-2.300665e+001
1.085947e+002	-7.622385e+000
1.089244e+002	-5.208959e-001
1.089254e+002	-4.660461e+000
1.088399e+002	-1.175829e+001
1.088410e+002	-1.589807e+001
1.087036e+002	-2.477059e+001
1.089122e+002	-2.181072e+001
1.091381e+002	-1.825906e+001
1.093468e+002	-1.529897e+001
1.095381e+002	-1.293066e+001
1.094353e+002	-2.062005e+001
1.091942e+002	-3.304262e+001
1.094201e+002	-2.949095e+001
1.102342e+002	-5.823681e+000
1.103736e+002	-5.230065e+000
1.103746e+002	-9.369856e+000
1.106352e+002	-4.634843e+000
1.108611e+002	-1.083191e+000
1.109832e+002	-1.081360e+000
1.111226e+002	-4.879604e-001
1.113659e+002	3.655467e+000
1.114707e+002	3.065514e+000
1.112987e+002	-6.990565e+000
1.109019e+002	-2.473765e+001
1.109202e+002	-2.828565e+001
1.115786e+002	-9.943124e+000
1.118391e+002	-5.208111e+000
1.117709e+002	-1.171438e+001
1.116855e+002	-1.881221e+001
1.116000e+002	-2.591003e+001
1.111512e+002	-4.543226e+001
1.114118e+002	-4.069724e+001
1.122259e+002	-1.702997e+001
1.123826e+002	-1.584501e+001
1.126085e+002	-1.229336e+001
1.125576e+002	-1.820783e+001
1.127490e+002	-1.583952e+001
1.129403e+002	-1.347099e+001
1.131835e+002	-9.327770e+000
1.128731e+002	-2.411682e+001
1.127185e+002	-3.358112e+001
1.132039e+002	-2.115511e+001
1.134298e+002	-1.760324e+001
1.135173e+002	-1.878476e+001
1.137779e+002	-1.404975e+001
1.142806e+002	-1.031956e+000
1.140394e+002	-1.345453e+001
1.141269e+002	-1.463605e+001
1.142491e+002	-1.463422e+001
1.140771e+002	-2.469009e+001
1.144241e+002	-1.699703e+001
1.147538e+002	-9.895551e+000
1.148587e+002	-1.048529e+001
1.149116e+002	-1.285016e+001
1.147223e+002	-2.349781e+001
1.146023e+002	-3.177877e+001
1.143611e+002	-4.420156e+001
1.143448e+002	-4.893268e+001
1.145534e+002	-4.597259e+001
1.149523e+002	-3.650462e+001
1.150918e+002	-3.591123e+001
1.150582e+002	-4.123414e+001
1.148343e+002	-5.306493e+001
1.148873e+002	-5.542980e+001
1.153208e+002	-4.477848e+001
1.158927e+002	-2.939399e+001
1.162224e+002	-2.229251e+001
1.165694e+002	-1.459946e+001
1.169337e+002	-6.314619e+000
1.166407e+002	-2.051210e+001
1.167282e+002	-2.169362e+001
1.168849e+002	-2.050844e+001
1.168514e+002	-2.583136e+001
1.173368e+002	-1.340513e+001
1.175454e+002	-1.044503e+001
1.172869e+002	-2.345939e+001
1.172188e+002	-2.996543e+001
1.178426e+002	-1.280625e+001
1.183107e+002	-9.715805e-001
1.182771e+002	-6.294497e+000
1.182609e+002	-1.102562e+001
1.180197e+002	-2.344841e+001
1.180034e+002	-2.817953e+001
1.182985e+002	-2.226140e+001
1.184899e+002	-1.989287e+001
1.189926e+002	-6.875308e+000
1.190455e+002	-9.239954e+000
1.189427e+002	-1.692934e+001
1.190130e+002	-1.870243e+001
1.188410e+002	-2.875851e+001
1.189112e+002	-3.053160e+001
1.192582e+002	-2.283833e+001
1.195361e+002	-1.751176e+001
1.196063e+002	-1.928484e+001
1.195727e+002	-2.460775e+001
1.194526e+002	-3.288893e+001
1.196959e+002	-2.874571e+001
1.198007e+002	-2.933544e+001
1.199055e+002	-2.992518e+001
1.198373e+002	-3.643144e+001
1.196827e+002	-4.589574e+001
1.199086e+002	-4.234409e+001
1.205324e+002	-2.518491e+001
1.209486e+002	-1.512516e+001
1.206556e+002	-2.932264e+001
1.210026e+002	-2.162959e+001
1.216783e+002	-2.695264e+000
1.218869e+002	2.648198e-001
1.218360e+002	-5.649872e+000
1.215257e+002	-2.043892e+001
1.213018e+002	-3.226992e+001
1.211298e+002	-4.232579e+001
1.213212e+002	-3.995748e+001
1.215125e+002	-3.758917e+001
1.217557e+002	-3.344574e+001
1.218778e+002	-3.344391e+001
1.220345e+002	-3.225895e+001
1.220529e+002	-3.580694e+001
1.220539e+002	-3.994651e+001
1.220549e+002	-4.408629e+001
1.222809e+002	-4.053441e+001
1.226106e+002	-3.343292e+001
1.227154e+002	-3.402266e+001
1.227164e+002	-3.816244e+001
1.229251e+002	-3.520257e+001
1.231683e+002	-3.105913e+001
1.234807e+002	-2.454921e+001
1.237758e+002	-1.863108e+001
1.238287e+002	-2.099594e+001
1.241758e+002	-1.330267e+001
1.244363e+002	-8.567663e+000
1.244546e+002	-1.211589e+001
1.245421e+002	-1.329718e+001
1.245432e+002	-1.743674e+001
1.247345e+002	-1.506844e+001
1.251161e+002	-6.192036e+000
1.250133e+002	-1.388143e+001
1.249106e+002	-2.157104e+001
1.250673e+002	-2.038586e+001
1.254662e+002	-1.091767e+001
1.258651e+002	-1.449714e+000
1.258143e+002	-7.364415e+000
1.256942e+002	-1.564559e+001
1.254357e+002	-2.865972e+001
1.255752e+002	-2.806610e+001
1.261125e+002	-1.386496e+001
1.262346e+002	-1.386313e+001
1.260972e+002	-2.273588e+001
1.264269e+002	-1.563461e+001
1.266010e+002	-1.385764e+001
1.264636e+002	-2.273039e+001
1.265857e+002	-2.272856e+001
1.268116e+002	-1.917690e+001
1.270030e+002	-1.680859e+001
1.272808e+002	-1.148202e+001
1.272991e+002	-1.503001e+001
1.274558e+002	-1.384484e+001
1.275088e+002	-1.620971e+001
1.275444e+002	-1.916592e+001
1.274416e+002	-2.685553e+001
1.274254e+002	-3.158666e+001
1.276167e+002	-2.921835e+001
1.280502e+002	-1.856704e+001
1.281031e+002	-2.093191e+001
1.279830e+002	-2.921286e+001
1.283301e+002	-2.151981e+001
1.282619e+002	-2.802586e+001
1.276055e+002	-5.464774e+001
1.276758e+002	-5.642082e+001
1.284726e+002	-3.334511e+001
1.289926e+002	-1.973553e+001
1.290974e+002	-2.032549e+001
1.293233e+002	-1.677383e+001
1.293244e+002	-2.091361e+001
1.298963e+002	-5.529120e+000
1.303298e+002	5.122181e+000
1.302443e+002	-1.975636e+000
1.299512e+002	-1.617312e+001
1.299350e+002	-2.090447e+001
1.301090e+002	-1.912750e+001
1.301965e+002	-2.030902e+001
1.303533e+002	-1.912384e+001
1.303543e+002	-2.326363e+001
1.302688e+002	-3.036146e+001
1.299930e+002	-4.396737e+001
1.299249e+002	-5.047341e+001
1.300470e+002	-5.047158e+001
1.305843e+002	-3.627043e+001
1.309832e+002	-2.680248e+001
1.310362e+002	-2.916712e+001
1.311064e+002	-3.094021e+001
1.317475e+002	-1.318924e+001
1.318696e+002	-1.318741e+001
1.317322e+002	-2.206015e+001
1.319063e+002	-2.028340e+001
1.320457e+002	-1.968979e+001
1.322543e+002	-1.672992e+001
1.326359e+002	-7.853521e+000
1.329830e+002	-1.604728e-001
1.331916e+002	2.799611e+000
1.329677e+002	-9.031377e+000
1.327092e+002	-2.204551e+001
1.329179e+002	-1.908542e+001
1.330573e+002	-1.849203e+001
1.328680e+002	-2.913968e+001
1.328345e+002	-3.446259e+001
1.327317e+002	-4.215198e+001
1.331133e+002	-3.327558e+001
1.335641e+002	-2.203271e+001
1.333749e+002	-3.268036e+001
1.334624e+002	-3.386166e+001
1.336883e+002	-3.031022e+001
1.341045e+002	-2.025048e+001
1.345207e+002	-1.019073e+001
1.345391e+002	-1.373872e+001
1.347650e+002	-1.018706e+001
1.346968e+002	-1.669333e+001
1.346978e+002	-2.083311e+001
1.346124e+002	-2.793071e+001
1.346999e+002	-2.911223e+001
1.348220e+002	-2.911041e+001
1.349096e+002	-3.029193e+001
1.353085e+002	-2.082396e+001
1.355517e+002	-1.668052e+001
1.357084e+002	-1.549556e+001
1.358132e+002	-1.608530e+001
1.360219e+002	-1.312520e+001
1.363170e+002	-7.207064e+000
1.360585e+002	-2.022120e+001
1.359039e+002	-2.968550e+001
1.360606e+002	-2.850054e+001
1.366152e+002	-1.370762e+001
1.371179e+002	-6.898327e-001
1.371708e+002	-3.054695e+000
1.373794e+002	-9.460171e-002
1.374670e+002	-1.275905e+000
1.371220e+002	-1.724830e+001
1.369328e+002	-2.789595e+001
1.370376e+002	-2.848591e+001
1.374192e+002	-1.960929e+001
1.373683e+002	-2.552399e+001
1.373694e+002	-2.966355e+001
1.379067e+002	-1.546263e+001
1.381845e+002	-1.013584e+001
1.384104e+002	-6.584402e+000
1.386363e+002	-3.032741e+000
1.385336e+002	-1.072191e+001
1.386211e+002	-1.190365e+001
1.386567e+002	-1.485987e+001
1.388480e+002	-1.249156e+001
1.391777e+002	-5.390078e+000
1.391269e+002	-1.130455e+001
1.392663e+002	-1.071094e+001
1.393538e+002	-1.189267e+001
1.393721e+002	-1.544068e+001
1.394251e+002	-1.780532e+001
1.397894e+002	-9.520493e+000
1.398769e+002	-1.070179e+001
1.398434e+002	-1.602492e+001
1.402250e+002	-7.148520e+000
1.407277e+002	5.869258e+000
1.408671e+002	6.462874e+000
1.406433e+002	-5.368123e+000
1.402464e+002	-2.311543e+001
1.403339e+002	-2.429673e+001
1.407328e+002	-1.482876e+001
1.410452e+002	-8.318841e+000
1.413923e+002	-6.257934e-001
1.416009e+002	2.334065e+000
1.417230e+002	2.335897e+000
1.414473e+002	-1.126979e+001
1.412753e+002	-2.132588e+001
1.415185e+002	-1.718244e+001
1.419001e+002	-8.306037e+000
1.421606e+002	-3.571251e+000
1.423520e+002	-1.202725e+000
1.424914e+002	-6.093256e-001
1.424751e+002	-5.340675e+000
1.419572e+002	-2.722938e+001
1.415776e+002	-4.438512e+001
1.418900e+002	-3.787520e+001
1.424965e+002	-2.130758e+001
1.426706e+002	-1.953061e+001
1.427408e+002	-2.130393e+001
1.430878e+002	-1.361065e+001
1.430888e+002	-1.775043e+001
1.433494e+002	-1.301543e+001
1.433331e+002	-1.774678e+001
1.436109e+002	-1.242021e+001
1.437157e+002	-1.300994e+001
1.437514e+002	-1.596638e+001
1.439600e+002	-1.300628e+001
1.440994e+002	-1.241289e+001
1.442215e+002	-1.241106e+001
1.442226e+002	-1.655063e+001
1.442063e+002	-2.128196e+001
1.442246e+002	-2.482997e+001
1.442948e+002	-2.660305e+001
1.447111e+002	-1.654330e+001
1.450062e+002	-1.062494e+001
1.449899e+002	-1.535652e+001
1.443681e+002	-4.079505e+001
1.442827e+002	-4.789265e+001
1.450276e+002	-2.659208e+001
1.454265e+002	-1.712389e+001
1.456005e+002	-1.534737e+001
1.457918e+002	-1.297884e+001
1.460524e+002	-8.243830e+000
1.463302e+002	-2.917485e+000
1.462101e+002	-1.119844e+001
1.459862e+002	-2.302944e+001
1.464890e+002	-1.001142e+001
1.466976e+002	-7.051554e+000
1.462488e+002	-2.657378e+001
1.463018e+002	-2.893842e+001
1.464412e+002	-2.834503e+001
1.466325e+002	-2.597672e+001
1.466681e+002	-2.893294e+001
1.467384e+002	-3.070602e+001
1.468432e+002	-3.129576e+001
1.467231e+002	-3.957694e+001
1.467414e+002	-4.312493e+001
1.467771e+002	-4.608136e+001
1.467435e+002	-5.140405e+001
1.470559e+002	-4.489436e+001
1.474375e+002	-3.601796e+001
1.473694e+002	-4.252400e+001
1.474915e+002	-4.252217e+001
1.481326e+002	-2.477142e+001
1.486180e+002	-1.234519e+001
1.487920e+002	-1.056823e+001
1.490179e+002	-7.016796e+000
1.489325e+002	-1.411462e+001
1.489681e+002	-1.707084e+001
1.486405e+002	-3.245166e+001
1.485204e+002	-4.073284e+001
1.488847e+002	-3.244801e+001
1.492836e+002	-2.298004e+001
1.493711e+002	-2.416134e+001
1.491992e+002	-3.421743e+001
1.490964e+002	-4.190681e+001
1.491147e+002	-4.545482e+001
1.492542e+002	-4.486142e+001
1.498261e+002	-2.947693e+001
1.504672e+002	-1.172619e+001
1.505893e+002	-1.172436e+001
1.505557e+002	-1.704705e+001
1.506087e+002	-1.941169e+001
1.509557e+002	-1.171886e+001
1.511816e+002	-8.166986e+000
1.511826e+002	-1.230678e+001
1.510453e+002	-2.117951e+001
1.506138e+002	-4.010995e+001
1.507186e+002	-4.069991e+001
1.514981e+002	-1.821576e+001
1.517414e+002	-1.407254e+001
1.516386e+002	-2.176193e+001
1.515704e+002	-2.826819e+001
1.511390e+002	-4.719863e+001
1.512784e+002	-4.660524e+001
1.516773e+002	-3.713727e+001
1.516437e+002	-4.245996e+001
1.516448e+002	-4.659974e+001
1.516804e+002	-4.955618e+001
1.519409e+002	-4.482118e+001
1.521149e+002	-4.304443e+001
1.525830e+002	-3.120977e+001
1.531550e+002	-1.582550e+001
1.533982e+002	-1.168227e+001
1.536068e+002	-8.722180e+000
1.539365e+002	-1.620699e+000
1.539548e+002	-5.168697e+000
1.537137e+002	-1.759126e+001
1.537147e+002	-2.173083e+001
1.537157e+002	-2.587061e+001
1.542357e+002	-1.226104e+001
1.546347e+002	-2.793069e+000
1.549817e+002	4.900195e+000
1.551557e+002	6.676937e+000
1.549837e+002	-3.379142e+000
1.545869e+002	-2.112645e+001
1.543111e+002	-3.473237e+001
1.545543e+002	-3.058893e+001
1.547976e+002	-2.644571e+001
1.549543e+002	-2.526052e+001
1.552667e+002	-1.875061e+001
1.554061e+002	-1.815721e+001
1.552342e+002	-2.821330e+001
1.552006e+002	-3.353599e+001
1.555822e+002	-2.465982e+001
1.560503e+002	-1.282516e+001
1.560168e+002	-1.814806e+001
1.560351e+002	-2.169607e+001
1.559842e+002	-2.761054e+001
1.558295e+002	-3.707506e+001
1.559344e+002	-3.766480e+001
1.561776e+002	-3.352136e+001
1.565073e+002	-2.642009e+001
1.566294e+002	-2.641827e+001
1.567516e+002	-2.641644e+001
1.572716e+002	-1.280686e+001
1.574283e+002	-1.162190e+001
1.575504e+002	-1.162007e+001
1.578628e+002	-5.110153e+000
1.581925e+002	1.991328e+000
1.583666e+002	3.768070e+000
1.579870e+002	-1.338744e+001
1.579188e+002	-1.989371e+001
1.578507e+002	-2.639997e+001
1.577479e+002	-3.408936e+001
1.576797e+002	-4.059562e+001
1.580095e+002	-3.349391e+001
1.578894e+002	-4.177509e+001
1.577693e+002	-5.005627e+001
1.583412e+002	-3.467199e+001
1.585499e+002	-3.171190e+001
1.585509e+002	-3.585147e+001
1.585865e+002	-3.880768e+001
1.589162e+002	-3.170642e+001
1.592633e+002	-2.401314e+001
1.596968e+002	-1.336183e+001
1.597670e+002	-1.513514e+001
1.598199e+002	-1.749978e+001
1.600112e+002	-1.513148e+001
1.602372e+002	-1.157982e+001
1.603593e+002	-1.157799e+001
1.600662e+002	-2.577547e+001
1.601710e+002	-2.636521e+001
1.603451e+002	-2.458847e+001
1.600347e+002	-3.937751e+001
1.598627e+002	-4.943360e+001
1.600195e+002	-4.824842e+001
1.604876e+002	-3.641375e+001
1.608000e+002	-2.990406e+001
1.612681e+002	-1.806939e+001
1.615286e+002	-1.333438e+001
1.618411e+002	-6.824687e+000
1.620497e+002	-3.864594e+000
1.621718e+002	-3.862762e+000
1.620863e+002	-1.096059e+001
1.623642e+002	-5.634017e+000
1.628669e+002	7.383761e+000
1.629025e+002	4.427548e+000
1.629554e+002	2.062676e+000
1.629046e+002	-3.851789e+000
1.625423e+002	-2.041597e+001
1.623184e+002	-3.224675e+001
1.628211e+002	-1.922874e+001
1.630298e+002	-1.626887e+001
1.627713e+002	-2.928300e+001
1.627723e+002	-3.342256e+001
1.631712e+002	-2.395460e+001
1.635529e+002	-1.507842e+001
1.634155e+002	-2.395093e+001
1.636587e+002	-1.980772e+001
1.640576e+002	-1.033953e+001
1.643354e+002	-5.013178e+000
1.648728e+002	9.187952e+000
1.650987e+002	1.273960e+001
1.649613e+002	3.866867e+000
1.644088e+002	-1.920495e+001
1.639946e+002	-3.754405e+001
1.642205e+002	-3.399240e+001
1.646367e+002	-2.393264e+001
1.648281e+002	-2.156434e+001
1.650021e+002	-1.978759e+001
1.651242e+002	-1.978576e+001
1.652117e+002	-2.096728e+001
1.650744e+002	-2.984003e+001
1.649716e+002	-3.752941e+001
1.650937e+002	-3.752758e+001
1.651466e+002	-3.989224e+001
1.654764e+002	-3.279075e+001
1.659791e+002	-1.977296e+001
1.662915e+002	-1.326303e+001
1.663963e+002	-1.385299e+001
1.663974e+002	-1.799255e+001
1.665195e+002	-1.799072e+001
1.665897e+002	-1.976381e+001
1.667983e+002	-1.680371e+001
1.668859e+002	-1.798523e+001
1.670772e+002	-1.561692e+001
1.671474e+002	-1.739001e+001
1.674252e+002	-1.206344e+001
1.674954e+002	-1.383652e+001
1.674100e+002	-2.093435e+001
1.676705e+002	-1.619934e+001
1.677234e+002	-1.856399e+001
1.674304e+002	-3.276147e+001
1.671892e+002	-4.518404e+001
1.672940e+002	-4.577400e+001
1.675026e+002	-4.281391e+001
1.675210e+002	-4.636190e+001
1.678161e+002	-4.044377e+001
1.684226e+002	-2.387592e+001
1.685966e+002	-2.209918e+001
1.686669e+002	-2.387227e+001
1.688236e+002	-2.268731e+001
1.687554e+002	-2.919335e+001
1.684623e+002	-4.339105e+001
1.685499e+002	-4.457235e+001
1.686201e+002	-4.634543e+001
1.688979e+002	-4.101887e+001
1.691238e+002	-3.746720e+001
1.693671e+002	-3.332377e+001
1.699044e+002	-1.912262e+001
1.702687e+002	-1.083800e+001
1.700102e+002	-2.385214e+001
1.696307e+002	-4.100788e+001
1.696490e+002	-4.455589e+001
1.695808e+002	-5.106192e+001
1.693570e+002	-6.289293e+001
1.698424e+002	-5.046670e+001
1.706046e+002	-2.857435e+001
1.709170e+002	-2.206442e+001
1.709353e+002	-2.561264e+001
1.710920e+002	-2.442746e+001
1.714045e+002	-1.791754e+001
1.718899e+002	-5.491312e+000
1.717871e+002	-1.318071e+001
1.716325e+002	-2.264523e+001
1.717027e+002	-2.441831e+001
1.714442e+002	-3.743245e+001
1.716528e+002	-3.447258e+001
1.717058e+002	-3.683722e+001
1.717587e+002	-3.920187e+001
1.723133e+002	-2.440916e+001
1.725392e+002	-2.085751e+001
1.725575e+002	-2.440551e+001
1.726624e+002	-2.499524e+001
1.728883e+002	-2.144358e+001
1.732872e+002	-1.197562e+001
1.730288e+002	-2.498975e+001
1.728395e+002	-3.563740e+001
1.729443e+002	-3.622714e+001
1.731702e+002	-3.267548e+001
1.732577e+002	-3.385700e+001
1.733799e+002	-3.385518e+001
1.735885e+002	-3.089508e+001
1.737971e+002	-2.793521e+001
1.735733e+002	-3.976599e+001
1.735224e+002	-4.568069e+001
1.740251e+002	-3.266267e+001
1.743548e+002	-2.556141e+001
1.744769e+002	-2.555958e+001
1.745126e+002	-2.851579e+001
1.747212e+002	-2.555593e+001
1.749471e+002	-2.200405e+001
1.749481e+002	-2.614383e+001
1.750876e+002	-2.555044e+001
1.752962e+002	-2.259034e+001
1.753318e+002	-2.554677e+001
1.758691e+002	-1.134564e+001
1.756107e+002	-2.435977e+001
1.753349e+002	-3.796546e+001
1.755435e+002	-3.500559e+001
1.758213e+002	-2.967902e+001
1.760300e+002	-2.671893e+001
1.762732e+002	-2.257571e+001
1.764991e+002	-1.902382e+001
1.762579e+002	-3.144661e+001
1.758265e+002	-5.037705e+001
1.759832e+002	-4.919209e+001
1.766070e+002	-3.203270e+001
1.772481e+002	-1.428172e+001
1.774394e+002	-1.191342e+001
1.774059e+002	-1.723633e+001
1.776145e+002	-1.427623e+001
1.777539e+002	-1.368284e+001
1.779279e+002	-1.190610e+001
1.779636e+002	-1.486253e+001
1.776878e+002	-2.846823e+001
1.779829e+002	-2.255009e+001
1.780359e+002	-2.491474e+001
1.776217e+002	-4.325383e+001
1.776227e+002	-4.739317e+001
1.779698e+002	-3.970013e+001
1.782822e+002	-3.319020e+001
1.785946e+002	-2.668051e+001
1.787167e+002	-2.667867e+001
1.789772e+002	-2.194367e+001
1.790648e+002	-2.312519e+001
1.789620e+002	-3.081458e+001
1.791706e+002	-2.785471e+001
1.796733e+002	-1.483691e+001
1.799338e+002	-1.010168e+001
1.801079e+002	-8.325167e+000
1.800570e+002	-1.423964e+001
1.799888e+002	-2.074590e+001
1.800590e+002	-2.251899e+001
1.802850e+002	-1.896711e+001
1.803552e+002	-2.074041e+001
1.804254e+002	-2.251350e+001
1.803919e+002	-2.783641e+001
1.801161e+002	-4.144211e+001
1.803766e+002	-3.670732e+001
1.809139e+002	-2.250618e+001
1.814339e+002	-8.896603e+000
1.817291e+002	-2.978465e+000
1.817301e+002	-7.118030e+000
1.817830e+002	-9.482675e+000
1.817494e+002	-1.480582e+001
1.812488e+002	-3.610272e+001
1.814574e+002	-3.314263e+001
1.817525e+002	-2.722450e+001
1.817709e+002	-3.077250e+001
1.815989e+002	-4.082859e+001
1.819459e+002	-3.313531e+001
1.826043e+002	-1.479300e+001
1.830724e+002	-2.958343e+000
1.830562e+002	-7.689466e+000
1.831091e+002	-1.005412e+001
1.828506e+002	-2.306847e+001
1.827306e+002	-3.134965e+001
1.829046e+002	-2.957291e+001
1.829229e+002	-3.312068e+001
1.830277e+002	-3.371064e+001
1.832883e+002	-2.897563e+001
1.835488e+002	-2.424084e+001
1.838612e+002	-1.773093e+001
1.841909e+002	-1.062944e+001
1.842784e+002	-1.181096e+001
1.840373e+002	-2.423352e+001
1.843497e+002	-1.772361e+001
1.848870e+002	-3.522461e+000
1.841268e+002	-3.369417e+001
1.838165e+002	-4.848321e+001
1.844403e+002	-3.132403e+001
1.847354e+002	-2.540590e+001
1.848230e+002	-2.658720e+001
1.849451e+002	-2.658536e+001
1.850672e+002	-2.658354e+001
1.854661e+002	-1.711557e+001
1.858650e+002	-7.647390e+000
1.861428e+002	-2.321036e+000
1.860747e+002	-8.827078e+000
1.862314e+002	-7.641904e+000
1.861113e+002	-1.592308e+001
1.860951e+002	-2.065442e+001
1.863210e+002	-1.710277e+001
1.865123e+002	-1.473446e+001
1.869631e+002	-3.491357e+000
1.870160e+002	-5.856228e+000
1.869479e+002	-1.236227e+001
1.867932e+002	-2.182657e+001
1.872094e+002	-1.176705e+001
1.872970e+002	-1.294834e+001
1.872115e+002	-2.004640e+001
1.874893e+002	-1.471982e+001
1.877325e+002	-1.057638e+001
1.877509e+002	-1.412438e+001
1.877692e+002	-1.767237e+001
1.874588e+002	-3.246143e+001
1.878750e+002	-2.240190e+001
1.885853e+002	-2.284445e+000
1.890881e+002	1.073356e+001
1.888642e+002	-1.097439e+000
1.881386e+002	-3.008580e+001
1.878456e+002	-4.428328e+001
1.878466e+002	-4.842284e+001
1.880725e+002	-4.487119e+001
1.883850e+002	-3.836127e+001
1.884552e+002	-4.013457e+001
1.885427e+002	-4.131587e+001
1.887686e+002	-3.776421e+001
1.891675e+002	-2.829624e+001
1.891859e+002	-3.184424e+001
1.892215e+002	-3.480068e+001
1.893955e+002	-3.302371e+001
1.895522e+002	-3.183875e+001
1.893803e+002	-4.189463e+001
1.892256e+002	-5.135915e+001
1.894169e+002	-4.899085e+001
1.898331e+002	-3.893109e+001
1.900937e+002	-3.419631e+001
1.901293e+002	-3.715252e+001
1.906147e+002	-2.472629e+001
1.910482e+002	-1.407498e+001
1.910493e+002	-1.821454e+001
1.909119e+002	-2.708728e+001
1.907918e+002	-3.536846e+001
1.911042e+002	-2.885854e+001
1.914685e+002	-2.057392e+001
1.917810e+002	-1.406400e+001
1.920761e+002	-8.145871e+000
1.921117e+002	-1.110230e+001
1.919397e+002	-2.115817e+001
1.918024e+002	-3.003091e+001
1.922705e+002	-1.819625e+001
1.924272e+002	-1.701129e+001
1.926185e+002	-1.464298e+001
1.930002e+002	-5.766581e+000
1.929666e+002	-1.108950e+001
1.927946e+002	-2.114536e+001
1.924324e+002	-3.770932e+001
1.925026e+002	-3.948241e+001
1.931610e+002	-2.113987e+001
1.933177e+002	-1.995491e+001
1.932323e+002	-2.705253e+001
1.933890e+002	-2.586757e+001
1.938744e+002	-1.344134e+001
1.941695e+002	-7.522974e+000
1.941359e+002	-1.284589e+001
1.939467e+002	-2.349355e+001
1.938612e+002	-3.059137e+001
1.939314e+002	-3.236446e+001
1.942785e+002	-2.467140e+001
1.944006e+002	-2.466958e+001
1.945919e+002	-2.230127e+001
1.946102e+002	-2.584927e+001
1.945421e+002	-3.235531e+001
1.945604e+002	-3.590331e+001
1.947863e+002	-3.235165e+001
1.948738e+002	-3.353317e+001
1.952036e+002	-2.643168e+001
1.950143e+002	-3.707934e+001
1.948596e+002	-4.654364e+001
1.948779e+002	-5.009164e+001
1.950866e+002	-4.713155e+001
1.954855e+002	-3.766358e+001
1.958325e+002	-2.997053e+001
1.963179e+002	-1.754430e+001
1.963535e+002	-2.050074e+001
1.963546e+002	-2.464031e+001
1.965286e+002	-2.286356e+001
1.965988e+002	-2.463664e+001
1.966690e+002	-2.640973e+001
1.966701e+002	-3.054929e+001
1.966711e+002	-3.468908e+001
1.971738e+002	-2.167106e+001
1.979187e+002	-3.702677e-001
1.977468e+002	-1.042636e+001
1.972288e+002	-3.231506e+001
1.972817e+002	-3.467993e+001
1.974557e+002	-3.290296e+001
1.972665e+002	-4.355084e+001
1.975097e+002	-3.940740e+001
1.981854e+002	-2.047329e+001
1.986189e+002	-9.821758e+000
1.987238e+002	-1.041172e+001
1.987421e+002	-1.395972e+001
1.986912e+002	-1.987442e+001
1.981733e+002	-4.176289e+001
1.982262e+002	-4.412776e+001
1.988846e+002	-2.578523e+001
1.992316e+002	-1.809196e+001
1.994402e+002	-1.513209e+001
1.997181e+002	-9.805300e+000
1.999786e+002	-5.070513e+000
1.997893e+002	-1.571817e+001
1.995827e+002	-2.695738e+001
1.996876e+002	-2.754734e+001
1.997405e+002	-2.991199e+001
1.996896e+002	-3.582646e+001
1.999155e+002	-3.227480e+001
2.002280e+002	-2.576511e+001
2.005058e+002	-2.043853e+001
2.009220e+002	-1.037878e+001
2.013382e+002	-3.190326e-001
2.010624e+002	-1.392496e+001
2.006137e+002	-3.344718e+001
2.007012e+002	-3.462870e+001
2.010482e+002	-2.693543e+001
2.011012e+002	-2.930030e+001
2.009119e+002	-3.994795e+001
2.009821e+002	-4.172081e+001
2.010004e+002	-4.526904e+001
2.009669e+002	-5.059173e+001
2.008987e+002	-5.709799e+001
2.008305e+002	-6.360425e+001
2.011084e+002	-5.827767e+001
2.015592e+002	-4.703458e+001
2.018197e+002	-4.229980e+001
2.022878e+002	-3.046513e+001
2.026175e+002	-2.336364e+001
2.028088e+002	-2.099534e+001
2.029483e+002	-2.040195e+001
2.028109e+002	-2.927468e+001
2.026043e+002	-4.051390e+001
2.028476e+002	-3.637068e+001
2.031600e+002	-2.986076e+001
2.036108e+002	-1.861766e+001
2.036810e+002	-2.039096e+001
2.035783e+002	-2.808036e+001
2.034928e+002	-3.517818e+001
2.034419e+002	-4.109266e+001
2.037889e+002	-3.339961e+001
2.040322e+002	-2.925639e+001
2.040332e+002	-3.339595e+001
2.038439e+002	-4.404360e+001
2.042082e+002	-3.575877e+001
2.042612e+002	-3.812341e+001
2.046774e+002	-2.806389e+001
2.049379e+002	-2.332889e+001
2.045064e+002	-4.225954e+001
2.045594e+002	-4.462419e+001
2.050102e+002	-3.338131e+001
2.048209e+002	-4.402896e+001
2.050122e+002	-4.166044e+001
2.056360e+002	-2.450126e+001
2.057927e+002	-2.331607e+001
2.057592e+002	-2.863899e+001
2.059159e+002	-2.745403e+001
2.064878e+002	-1.206954e+001
2.069213e+002	-1.418223e+000
2.071645e+002	2.724988e+000
2.071483e+002	-2.006352e+000
2.075126e+002	6.278471e+000
2.073060e+002	-4.960734e+000
2.071859e+002	-1.324191e+001
2.073427e+002	-1.205674e+001
2.074821e+002	-1.146334e+001
2.077945e+002	-4.953416e+000
2.077609e+002	-1.027633e+001
2.075198e+002	-2.269890e+001
2.074343e+002	-2.979672e+001
2.076429e+002	-2.683663e+001
2.074190e+002	-3.866764e+001
2.071087e+002	-5.345668e+001
2.074384e+002	-4.635520e+001
2.080622e+002	-2.919601e+001
2.087898e+002	-8.486776e+000
2.092579e+002	3.347650e+000
2.093282e+002	1.574788e+000
2.092427e+002	-5.523245e+000
2.090188e+002	-1.735404e+001
2.095734e+002	-2.561330e+000
2.097994e+002	9.903222e-001
2.095928e+002	-1.024889e+001
2.094727e+002	-1.852984e+001
2.094045e+002	-2.503633e+001
2.091115e+002	-3.923359e+001
2.088876e+002	-5.106459e+001
2.090443e+002	-4.987941e+001
2.094605e+002	-3.981988e+001
2.096519e+002	-3.745135e+001
2.096183e+002	-4.277449e+001
2.099999e+002	-3.389809e+001
2.102777e+002	-2.857129e+001
2.105037e+002	-2.501986e+001
2.105393e+002	-2.797607e+001
2.107825e+002	-2.383285e+001
2.108700e+002	-2.501437e+001
2.109056e+002	-2.797059e+001
2.112354e+002	-2.086910e+001
2.115997e+002	-1.258427e+001
2.116699e+002	-1.435757e+001
2.116363e+002	-1.968048e+001
2.115681e+002	-2.618652e+001
2.116038e+002	-2.914296e+001
2.119854e+002	-2.026656e+001
2.123324e+002	-1.257328e+001
2.121950e+002	-2.144603e+001
2.121096e+002	-2.854385e+001
2.120241e+002	-3.564168e+001
2.124230e+002	-2.617371e+001
2.127527e+002	-1.907223e+001
2.127192e+002	-2.439514e+001
2.126164e+002	-3.208453e+001
2.125309e+002	-3.918236e+001
2.120822e+002	-5.870458e+001
2.123600e+002	-5.337801e+001
2.130876e+002	-3.266877e+001
2.136768e+002	-1.669294e+001
2.143179e+002	1.058016e+000
2.146476e+002	8.159497e+000
2.146140e+002	2.836589e+000
2.146843e+002	1.063502e+000
2.145642e+002	-7.217441e+000
2.143230e+002	-1.964023e+001
2.143760e+002	-2.200488e+001
2.146884e+002	-1.549496e+001
2.146548e+002	-2.081787e+001
2.144655e+002	-3.146553e+001
2.145531e+002	-3.264682e+001
2.146233e+002	-3.442013e+001
2.147281e+002	-3.500986e+001
2.145734e+002	-4.447417e+001
2.146956e+002	-4.447234e+001
2.150945e+002	-3.500437e+001
2.154069e+002	-2.849445e+001
2.157712e+002	-2.020985e+001
2.160144e+002	-1.606640e+001
2.161366e+002	-1.606457e+001
2.160684e+002	-2.257083e+001
2.156715e+002	-4.031814e+001
2.155342e+002	-4.919088e+001
2.157947e+002	-4.445587e+001
2.162628e+002	-3.262121e+001
2.166617e+002	-2.315324e+001
2.165070e+002	-3.261755e+001
2.163870e+002	-4.089873e+001
2.168205e+002	-3.024742e+001
2.175481e+002	-9.538178e+000
2.176356e+002	-1.071992e+001
2.171868e+002	-3.024192e+001
2.170841e+002	-3.793131e+001
2.172408e+002	-3.674636e+001
2.172764e+002	-3.970280e+001
2.175196e+002	-3.555935e+001
2.178321e+002	-2.904965e+001
2.179542e+002	-2.904782e+001
2.183704e+002	-1.898807e+001
2.186309e+002	-1.425329e+001
2.186146e+002	-1.898441e+001
2.188751e+002	-1.424963e+001
2.187551e+002	-2.253058e+001
2.184966e+002	-3.554472e+001
2.184457e+002	-4.145919e+001
2.187409e+002	-3.554105e+001
2.192263e+002	-2.311482e+001
2.195041e+002	-1.778825e+001
2.196781e+002	-1.601151e+001
2.198348e+002	-1.482655e+001
2.201473e+002	-8.316631e+000
2.205116e+002	-3.179859e-002
2.207894e+002	5.294763e+000
2.204617e+002	-1.008605e+001
2.202033e+002	-2.310019e+001
2.203427e+002	-2.250680e+001
2.207070e+002	-1.422218e+001
2.208637e+002	-1.303701e+001
2.209167e+002	-1.540165e+001
2.208312e+002	-2.249948e+001
2.209187e+002	-2.368100e+001
2.210581e+002	-2.308738e+001
2.212495e+002	-2.071907e+001
2.214754e+002	-1.716741e+001
2.218397e+002	-8.882580e+000
2.218407e+002	-1.302237e+001
2.217033e+002	-2.189511e+001
2.215833e+002	-3.017606e+001
2.215670e+002	-3.490741e+001
2.218794e+002	-2.839749e+001
2.222092e+002	-2.129600e+001
2.220372e+002	-3.135209e+001
2.223150e+002	-2.602552e+001
2.230080e+002	-6.499635e+000
2.231820e+002	-4.722894e+000
2.233387e+002	-3.537720e+000
2.235301e+002	-1.169410e+000
2.233581e+002	-1.122550e+001
2.229439e+002	-2.956437e+001
2.231699e+002	-2.601272e+001
2.234477e+002	-2.068615e+001
2.235352e+002	-2.186767e+001
2.236400e+002	-2.245739e+001
2.234335e+002	-3.369684e+001
2.235729e+002	-3.310323e+001
2.240756e+002	-2.008543e+001
2.243534e+002	-1.475886e+001
2.240258e+002	-3.013947e+001
2.240095e+002	-3.487082e+001
2.244257e+002	-2.481129e+001
2.248938e+002	-1.297663e+001
2.251543e+002	-8.241619e+000
2.252765e+002	-8.239787e+000
2.249315e+002	-2.421219e+001
2.247249e+002	-3.545141e+001
2.246568e+002	-4.195766e+001
2.247443e+002	-4.313919e+001
2.253508e+002	-2.657135e+001
2.256286e+002	-2.124478e+001
2.251107e+002	-4.313370e+001
2.249041e+002	-5.437292e+001
2.250089e+002	-5.496266e+001
2.256500e+002	-3.721168e+001
2.263258e+002	-1.827736e+001
2.266728e+002	-1.058454e+001
2.267257e+002	-1.294918e+001
2.265883e+002	-2.182193e+001
2.264163e+002	-3.187779e+001
2.266768e+002	-2.714301e+001
2.269893e+002	-2.063309e+001
2.273017e+002	-1.412338e+001
2.274065e+002	-1.471312e+001
2.272864e+002	-2.299407e+001
2.276162e+002	-1.589259e+001
2.275826e+002	-2.121550e+001
2.277912e+002	-1.825540e+001
2.278095e+002	-2.180363e+001
2.278625e+002	-2.416827e+001
2.281749e+002	-1.765836e+001
2.285046e+002	-1.055710e+001
2.282634e+002	-2.297944e+001
2.280050e+002	-3.599379e+001
2.282309e+002	-3.244192e+001
2.286990e+002	-2.060747e+001
2.289249e+002	-1.705581e+001
2.290471e+002	-1.705399e+001
2.292557e+002	-1.409411e+001
2.293951e+002	-1.350050e+001
2.297767e+002	-4.624096e+000
2.304351e+002	1.371843e+001
2.306092e+002	1.549517e+001
2.302642e+002	-4.772135e-001
2.298846e+002	-1.763274e+001
2.295570e+002	-3.301357e+001
2.294196e+002	-4.188631e+001
2.296109e+002	-3.951801e+001
2.299407e+002	-3.241630e+001
2.304607e+002	-1.880694e+001
2.305828e+002	-1.880511e+001
2.302551e+002	-3.418595e+001
2.303253e+002	-3.595903e+001
2.304993e+002	-3.418229e+001
2.310021e+002	-2.116427e+001
2.315567e+002	-6.371566e+000
2.311598e+002	-2.411888e+001
2.307976e+002	-4.068284e+001
2.306602e+002	-4.955558e+001
2.307131e+002	-5.192045e+001
2.312850e+002	-3.653596e+001
2.317012e+002	-2.647621e+001
2.321693e+002	-1.464177e+001
2.324472e+002	-9.314975e+000
2.326385e+002	-6.946665e+000
2.326568e+002	-1.049489e+001
2.325021e+002	-1.995919e+001
2.326935e+002	-1.759067e+001
2.331962e+002	-4.572870e+000
2.331799e+002	-9.303993e+000
2.329042e+002	-2.290992e+001
2.328014e+002	-3.059953e+001
2.328024e+002	-3.473909e+001
2.330283e+002	-3.118743e+001
2.332889e+002	-2.645242e+001
2.339300e+002	-8.701454e+000
2.345711e+002	9.049280e+000
2.347278e+002	1.023446e+001
2.344347e+002	-3.963012e+000
2.340379e+002	-2.171033e+001
2.340043e+002	-2.703323e+001
