    nm         	pN
0.000000e+000	5.165363e+002
7.021655e-002	5.147628e+002
1.058390e-001	5.118063e+002
7.227310e-002	5.064836e+002
1.251902e-001	5.041185e+002
1.781088e-001	5.017535e+002
5.806006e-002	4.934731e+002
-2.739620e-002	4.863757e+002
2.552247e-002	4.840107e+002
6.114489e-002	4.810542e+002
7.946942e-002	4.775061e+002
9.779395e-002	4.739580e+002
9.882223e-002	4.698184e+002
-3.929476e-003	4.621295e+002
-2.019989e-002	4.573982e+002
-7.106201e-002	4.514840e+002
-1.392220e-001	4.449781e+002
-1.727863e-001	4.396554e+002
-1.544609e-001	4.361073e+002
-2.053230e-001	4.301931e+002
-2.042964e-001	4.260534e+002
-1.513769e-001	4.236884e+002
-1.157537e-001	4.207319e+002
-1.493195e-001	4.154092e+002
-1.655867e-001	4.106780e+002
-9.537258e-002	4.089045e+002
-1.462355e-001	4.029903e+002
-1.798014e-001	3.976675e+002
-2.479597e-001	3.911617e+002
-2.988235e-001	3.852474e+002
-2.804982e-001	3.816993e+002
-2.621728e-001	3.781512e+002
-2.438483e-001	3.746031e+002
-3.120058e-001	3.680974e+002
-2.417909e-001	3.663239e+002
-2.407634e-001	3.621842e+002
-2.397343e-001	3.580446e+002
-3.597848e-001	3.497641e+002
-4.106469e-001	3.438499e+002
-4.269165e-001	3.391186e+002
-3.566991e-001	3.373453e+002
-2.864842e-001	3.355718e+002
-2.335655e-001	3.332068e+002
-3.017247e-001	3.267010e+002
-3.179943e-001	3.219698e+002
-3.688548e-001	3.160555e+002
-3.505319e-001	3.125074e+002
-4.186902e-001	3.060016e+002
-5.041457e-001	2.989042e+002
-5.723049e-001	2.923984e+002
-5.885745e-001	2.876672e+002
-5.702500e-001	2.841191e+002
-5.865188e-001	2.793879e+002
-6.373801e-001	2.734737e+002
-6.536481e-001	2.687425e+002
-6.699168e-001	2.640113e+002
-7.034827e-001	2.586886e+002
-6.505640e-001	2.563236e+002
-6.322395e-001	2.527755e+002
-6.312120e-001	2.486358e+002
-6.128851e-001	2.450878e+002
-6.291547e-001	2.403566e+002
-6.973139e-001	2.338507e+002
-6.616914e-001	2.308942e+002
-6.779602e-001	2.261630e+002
-7.115261e-001	2.208403e+002
-7.104978e-001	2.167006e+002
-6.748762e-001	2.137441e+002
-6.911450e-001	2.090129e+002
-7.593034e-001	2.025071e+002
-6.717906e-001	2.013252e+002
-4.459036e-001	2.048757e+002
-3.065012e-001	2.054684e+002
-2.189884e-001	2.042865e+002
-2.179602e-001	2.001469e+002
-1.650407e-001	1.977819e+002
-1.294191e-001	1.948254e+002
-1.456871e-001	1.900942e+002
-7.547212e-002	1.883207e+002
-1.090380e-001	1.829980e+002
-2.117905e-001	1.753091e+002
-2.280585e-001	1.705779e+002
-1.578436e-001	1.688045e+002
-1.049249e-001	1.664395e+002
-1.038966e-001	1.622998e+002
-3.368086e-002	1.605264e+002
1.923700e-002	1.581614e+002
-6.621926e-002	1.510640e+002
-1.516747e-001	1.439666e+002
-2.198339e-001	1.374608e+002
-2.015085e-001	1.339127e+002
-2.696677e-001	1.274069e+002
-2.859374e-001	1.226757e+002
-2.330179e-001	1.203107e+002
-5.902132e-002	1.220866e+002
1.322731e-001	1.244540e+002
2.024888e-001	1.226805e+002
2.727038e-001	1.209071e+002
2.564358e-001	1.161759e+002
2.228699e-001	1.108532e+002
2.238982e-001	1.067135e+002
2.249265e-001	1.025739e+002
1.740644e-001	9.665961e+001
1.750926e-001	9.251998e+001
2.280113e-001	9.015499e+001
1.598521e-001	8.364916e+001
1.435833e-001	7.891797e+001
1.446108e-001	7.477833e+001
7.645160e-002	6.827251e+001
9.477694e-002	6.472443e+001
1.303986e-001	6.176788e+001
1.314268e-001	5.762824e+001
1.151580e-001	5.289705e+001
4.699884e-002	4.639123e+001
9.991752e-002	4.402624e+001
1.355399e-001	4.106970e+001
1.538645e-001	3.752161e+001
1.894869e-001	3.456508e+001
3.980784e-001	3.752402e+001
4.336992e-001	3.456748e+001
5.558061e-001	3.456868e+001
6.779131e-001	3.456988e+001
6.270493e-001	2.865559e+001
6.799680e-001	2.629060e+001
6.982941e-001	2.274252e+001
9.068840e-001	2.570145e+001
1.150068e+000	2.984348e+001
1.393254e+000	3.398551e+001
1.411578e+000	3.043743e+001
1.378012e+000	2.511471e+001
1.361744e+000	2.038352e+001
1.362773e+000	1.624388e+001
1.329207e+000	1.092116e+001
1.399422e+000	9.147708e+000
1.608013e+000	1.210665e+001
1.453370e+000	2.643082e+000
1.298726e+000	-6.820473e+000
1.299754e+000	-1.096011e+001
1.352673e+000	-1.332511e+001
1.613154e+000	-8.591521e+000
1.960121e+000	-9.001961e-001
1.840071e+000	-9.180670e+000
1.581645e+000	-2.219352e+001
1.513485e+000	-2.869936e+001
1.497217e+000	-3.343053e+001
1.532840e+000	-3.638707e+001
1.585758e+000	-3.875207e+001
1.413818e+000	-4.880718e+001
1.484032e+000	-5.058062e+001
1.709920e+000	-4.703014e+001
1.676356e+000	-5.235287e+001
1.677384e+000	-5.649251e+001
1.816787e+000	-5.589976e+001
1.973487e+000	-5.471547e+001
1.991811e+000	-5.826355e+001
2.165809e+000	-5.648771e+001
2.184133e+000	-6.003580e+001
1.839225e+000	-7.600639e+001
1.736473e+000	-8.369530e+001
1.875874e+000	-8.310257e+001
1.963389e+000	-8.428443e+001
1.739567e+000	-9.611382e+001
1.515747e+000	-1.079432e+002
1.516779e+000	-1.120827e+002
1.656182e+000	-1.114900e+002
1.726399e+000	-1.132634e+002
1.762024e+000	-1.162198e+002
1.763056e+000	-1.203593e+002
1.850569e+000	-1.215412e+002
1.903490e+000	-1.239061e+002
2.285041e+000	-1.150320e+002
2.337962e+000	-1.173969e+002
1.993068e+000	-1.333670e+002
2.443804e+000	-1.221267e+002
2.808058e+000	-1.138441e+002
3.033943e+000	-1.102937e+002
3.242531e+000	-1.073349e+002
3.364638e+000	-1.073337e+002
3.452153e+000	-1.085156e+002
3.972073e+000	-9.490918e+001
4.180662e+000	-9.195033e+001
4.233584e+000	-9.431524e+001
4.321096e+000	-9.549710e+001
4.166461e+000	-1.049604e+002
4.392346e+000	-1.014100e+002
4.825786e+000	-9.076127e+001
5.155448e+000	-8.366172e+001
5.294851e+000	-8.306898e+001
5.468848e+000	-8.129314e+001
5.504471e+000	-8.424964e+001
5.609281e+000	-8.483998e+001
5.714091e+000	-8.543031e+001
5.801605e+000	-8.661216e+001
6.062084e+000	-8.187869e+001
6.322564e+000	-7.714510e+001
6.340890e+000	-8.069320e+001
6.480293e+000	-8.010044e+001
6.481321e+000	-8.424005e+001
6.205613e+000	-9.784403e+001
6.414199e+000	-9.488518e+001
6.691975e+000	-8.956021e+001
6.658413e+000	-9.488279e+001
6.867002e+000	-9.192393e+001
7.162071e+000	-8.600744e+001
7.128510e+000	-9.133001e+001
6.939281e+000	-1.019764e+002
6.750054e+000	-1.126227e+002
7.010531e+000	-1.078892e+002
7.253712e+000	-1.037473e+002
7.358522e+000	-1.043377e+002
7.238478e+000	-1.126179e+002
7.291400e+000	-1.149828e+002
7.448100e+000	-1.137985e+002
7.414539e+000	-1.191211e+002
7.346385e+000	-1.256267e+002
7.295528e+000	-1.315408e+002
7.573301e+000	-1.262159e+002
7.539740e+000	-1.315384e+002
7.108364e+000	-1.504662e+002
7.213175e+000	-1.510565e+002
7.404465e+000	-1.486892e+002
7.128756e+000	-1.622932e+002
7.371937e+000	-1.581513e+002
7.736191e+000	-1.498687e+002
7.702631e+000	-1.551912e+002
7.703662e+000	-1.593308e+002
8.085214e+000	-1.504566e+002
8.120838e+000	-1.534130e+002
8.277538e+000	-1.522288e+002
8.365051e+000	-1.534107e+002
8.279601e+000	-1.605078e+002
8.021189e+000	-1.735203e+002
8.160590e+000	-1.729275e+002
8.334586e+000	-1.711517e+002
8.404804e+000	-1.729251e+002
8.146390e+000	-1.859376e+002
8.199311e+000	-1.883025e+002
9.082457e+000	-1.622740e+002
9.948305e+000	-1.368370e+002
1.065849e+001	-1.167238e+002
1.097085e+001	-1.102158e+002
1.116215e+001	-1.078485e+002
1.149181e+001	-1.007489e+002
1.164851e+001	-9.956465e+001
1.168413e+001	-1.025211e+002
1.211757e+001	-9.187236e+001
1.237805e+001	-8.713892e+001
1.250016e+001	-8.713772e+001
1.241471e+001	-9.423488e+001
1.253681e+001	-9.423368e+001
1.276270e+001	-9.068330e+001
1.260806e+001	-1.001466e+002
1.241883e+001	-1.107929e+002
1.299064e+001	-9.541194e+001
1.325112e+001	-9.067851e+001
1.313108e+001	-9.895872e+001
1.306293e+001	-1.054643e+002
1.334070e+001	-1.001394e+002
1.348010e+001	-9.954666e+001
1.318710e+001	-1.137422e+002
1.282490e+001	-1.303038e+002
1.282594e+001	-1.344433e+002
1.313830e+001	-1.279353e+002
1.319122e+001	-1.303002e+002
1.320955e+001	-1.338482e+002
1.378136e+001	-1.184672e+002
1.393806e+001	-1.172830e+002
1.364506e+001	-1.314785e+002
1.326557e+001	-1.486316e+002
1.328390e+001	-1.521796e+002
1.357897e+001	-1.462631e+002
1.420267e+001	-1.291076e+002
1.454963e+001	-1.214165e+002
1.467173e+001	-1.214153e+002
1.489762e+001	-1.178649e+002
1.493324e+001	-1.208213e+002
1.510724e+001	-1.190456e+002
1.503908e+001	-1.255512e+002
1.502282e+001	-1.302822e+002
1.550815e+001	-1.178589e+002
1.573403e+001	-1.143085e+002
1.566588e+001	-1.208142e+002
1.580528e+001	-1.202214e+002
1.582361e+001	-1.237694e+002
1.579005e+001	-1.290920e+002
1.549704e+001	-1.432875e+002
1.580941e+001	-1.367794e+002
1.601800e+001	-1.338206e+002
1.588066e+001	-1.426923e+002
1.593358e+001	-1.450573e+002
1.626324e+001	-1.379577e+002
1.657561e+001	-1.314497e+002
1.655934e+001	-1.361807e+002
1.654308e+001	-1.409118e+002
1.647492e+001	-1.474174e+002
1.687377e+001	-1.379517e+002
1.741099e+001	-1.237538e+002
1.765417e+001	-1.196119e+002
1.798383e+001	-1.125123e+002
1.803676e+001	-1.148773e+002
1.798590e+001	-1.207913e+002
1.817719e+001	-1.184240e+002
1.828200e+001	-1.190144e+002
1.830033e+001	-1.225623e+002
1.837055e+001	-1.243357e+002
1.826780e+001	-1.320244e+002
1.826883e+001	-1.361639e+002
1.852931e+001	-1.314305e+002
1.859953e+001	-1.332039e+002
1.865245e+001	-1.355688e+002
1.842863e+001	-1.473982e+002
1.839507e+001	-1.527208e+002
1.869013e+001	-1.468043e+002
1.874306e+001	-1.491692e+002
1.889975e+001	-1.479849e+002
1.886620e+001	-1.533075e+002
1.904019e+001	-1.515317e+002
1.964659e+001	-1.349677e+002
1.980329e+001	-1.337834e+002
1.971784e+001	-1.408806e+002
1.990913e+001	-1.385133e+002
2.003124e+001	-1.385121e+002
2.023983e+001	-1.355532e+002
2.013708e+001	-1.432419e+002
2.022460e+001	-1.444238e+002
2.107315e+001	-1.195783e+002
2.204278e+001	-9.059214e+001
2.266649e+001	-7.343629e+001
2.275400e+001	-7.461819e+001
2.299718e+001	-7.047615e+001
2.332685e+001	-6.337638e+001
2.327599e+001	-6.929066e+001
2.329431e+001	-7.283875e+001
2.312237e+001	-8.289387e+001
2.298503e+001	-9.176561e+001
2.328010e+001	-8.584911e+001
2.350599e+001	-8.229872e+001
2.383566e+001	-7.519894e+001
2.395776e+001	-7.519774e+001
2.406257e+001	-7.578809e+001
2.449602e+001	-6.513903e+001
2.467002e+001	-6.336318e+001
2.456727e+001	-7.105211e+001
2.477586e+001	-6.809317e+001
2.474229e+001	-7.341590e+001
2.451846e+001	-8.524559e+001
2.439842e+001	-9.352581e+001
2.462431e+001	-8.997543e+001
2.500586e+001	-8.110122e+001
2.507607e+001	-8.287467e+001
2.519818e+001	-8.287347e+001
2.547596e+001	-7.754834e+001
2.547699e+001	-8.168797e+001
2.549531e+001	-8.523598e+001
2.568661e+001	-8.286867e+001
2.558386e+001	-9.055736e+001
2.546382e+001	-9.883758e+001
2.524000e+001	-1.106670e+002
2.511995e+001	-1.189472e+002
2.536314e+001	-1.148053e+002
2.590035e+001	-1.006074e+002
2.616083e+001	-9.587393e+001
2.619645e+001	-9.883038e+001
2.598993e+001	-1.100683e+002
2.576611e+001	-1.218976e+002
2.588822e+001	-1.218964e+002
2.642544e+001	-1.076985e+002
2.644376e+001	-1.112465e+002
2.647939e+001	-1.142030e+002
2.673986e+001	-1.094695e+002
2.646416e+001	-1.230735e+002
2.611926e+001	-1.390436e+002
2.667378e+001	-1.242542e+002
2.710721e+001	-1.136054e+002
2.707366e+001	-1.189280e+002
2.736873e+001	-1.130115e+002
2.742165e+001	-1.153764e+002
2.731890e+001	-1.230651e+002
2.747560e+001	-1.218809e+002
2.766689e+001	-1.195135e+002
2.759874e+001	-1.260192e+002
2.742680e+001	-1.360740e+002
2.747973e+001	-1.384389e+002
2.782668e+001	-1.307478e+002
2.841579e+001	-1.147753e+002
2.850331e+001	-1.159572e+002
2.805463e+001	-1.354764e+002
2.790000e+001	-1.449397e+002
2.807399e+001	-1.431639e+002
2.831717e+001	-1.390220e+002
2.904465e+001	-1.183173e+002
2.944350e+001	-1.088516e+002
2.913320e+001	-1.236387e+002
2.875371e+001	-1.407918e+002
2.856448e+001	-1.514382e+002
2.868659e+001	-1.514369e+002
2.870492e+001	-1.549849e+002
2.893080e+001	-1.514346e+002
2.908750e+001	-1.502503e+002
2.924420e+001	-1.490660e+002
2.919334e+001	-1.549801e+002
2.903871e+001	-1.644434e+002
2.902244e+001	-1.691745e+002
2.912725e+001	-1.697648e+002
2.931855e+001	-1.673975e+002
2.975198e+001	-1.567487e+002
2.999517e+001	-1.526068e+002
2.970216e+001	-1.668023e+002
2.965130e+001	-1.727165e+002
2.956585e+001	-1.798136e+002
2.934203e+001	-1.916430e+002
2.951603e+001	-1.898672e+002
2.972461e+001	-1.869084e+002
2.934513e+001	-2.040615e+002
2.941534e+001	-2.058349e+002
2.957204e+001	-2.046506e+002
2.964226e+001	-2.064240e+002
2.972977e+001	-2.076059e+002
2.990377e+001	-2.058301e+002
2.987021e+001	-2.111527e+002
3.028635e+001	-2.010955e+002
3.047765e+001	-1.987282e+002
3.051327e+001	-2.016846e+002
3.035863e+001	-2.111479e+002
3.023859e+001	-2.194281e+002
3.077581e+001	-2.052302e+002
3.105358e+001	-1.999052e+002
3.095084e+001	-2.075939e+002
3.077891e+001	-2.176487e+002
3.071075e+001	-2.241543e+002
3.088475e+001	-2.223786e+002
3.164682e+001	-2.004907e+002
3.237430e+001	-1.797860e+002
3.265207e+001	-1.744610e+002
3.277418e+001	-1.744598e+002
3.253306e+001	-1.868808e+002
3.224006e+001	-2.010763e+002
3.248324e+001	-1.969344e+002
3.295127e+001	-1.851026e+002
3.381712e+001	-1.596656e+002
3.485593e+001	-1.283133e+002
3.591204e+001	-9.636951e+001
3.717573e+001	-5.732656e+001
3.778215e+001	-4.076202e+001
3.766210e+001	-4.904250e+001
3.780150e+001	-4.844974e+001
3.806198e+001	-4.371616e+001
3.814949e+001	-4.489806e+001
3.835808e+001	-4.193912e+001
3.823803e+001	-5.021959e+001
3.834284e+001	-5.080994e+001
3.893197e+001	-3.483695e+001
3.922704e+001	-2.892027e+001
3.927996e+001	-3.128526e+001
3.919450e+001	-3.838263e+001
3.924742e+001	-4.074763e+001
3.935223e+001	-4.133798e+001
3.909381e+001	-5.435083e+001
3.933699e+001	-5.020879e+001
3.973584e+001	-4.074283e+001
3.977147e+001	-4.369937e+001
4.039519e+001	-2.654328e+001
4.089782e+001	-1.352804e+001
4.088155e+001	-1.825921e+001
4.031179e+001	-4.191993e+001
4.045119e+001	-4.132718e+001
4.081545e+001	-3.304431e+001
4.114512e+001	-2.594454e+001
4.107696e+001	-3.245036e+001
4.130285e+001	-2.889988e+001
4.151144e+001	-2.594094e+001
4.132220e+001	-3.658760e+001
4.137512e+001	-3.895260e+001
4.179127e+001	-2.889508e+001
4.215553e+001	-2.061221e+001
4.208738e+001	-2.711804e+001
4.182895e+001	-4.013090e+001
4.153593e+001	-5.432685e+001
4.195208e+001	-4.426932e+001
4.267958e+001	-2.356396e+001
4.299195e+001	-1.705573e+001
4.275083e+001	-2.947703e+001
4.257889e+001	-3.953214e+001
4.232046e+001	-5.254501e+001
4.220041e+001	-6.082547e+001
4.206306e+001	-6.969749e+001
4.254840e+001	-5.727378e+001
4.325861e+001	-3.715996e+001
4.358827e+001	-3.006018e+001
4.372768e+001	-2.946744e+001
4.374600e+001	-3.301553e+001
4.395459e+001	-3.005659e+001
4.409400e+001	-2.946384e+001
4.380098e+001	-4.365979e+001
4.378471e+001	-4.839098e+001
4.373384e+001	-5.430525e+001
4.359650e+001	-6.317727e+001
4.347645e+001	-7.145774e+001
4.397909e+001	-5.844249e+001
4.420497e+001	-5.489200e+001
4.436167e+001	-5.370770e+001
4.470864e+001	-4.601639e+001
4.536695e+001	-2.767720e+001
4.533338e+001	-3.299994e+001
4.498848e+001	-4.897053e+001
4.537003e+001	-4.009611e+001
4.538836e+001	-4.364420e+001
4.511264e+001	-5.724860e+001
4.511367e+001	-6.138823e+001
4.532226e+001	-5.842930e+001
4.585949e+001	-4.423095e+001
4.629294e+001	-3.358188e+001
4.631126e+001	-3.712997e+001
4.658904e+001	-3.180484e+001
4.693601e+001	-2.411353e+001
4.719649e+001	-1.937994e+001
4.704184e+001	-2.884351e+001
4.683531e+001	-4.008172e+001
4.709579e+001	-3.534813e+001
4.763302e+001	-2.114979e+001
4.737460e+001	-3.416264e+001
4.701239e+001	-5.072478e+001
4.708261e+001	-5.249822e+001
4.706634e+001	-5.722941e+001
4.751708e+001	-4.598880e+001
4.736244e+001	-5.545236e+001
4.744996e+001	-5.663426e+001
4.788340e+001	-4.598520e+001
4.823037e+001	-3.829388e+001
4.830058e+001	-4.006732e+001
4.833621e+001	-4.302386e+001
4.863128e+001	-3.710718e+001
4.854583e+001	-4.420455e+001
4.842578e+001	-5.248503e+001
4.851329e+001	-5.366693e+001
4.842783e+001	-6.076430e+001
4.858453e+001	-5.958000e+001
4.905258e+001	-4.774785e+001
4.934765e+001	-4.183117e+001
4.933138e+001	-4.656235e+001
4.943619e+001	-4.715270e+001
4.964478e+001	-4.419376e+001
4.980148e+001	-4.300947e+001
4.954306e+001	-5.602232e+001
4.963057e+001	-5.720422e+001
4.970079e+001	-5.897766e+001
4.959804e+001	-6.666658e+001
4.954717e+001	-7.258086e+001
4.960009e+001	-7.494586e+001
4.991246e+001	-6.843763e+001
5.020754e+001	-6.252095e+001
5.036424e+001	-6.133666e+001
5.039986e+001	-6.429320e+001
5.072953e+001	-5.719342e+001
5.097271e+001	-5.305139e+001
5.095644e+001	-5.778257e+001
5.094017e+001	-6.251376e+001
5.128714e+001	-5.482243e+001
5.139195e+001	-5.541278e+001
5.116812e+001	-6.724254e+001
5.160157e+001	-5.659348e+001
5.227718e+001	-3.766274e+001
5.260684e+001	-3.056298e+001
5.267706e+001	-3.233641e+001
5.250512e+001	-4.239153e+001
5.235048e+001	-5.185510e+001
5.216124e+001	-6.250176e+001
5.250820e+001	-5.481044e+001
5.313192e+001	-3.765435e+001
5.351348e+001	-2.877994e+001
5.367018e+001	-2.759564e+001
5.353283e+001	-3.646766e+001
5.339549e+001	-4.533967e+001
5.294680e+001	-6.485956e+001
5.260189e+001	-8.083015e+001
5.301804e+001	-7.077264e+001
5.365905e+001	-5.302500e+001
5.398872e+001	-4.592522e+001
5.386867e+001	-5.420570e+001
5.400807e+001	-5.361295e+001
5.413018e+001	-5.361175e+001
5.416580e+001	-5.656830e+001
5.446088e+001	-5.065162e+001
5.463487e+001	-4.887577e+001
5.510292e+001	-3.704361e+001
5.548448e+001	-2.816919e+001
5.562388e+001	-2.757645e+001
5.569409e+001	-2.934989e+001
5.564323e+001	-3.526417e+001
5.567886e+001	-3.822070e+001
5.567988e+001	-4.236034e+001
5.554254e+001	-5.123237e+001
5.571653e+001	-4.945652e+001
5.595972e+001	-4.531449e+001
5.602993e+001	-4.708793e+001
5.613474e+001	-4.767828e+001
5.653360e+001	-3.821232e+001
5.689786e+001	-2.992945e+001
5.724483e+001	-2.223812e+001
5.705559e+001	-3.288479e+001
5.655501e+001	-5.417931e+001
5.674630e+001	-5.181192e+001
5.728353e+001	-3.761357e+001
5.759590e+001	-3.110535e+001
5.790828e+001	-2.459712e+001
5.813417e+001	-2.104663e+001
5.804871e+001	-2.814401e+001
5.792866e+001	-3.642447e+001
5.780861e+001	-4.470495e+001
5.794801e+001	-4.411220e+001
5.801823e+001	-4.588565e+001
5.819222e+001	-4.410980e+001
5.819325e+001	-4.824944e+001
5.814239e+001	-5.416372e+001
5.828180e+001	-5.357097e+001
5.866335e+001	-4.469656e+001
5.885465e+001	-4.232916e+001
5.911513e+001	-3.759558e+001
5.930642e+001	-3.522819e+001
5.930745e+001	-3.936783e+001
5.939496e+001	-4.054972e+001
5.975922e+001	-3.226685e+001
6.040024e+001	-1.451921e+001
6.022830e+001	-2.457433e+001
5.986609e+001	-4.113647e+001
5.959037e+001	-5.474087e+001
5.967788e+001	-5.592277e+001
5.986917e+001	-5.355538e+001
6.018155e+001	-4.704715e+001
6.052851e+001	-3.935583e+001
6.044306e+001	-4.645320e+001
6.047868e+001	-4.940974e+001
6.051430e+001	-5.236629e+001
6.060181e+001	-5.354818e+001
6.075852e+001	-5.236389e+001
6.114008e+001	-4.348946e+001
6.160812e+001	-3.165731e+001
6.171292e+001	-3.224766e+001
6.183503e+001	-3.224646e+001
6.149013e+001	-4.821705e+001
6.154304e+001	-5.058205e+001
6.187271e+001	-4.348227e+001
6.201211e+001	-4.288952e+001
6.199585e+001	-4.762071e+001
6.218714e+001	-4.525332e+001
6.239573e+001	-4.229437e+001
6.255243e+001	-4.111008e+001
6.286480e+001	-3.460186e+001
6.279664e+001	-4.110768e+001
6.259011e+001	-5.234589e+001
6.267762e+001	-5.352778e+001
6.276513e+001	-5.470968e+001
6.340615e+001	-3.696204e+001
6.363204e+001	-3.341157e+001
6.397900e+001	-2.572024e+001
6.415300e+001	-2.394440e+001
6.366971e+001	-4.464738e+001
6.349777e+001	-5.470249e+001
6.337772e+001	-6.298296e+001
6.346524e+001	-6.416485e+001
6.357004e+001	-6.475520e+001
6.345000e+001	-7.303567e+001
6.388345e+001	-6.238662e+001
6.438609e+001	-4.937136e+001
6.461197e+001	-4.582087e+001
6.424976e+001	-6.238302e+001
6.411242e+001	-7.125503e+001
6.483991e+001	-5.054966e+001
6.532525e+001	-3.812595e+001
6.522250e+001	-4.581488e+001
6.548298e+001	-4.108130e+001
6.586454e+001	-3.220687e+001
6.574449e+001	-4.048735e+001
6.560715e+001	-4.935936e+001
6.560818e+001	-5.349900e+001
6.560920e+001	-5.763864e+001
6.578320e+001	-5.586280e+001
6.628584e+001	-4.284754e+001
6.665010e+001	-3.456467e+001
6.642627e+001	-4.639443e+001
6.654837e+001	-4.639323e+001
6.696452e+001	-3.633572e+001
6.696555e+001	-4.047536e+001
6.670713e+001	-5.348821e+001
6.651789e+001	-6.413487e+001
6.667459e+001	-6.295057e+001
6.686589e+001	-6.058318e+001
6.726474e+001	-5.111722e+001
6.794035e+001	-3.218648e+001
6.814894e+001	-2.922754e+001
6.768295e+001	-4.933898e+001
6.782236e+001	-4.874623e+001
6.808284e+001	-4.401264e+001
6.832602e+001	-3.987061e+001
6.858650e+001	-3.513703e+001
6.863942e+001	-3.750202e+001
6.838100e+001	-5.051488e+001
6.812257e+001	-6.352772e+001
6.840035e+001	-5.820260e+001
6.852245e+001	-5.820140e+001
6.874834e+001	-5.465091e+001
6.911261e+001	-4.636804e+001
6.926930e+001	-4.518375e+001
6.895899e+001	-5.997124e+001
6.882164e+001	-6.884326e+001
6.935888e+001	-5.464491e+001
6.951557e+001	-5.346062e+001
6.920526e+001	-6.824812e+001
6.939656e+001	-6.588072e+001
6.977811e+001	-5.700631e+001
6.990022e+001	-5.700511e+001
7.003962e+001	-5.641236e+001
7.043848e+001	-4.694639e+001
7.071625e+001	-4.162127e+001
7.073458e+001	-4.516936e+001
7.057994e+001	-5.463292e+001
7.037340e+001	-6.587113e+001
7.051280e+001	-6.527838e+001
7.120571e+001	-4.575611e+001
7.141430e+001	-4.279717e+001
7.112128e+001	-5.699312e+001
7.124339e+001	-5.699192e+001
7.152116e+001	-5.166678e+001
7.200651e+001	-3.924308e+001
7.280319e+001	-1.617151e+001
7.289071e+001	-1.735340e+001
7.239012e+001	-3.864794e+001
7.207981e+001	-5.343543e+001
7.194246e+001	-6.230745e+001
7.223753e+001	-5.639077e+001
7.265369e+001	-4.633326e+001
7.256823e+001	-5.343063e+001
7.237900e+001	-6.407729e+001
7.241461e+001	-6.703384e+001
7.279618e+001	-5.815941e+001
7.283180e+001	-6.111596e+001
7.307499e+001	-5.697393e+001
7.316250e+001	-5.815582e+001
7.311164e+001	-6.407010e+001
7.302618e+001	-7.116747e+001
7.351152e+001	-5.874377e+001
7.392767e+001	-4.868625e+001
7.349628e+001	-6.761459e+001
7.318596e+001	-8.240209e+001
7.334266e+001	-8.121779e+001
7.339558e+001	-8.358275e+001
7.355228e+001	-8.239848e+001
7.414140e+001	-6.642550e+001
7.457485e+001	-5.577643e+001
7.485263e+001	-5.045131e+001
7.485366e+001	-5.459094e+001
7.438767e+001	-7.470237e+001
7.421573e+001	-8.475741e+001
7.454540e+001	-7.765771e+001
7.494425e+001	-6.819174e+001
7.504907e+001	-6.878209e+001
7.499820e+001	-7.469637e+001
7.524139e+001	-7.055433e+001
7.591699e+001	-5.162360e+001
7.655801e+001	-3.387597e+001
7.643796e+001	-4.215644e+001
7.659466e+001	-4.097214e+001
7.671677e+001	-4.097094e+001
7.680428e+001	-4.215284e+001
7.673611e+001	-4.865866e+001
7.666796e+001	-5.516450e+001
7.647872e+001	-6.581116e+001
7.627219e+001	-7.704937e+001
7.639429e+001	-7.704817e+001
7.604939e+001	-9.301844e+001
7.596394e+001	-1.001156e+002
7.660494e+001	-8.236850e+001
7.726324e+001	-6.402932e+001
7.754102e+001	-5.870419e+001
7.761124e+001	-6.047764e+001
7.773335e+001	-6.047644e+001
7.769978e+001	-6.579916e+001
7.751054e+001	-7.644582e+001
7.752887e+001	-7.999391e+001
7.773746e+001	-7.703498e+001
7.792875e+001	-7.466758e+001
7.825842e+001	-6.756781e+001
7.827675e+001	-7.111590e+001
7.832967e+001	-7.348089e+001
7.846907e+001	-7.288815e+001
7.881604e+001	-6.519682e+001
7.893814e+001	-6.519562e+001
7.880080e+001	-7.406764e+001
7.845590e+001	-9.003800e+001
7.831856e+001	-9.890974e+001
7.859633e+001	-9.358478e+001
7.875303e+001	-9.240052e+001
7.877136e+001	-9.594851e+001
7.892805e+001	-9.476424e+001
7.930961e+001	-8.589009e+001
7.939712e+001	-8.707195e+001
7.925978e+001	-9.594370e+001
7.962404e+001	-8.766108e+001
7.991910e+001	-8.174457e+001
8.009310e+001	-7.996873e+001
8.014602e+001	-8.233372e+001
8.007787e+001	-8.883935e+001
8.004431e+001	-9.416191e+001
7.990697e+001	-1.030337e+002
7.992530e+001	-1.065816e+002
7.989173e+001	-1.119042e+002
8.058462e+001	-9.238253e+001
8.101807e+001	-8.173377e+001
8.100180e+001	-8.646483e+001
8.119309e+001	-8.409751e+001
8.122871e+001	-8.705395e+001
8.107408e+001	-9.651724e+001
8.117889e+001	-9.710757e+001
8.159503e+001	-8.705037e+001
8.199388e+001	-7.758454e+001
8.163169e+001	-9.414632e+001
8.133868e+001	-1.083418e+002
8.152998e+001	-1.059745e+002
8.173856e+001	-1.030157e+002
8.177419e+001	-1.059721e+002
8.187900e+001	-1.065624e+002
8.203570e+001	-1.053782e+002
8.210591e+001	-1.071516e+002
8.198587e+001	-1.154318e+002
8.209068e+001	-1.160221e+002
8.216089e+001	-1.177955e+002
8.216193e+001	-1.219350e+002
8.235322e+001	-1.195677e+002
8.238884e+001	-1.225242e+002
8.238988e+001	-1.266637e+002
8.240821e+001	-1.302116e+002
8.240924e+001	-1.343512e+002
8.275619e+001	-1.266601e+002
8.310315e+001	-1.189690e+002
8.317338e+001	-1.207424e+002
8.322630e+001	-1.231073e+002
8.326192e+001	-1.260637e+002
8.336673e+001	-1.266541e+002
8.357532e+001	-1.236952e+002
8.366283e+001	-1.248771e+002
8.385413e+001	-1.225098e+002
8.375137e+001	-1.301984e+002
8.409834e+001	-1.225074e+002
8.432422e+001	-1.189570e+002
8.418688e+001	-1.278287e+002
8.408414e+001	-1.355174e+002
8.394679e+001	-1.443892e+002
8.403431e+001	-1.455710e+002
8.413912e+001	-1.461614e+002
8.396719e+001	-1.562162e+002
8.438333e+001	-1.461590e+002
8.504163e+001	-1.278203e+002
8.519832e+001	-1.266361e+002
8.500910e+001	-1.372824e+002
8.507931e+001	-1.390558e+002
8.504576e+001	-1.443784e+002
8.504679e+001	-1.485179e+002
8.515160e+001	-1.491082e+002
8.511803e+001	-1.544308e+002
8.525744e+001	-1.538381e+002
8.518928e+001	-1.603437e+002
8.501735e+001	-1.703985e+002
8.507027e+001	-1.727634e+002
8.519238e+001	-1.727622e+002
8.560852e+001	-1.627050e+002
8.569604e+001	-1.638869e+002
8.523006e+001	-1.839977e+002
8.505813e+001	-1.940525e+002
8.540510e+001	-1.863614e+002
8.561369e+001	-1.834025e+002
8.616820e+001	-1.686131e+002
8.622112e+001	-1.709780e+002
8.623945e+001	-1.745260e+002
8.641344e+001	-1.727502e+002
8.632799e+001	-1.798474e+002
8.622524e+001	-1.875361e+002
8.613980e+001	-1.946332e+002
8.589868e+001	-2.070542e+002
8.631482e+001	-1.969969e+002
8.680015e+001	-1.845736e+002
8.685308e+001	-1.869385e+002
8.675033e+001	-1.946272e+002
8.709728e+001	-1.869361e+002
8.746154e+001	-1.786535e+002
8.720313e+001	-1.916660e+002
8.696201e+001	-2.040869e+002
8.720519e+001	-1.999450e+002
8.753486e+001	-1.928454e+002
8.765696e+001	-1.928442e+002
8.750233e+001	-2.023075e+002
8.724391e+001	-2.153200e+002
8.743520e+001	-2.129527e+002
8.773027e+001	-2.070362e+002
8.814642e+001	-1.969789e+002
8.811286e+001	-2.023015e+002
8.826956e+001	-2.011173e+002
8.820140e+001	-2.076229e+002
8.828891e+001	-2.088048e+002
8.887802e+001	-1.928323e+002
8.898283e+001	-1.934226e+002
8.896657e+001	-1.981536e+002
8.874275e+001	-2.099830e+002
8.857081e+001	-2.200378e+002
8.879670e+001	-2.164874e+002
8.923014e+001	-2.058387e+002
8.893713e+001	-2.200342e+002
8.848846e+001	-2.395535e+002
8.867976e+001	-2.371862e+002
8.907860e+001	-2.277205e+002
8.980608e+001	-2.070158e+002
9.029141e+001	-1.945924e+002
9.070756e+001	-1.845352e+002
9.114100e+001	-1.738865e+002
9.176470e+001	-1.567309e+002
9.257865e+001	-1.330685e+002
9.320235e+001	-1.159130e+002
9.354932e+001	-1.082219e+002
9.365412e+001	-1.088122e+002
9.356867e+001	-1.159094e+002
9.398482e+001	-1.058522e+002
9.402044e+001	-1.088086e+002
9.390040e+001	-1.170888e+002
9.362469e+001	-1.306928e+002
9.366032e+001	-1.336493e+002
9.424942e+001	-1.176768e+002
9.478664e+001	-1.034789e+002
9.490875e+001	-1.034777e+002
9.466763e+001	-1.158986e+002
9.458218e+001	-1.229958e+002
9.470429e+001	-1.229945e+002
9.508584e+001	-1.141204e+002
9.524254e+001	-1.129361e+002
9.522628e+001	-1.176672e+002
9.553864e+001	-1.111591e+002
9.569534e+001	-1.099749e+002
9.592122e+001	-1.064245e+002
9.618170e+001	-1.016911e+002
9.654595e+001	-9.340846e+001
9.654699e+001	-9.754797e+001
9.634046e+001	-1.087858e+002
9.653176e+001	-1.064185e+002
9.677493e+001	-1.022766e+002
9.682785e+001	-1.046415e+002
9.677700e+001	-1.105556e+002
9.672614e+001	-1.164697e+002
9.676177e+001	-1.194262e+002
9.655524e+001	-1.306640e+002
9.646979e+001	-1.377612e+002
9.695513e+001	-1.253379e+002
9.707723e+001	-1.253367e+002
9.692259e+001	-1.348000e+002
9.716577e+001	-1.306580e+002
9.747814e+001	-1.241500e+002
9.756565e+001	-1.253319e+002
9.754939e+001	-1.300629e+002
9.819038e+001	-1.123158e+002
9.898705e+001	-8.924496e+001
9.931671e+001	-8.214541e+001
9.945612e+001	-8.155265e+001
9.969930e+001	-7.741062e+001
9.992519e+001	-7.386013e+001
1.000819e+002	-7.267584e+001
1.001002e+002	-7.622393e+001
1.003434e+002	-7.208189e+001
1.007250e+002	-6.320747e+001
1.011930e+002	-5.137532e+001
1.015919e+002	-4.190935e+001
1.015064e+002	-4.900673e+001
1.012999e+002	-6.024494e+001
1.007820e+002	-8.213101e+001
1.005409e+002	-9.455194e+001
1.009397e+002	-8.508626e+001
1.014424e+002	-7.207110e+001
1.021353e+002	-5.254881e+001
1.020152e+002	-6.082929e+001
1.016703e+002	-7.679989e+001
1.018616e+002	-7.443249e+001
1.023815e+002	-6.082568e+001
1.028842e+002	-4.781044e+001
1.028679e+002	-5.254162e+001
1.027651e+002	-6.023055e+001
1.028527e+002	-6.141244e+001
1.032515e+002	-5.194647e+001
1.034774e+002	-4.839599e+001
1.032363e+002	-6.081730e+001
1.026146e+002	-8.625252e+001
1.027540e+002	-8.565980e+001
1.031010e+002	-7.796858e+001
1.035171e+002	-6.791107e+001
1.034836e+002	-7.323381e+001
1.032424e+002	-8.565500e+001
1.031224e+002	-9.393522e+001
1.031580e+002	-9.689167e+001
1.036261e+002	-8.505987e+001
1.043708e+002	-6.376304e+001
1.045621e+002	-6.139565e+001
1.044075e+002	-7.085921e+001
1.045469e+002	-7.026647e+001
1.051533e+002	-5.370193e+001
1.054484e+002	-4.778525e+001
1.052419e+002	-5.902346e+001
1.053294e+002	-6.020535e+001
1.057455e+002	-5.014784e+001
1.058676e+002	-5.014665e+001
1.056784e+002	-6.079330e+001
1.056275e+002	-6.670758e+001
1.059745e+002	-5.901626e+001
1.063042e+002	-5.191649e+001
1.061668e+002	-6.078851e+001
1.059776e+002	-7.143517e+001
1.062035e+002	-6.788468e+001
1.065158e+002	-6.137646e+001
1.064650e+002	-6.729074e+001
1.062584e+002	-7.852895e+001
1.059481e+002	-9.331610e+001
1.061913e+002	-8.917420e+001
1.066248e+002	-7.852535e+001
1.069544e+002	-7.142557e+001
1.071111e+002	-7.024129e+001
1.070430e+002	-7.674711e+001
1.070613e+002	-8.029519e+001
1.072007e+002	-7.970245e+001
1.076342e+002	-6.905338e+001
1.076179e+002	-7.378457e+001
1.070827e+002	-9.626175e+001
1.067378e+002	-1.122319e+002
1.071713e+002	-1.015831e+002
1.076047e+002	-9.093439e+001
1.077095e+002	-9.152472e+001
1.078316e+002	-9.152352e+001
1.080748e+002	-8.738161e+001
1.082661e+002	-8.501429e+001
1.085093e+002	-8.087235e+001
1.086314e+002	-8.087115e+001
1.087189e+002	-8.205304e+001
1.088064e+002	-8.323491e+001
1.088074e+002	-8.737441e+001
1.089295e+002	-8.737321e+001
1.089479e+002	-9.092119e+001
1.088278e+002	-9.920142e+001
1.087770e+002	-1.051155e+002
1.088472e+002	-1.068889e+002
1.091250e+002	-1.015639e+002
1.092125e+002	-1.027458e+002
1.087465e+002	-1.228566e+002
1.087821e+002	-1.258131e+002
1.093194e+002	-1.116151e+002
1.097182e+002	-1.021495e+002
1.100825e+002	-9.386685e+001
1.100316e+002	-9.978095e+001
1.097905e+002	-1.122019e+002
1.097742e+002	-1.169329e+002
1.097407e+002	-1.222555e+002
1.099147e+002	-1.204797e+002
1.103481e+002	-1.098310e+002
1.104875e+002	-1.092382e+002
1.104712e+002	-1.139693e+002
1.106625e+002	-1.116019e+002
1.108711e+002	-1.086431e+002
1.111316e+002	-1.039097e+002
1.112364e+002	-1.045000e+002
1.111682e+002	-1.110056e+002
1.113250e+002	-1.098214e+002
1.116200e+002	-1.039049e+002
1.119843e+002	-9.562225e+001
1.122793e+002	-8.970575e+001
1.126263e+002	-8.201467e+001
1.127311e+002	-8.260500e+001
1.125419e+002	-9.325134e+001
1.121970e+002	-1.092214e+002
1.122326e+002	-1.121779e+002
1.123374e+002	-1.127682e+002
1.122520e+002	-1.198654e+002
1.120800e+002	-1.299202e+002
1.121503e+002	-1.316936e+002
1.119956e+002	-1.411569e+002
1.120831e+002	-1.423387e+002
1.123090e+002	-1.387883e+002
1.129500e+002	-1.210412e+002
1.132797e+002	-1.139417e+002
1.132115e+002	-1.204473e+002
1.135412e+002	-1.133478e+002
1.138363e+002	-1.074313e+002
1.139238e+002	-1.086131e+002
1.138729e+002	-1.145272e+002
1.135280e+002	-1.304973e+002
1.134945e+002	-1.358199e+002
1.135301e+002	-1.387763e+002
1.134619e+002	-1.452820e+002
1.134976e+002	-1.482384e+002
1.134467e+002	-1.541525e+002
1.135169e+002	-1.559259e+002
1.140022e+002	-1.435026e+002
1.146259e+002	-1.263470e+002
1.146270e+002	-1.304865e+002
1.142821e+002	-1.464566e+002
1.139718e+002	-1.612437e+002
1.141804e+002	-1.582848e+002
1.145792e+002	-1.488192e+002
1.151510e+002	-1.334382e+002
1.153077e+002	-1.322539e+002
1.151704e+002	-1.411257e+002
1.153617e+002	-1.387584e+002
1.155357e+002	-1.369826e+002
1.153637e+002	-1.470374e+002
1.150707e+002	-1.612329e+002
1.147950e+002	-1.748369e+002
1.147961e+002	-1.789764e+002
1.150392e+002	-1.748345e+002
1.155419e+002	-1.618196e+002
1.158715e+002	-1.547201e+002
1.158899e+002	-1.582680e+002
1.158563e+002	-1.635906e+002
1.160130e+002	-1.624063e+002
1.161351e+002	-1.624051e+002
1.164648e+002	-1.553056e+002
1.167598e+002	-1.493891e+002
1.167609e+002	-1.535286e+002
1.165025e+002	-1.665411e+002
1.162613e+002	-1.789620e+002
1.164526e+002	-1.765947e+002
1.170417e+002	-1.606222e+002
1.173714e+002	-1.535226e+002
1.171822e+002	-1.641689e+002
1.174254e+002	-1.600270e+002
1.174610e+002	-1.629835e+002
1.171680e+002	-1.771790e+002
1.174630e+002	-1.712625e+002
1.177754e+002	-1.647545e+002
1.177245e+002	-1.706686e+002
1.172240e+002	-1.919624e+002
1.166024e+002	-2.173970e+002
1.166034e+002	-2.215365e+002
1.170714e+002	-2.097047e+002
1.174011e+002	-2.026052e+002
1.176097e+002	-1.996463e+002
1.181642e+002	-1.848569e+002
1.181825e+002	-1.884049e+002
1.179933e+002	-1.990512e+002
1.181846e+002	-1.966839e+002
1.185315e+002	-1.889928e+002
1.187920e+002	-1.842594e+002
1.187585e+002	-1.895819e+002
1.187941e+002	-1.925384e+002
1.188643e+002	-1.943118e+002
1.192113e+002	-1.866207e+002
1.192296e+002	-1.901687e+002
1.192133e+002	-1.948997e+002
1.190241e+002	-2.055461e+002
1.186273e+002	-2.232907e+002
1.185937e+002	-2.286133e+002
1.191655e+002	-2.132323e+002
1.192876e+002	-2.132311e+002
1.192368e+002	-2.191452e+002
1.197567e+002	-2.055388e+002
1.199307e+002	-2.037631e+002
1.197069e+002	-2.155925e+002
1.196906e+002	-2.203235e+002
1.200549e+002	-2.120409e+002
1.201251e+002	-2.138143e+002
1.197283e+002	-2.315590e+002
1.197293e+002	-2.356985e+002
1.201801e+002	-2.244582e+002
1.205962e+002	-2.144010e+002
1.208567e+002	-2.096676e+002
1.209788e+002	-2.096664e+002
1.213431e+002	-2.013837e+002
1.218630e+002	-1.877773e+002
1.231439e+002	-1.481437e+002
1.248227e+002	-9.490477e+001
1.261729e+002	-5.290407e+001
1.270388e+002	-2.746631e+001
1.271436e+002	-2.805666e+001
1.271100e+002	-3.337940e+001
1.275262e+002	-2.332188e+001
1.279077e+002	-1.444746e+001
1.281682e+002	-9.713883e+000
1.276849e+002	-3.041686e+001
1.274092e+002	-4.402126e+001
1.278946e+002	-3.159756e+001
1.282242e+002	-2.449778e+001
1.281561e+002	-3.100361e+001
1.284165e+002	-2.627003e+001
1.282965e+002	-3.455049e+001
1.282456e+002	-4.046477e+001
1.285753e+002	-3.336501e+001
1.290087e+002	-2.271594e+001
1.291309e+002	-2.271474e+001
1.287514e+002	-3.986843e+001
1.286140e+002	-4.874045e+001
1.288572e+002	-4.459842e+001
1.294117e+002	-2.980852e+001
1.299489e+002	-1.561017e+001
1.301229e+002	-1.383433e+001
1.299510e+002	-2.388944e+001
1.298310e+002	-3.216991e+001
1.302990e+002	-2.033775e+001
1.307843e+002	-7.914050e+000
1.309756e+002	-5.546661e+000
1.307345e+002	-1.796796e+001
1.306145e+002	-2.624844e+001
1.306674e+002	-2.861343e+001
1.308933e+002	-2.506294e+001
1.314997e+002	-8.498399e+000
1.316910e+002	-6.131010e+000
1.315190e+002	-1.618612e+001
1.318314e+002	-9.677897e+000
1.320227e+002	-7.310509e+000
1.319372e+002	-1.440788e+001
1.315750e+002	-3.097002e+001
1.317317e+002	-2.978572e+001
1.321479e+002	-1.972821e+001
1.323738e+002	-1.617773e+001
1.323921e+002	-1.972581e+001
1.324450e+002	-2.209081e+001
1.323942e+002	-2.800508e+001
1.324125e+002	-3.155317e+001
1.323962e+002	-3.628436e+001
1.324837e+002	-3.746626e+001
1.326404e+002	-3.628196e+001
1.329874e+002	-2.859064e+001
1.332133e+002	-2.504015e+001
1.329376e+002	-3.864456e+001
1.330424e+002	-3.923490e+001
1.332856e+002	-3.509287e+001
1.337017e+002	-2.503535e+001
1.335990e+002	-3.272428e+001
1.339286e+002	-2.562450e+001
1.342929e+002	-1.734163e+001
1.344150e+002	-1.734044e+001
1.345717e+002	-1.615614e+001
1.347284e+002	-1.497185e+001
1.349370e+002	-1.201290e+001
1.351456e+002	-9.053963e+000
1.351120e+002	-1.437670e+001
1.351822e+002	-1.615014e+001
1.348027e+002	-3.330382e+001
1.343886e+002	-5.164061e+001
1.343551e+002	-5.696335e+001
1.344253e+002	-5.873679e+001
1.345128e+002	-5.991869e+001
1.346176e+002	-6.050904e+001
1.353451e+002	-3.980366e+001
1.361418e+002	-1.673209e+001
1.365060e+002	-8.449221e+000
1.367319e+002	-4.898733e+000
1.368713e+002	-4.305993e+000
1.368205e+002	-1.022027e+001
1.368907e+002	-1.199371e+001
1.369436e+002	-1.435871e+001
1.370138e+002	-1.613215e+001
1.371186e+002	-1.672249e+001
1.370505e+002	-2.322833e+001
1.368612e+002	-3.387499e+001
1.369314e+002	-3.564843e+001
1.374687e+002	-2.145008e+001
1.377983e+002	-1.435030e+001
1.376956e+002	-2.203923e+001
1.378696e+002	-2.026339e+001
1.382857e+002	-1.020588e+001
1.380965e+002	-2.085254e+001
1.376132e+002	-4.155552e+001
1.378564e+002	-3.741348e+001
1.383936e+002	-2.321514e+001
1.387060e+002	-1.670690e+001
1.387416e+002	-1.966344e+001
1.390021e+002	-1.492986e+001
1.394875e+002	-2.506151e+000
1.402322e+002	1.879076e+001
1.404927e+002	2.352434e+001
1.401132e+002	6.370654e+000
1.401143e+002	2.231018e+000
1.398731e+002	-1.019028e+001
1.399433e+002	-1.196372e+001
1.406016e+002	6.375446e+000
1.406892e+002	5.193556e+000
1.401021e+002	-1.905871e+001
1.398783e+002	-3.088846e+001
1.402944e+002	-2.083095e+001
1.405030e+002	-1.787201e+001
1.400889e+002	-3.620880e+001
1.402283e+002	-3.561604e+001
1.402121e+002	-4.034723e+001
1.400574e+002	-4.981079e+001
1.406292e+002	-3.442936e+001
1.412011e+002	-1.904791e+001
1.415307e+002	-1.194813e+001
1.416355e+002	-1.253848e+001
1.417749e+002	-1.194573e+001
1.417241e+002	-1.786002e+001
1.415175e+002	-2.909823e+001
1.415359e+002	-3.264632e+001
1.417791e+002	-2.850428e+001
1.416763e+002	-3.619320e+001
1.415908e+002	-4.329058e+001
1.420243e+002	-3.264151e+001
1.426134e+002	-1.666852e+001
1.428739e+002	-1.193494e+001
1.430306e+002	-1.075065e+001
1.427722e+002	-2.376350e+001
1.422370e+002	-4.624112e+001
1.420478e+002	-5.688778e+001
1.422736e+002	-5.333729e+001
1.428801e+002	-3.677275e+001
1.435038e+002	-1.961666e+001
1.435740e+002	-2.139011e+001
1.432637e+002	-3.617761e+001
1.428842e+002	-5.333130e+001
1.429025e+002	-5.687939e+001
1.436992e+002	-3.380782e+001
1.444786e+002	-1.132781e+001
1.446007e+002	-1.132661e+001
1.444460e+002	-2.079016e+001
1.439281e+002	-4.267623e+001
1.437908e+002	-5.154826e+001
1.440340e+002	-4.740622e+001
1.445193e+002	-3.498252e+001
1.448490e+002	-2.788274e+001
1.449711e+002	-2.788154e+001
1.451624e+002	-2.551416e+001
1.455958e+002	-1.486509e+001
1.459255e+002	-7.765317e+000
1.460649e+002	-7.172576e+000
1.459795e+002	-1.426994e+001
1.457729e+002	-2.550815e+001
1.458259e+002	-2.787315e+001
1.460863e+002	-2.313956e+001
1.462430e+002	-2.195527e+001
1.464689e+002	-1.840478e+001
1.464181e+002	-2.431906e+001
1.458137e+002	-4.916287e+001
1.455726e+002	-6.158418e+001
1.459887e+002	-5.152666e+001
1.466989e+002	-3.141284e+001
1.469248e+002	-2.786235e+001
1.465972e+002	-4.324140e+001
1.465463e+002	-4.915568e+001
1.469106e+002	-4.087281e+001
1.474997e+002	-2.489981e+001
1.477602e+002	-2.016624e+001
1.478996e+002	-1.957349e+001
1.478660e+002	-2.489621e+001
1.477460e+002	-3.317669e+001
1.477297e+002	-3.790787e+001
1.477999e+002	-3.968131e+001
1.478874e+002	-4.086321e+001
1.478193e+002	-4.736904e+001
1.478203e+002	-5.150867e+001
1.479770e+002	-5.032438e+001
1.483067e+002	-4.322461e+001
1.484461e+002	-4.263186e+001
1.486374e+002	-4.026447e+001
1.490189e+002	-3.139005e+001
1.492448e+002	-2.783957e+001
1.494534e+002	-2.488062e+001
1.496620e+002	-2.192168e+001
1.495074e+002	-3.138526e+001
1.492662e+002	-4.380656e+001
1.495613e+002	-3.788988e+001
1.497180e+002	-3.670558e+001
1.499612e+002	-3.256355e+001
1.503082e+002	-2.487223e+001
1.508281e+002	-1.126543e+001
1.511232e+002	-5.348751e+000
1.513837e+002	-6.151728e-001
1.512809e+002	-8.304088e+000
1.514203e+002	-7.711339e+000
1.516808e+002	-2.977761e+000
1.517683e+002	-4.159660e+000
1.514061e+002	-2.072180e+001
1.509401e+002	-4.083323e+001
1.507855e+002	-5.029679e+001
1.512189e+002	-3.964774e+001
1.518253e+002	-2.308320e+001
1.520339e+002	-2.012426e+001
1.523463e+002	-1.361603e+001
1.523992e+002	-1.598102e+001
1.523311e+002	-2.248685e+001
1.524704e+002	-2.189410e+001
1.527136e+002	-1.775207e+001
1.527666e+002	-2.011706e+001
1.529751e+002	-1.715812e+001
1.527686e+002	-2.839633e+001
1.523891e+002	-4.555002e+001
1.523382e+002	-5.146429e+001
1.528063e+002	-3.963213e+001
1.534300e+002	-2.247605e+001
1.538116e+002	-1.360163e+001
1.541066e+002	-7.684954e+000
1.539693e+002	-1.655697e+001
1.538838e+002	-2.365434e+001
1.541270e+002	-1.951232e+001
1.542491e+002	-1.951111e+001
1.543366e+002	-2.069300e+001
1.548220e+002	-8.269303e+000
1.548230e+002	-1.240894e+001
1.549970e+002	-1.063310e+001
1.553959e+002	-1.167127e+000
1.553796e+002	-5.898323e+000
1.553287e+002	-1.181260e+001
1.550876e+002	-2.423390e+001
1.548811e+002	-3.547211e+001
1.553837e+002	-2.245686e+001
1.552983e+002	-2.955424e+001
1.555241e+002	-2.600375e+001
1.555944e+002	-2.777719e+001
1.553705e+002	-3.960695e+001
1.554926e+002	-3.960575e+001
1.559088e+002	-2.954824e+001
1.563422e+002	-1.889918e+001
1.563260e+002	-2.363036e+001
1.560502e+002	-3.723476e+001
1.561032e+002	-3.959975e+001
1.566231e+002	-2.599296e+001
1.569874e+002	-1.771008e+001
1.570057e+002	-2.125817e+001
1.568165e+002	-3.190483e+001
1.571115e+002	-2.598816e+001
1.576488e+002	-1.178981e+001
1.578228e+002	-1.001396e+001
1.576508e+002	-2.006908e+001
1.578421e+002	-1.770169e+001
1.578431e+002	-2.184132e+001
1.577404e+002	-2.953024e+001
1.578971e+002	-2.834595e+001
1.580884e+002	-2.597856e+001
1.577781e+002	-4.076605e+001
1.577618e+002	-4.549724e+001
1.584893e+002	-2.479186e+001
1.589919e+002	-1.177661e+001
1.589065e+002	-1.887399e+001
1.585270e+002	-3.602768e+001
1.586664e+002	-3.543493e+001
1.589096e+002	-3.129289e+001
1.590490e+002	-3.070015e+001
1.588943e+002	-4.016371e+001
1.589818e+002	-4.134561e+001
1.591731e+002	-3.897822e+001
1.596066e+002	-2.832916e+001
1.599708e+002	-2.004629e+001
1.602313e+002	-1.531270e+001
1.601977e+002	-2.063544e+001
1.600431e+002	-3.009900e+001
1.602344e+002	-2.773161e+001
1.607024e+002	-1.589946e+001
1.611532e+002	-4.658845e+000
1.611888e+002	-7.615383e+000
1.607401e+002	-2.713527e+001
1.605682e+002	-3.719038e+001
1.610708e+002	-2.417513e+001
1.613313e+002	-1.944154e+001
1.614361e+002	-2.003189e+001
1.616447e+002	-1.707296e+001
1.619398e+002	-1.115628e+001
1.620619e+002	-1.115508e+001
1.618726e+002	-2.180173e+001
1.615796e+002	-3.599769e+001
1.614596e+002	-4.427816e+001
1.615471e+002	-4.546006e+001
1.618941e+002	-3.776874e+001
1.623275e+002	-2.711968e+001
1.619826e+002	-4.309027e+001
1.619317e+002	-4.900454e+001
1.623306e+002	-3.953858e+001
1.625565e+002	-3.598809e+001
1.628170e+002	-3.125451e+001
1.629564e+002	-3.066176e+001
1.629228e+002	-3.598449e+001
1.627336e+002	-4.663115e+001
1.630632e+002	-3.953139e+001
1.631334e+002	-4.130483e+001
1.632209e+002	-4.248673e+001
1.633085e+002	-4.366862e+001
1.634133e+002	-4.425897e+001
1.642791e+002	-1.882121e+001
1.645569e+002	-1.349608e+001
1.643331e+002	-2.532584e+001
1.644033e+002	-2.709928e+001
1.646811e+002	-2.177415e+001
1.645437e+002	-3.064617e+001
1.640951e+002	-5.016605e+001
1.641307e+002	-5.312259e+001
1.646160e+002	-4.069889e+001
1.648592e+002	-3.655685e+001
1.649467e+002	-3.773875e+001
1.652245e+002	-3.241362e+001
1.660212e+002	-9.342054e+000
1.661260e+002	-9.932394e+000
1.662308e+002	-1.052275e+001
1.659032e+002	-2.590179e+001
1.653680e+002	-4.837941e+001
1.653344e+002	-5.370214e+001
1.654047e+002	-5.547559e+001
1.657343e+002	-4.837582e+001
1.661851e+002	-3.713520e+001
1.664110e+002	-3.358472e+001
1.666541e+002	-2.944269e+001
1.668973e+002	-2.530065e+001
1.670367e+002	-2.470790e+001
1.667091e+002	-4.008695e+001
1.664161e+002	-5.428290e+001
1.663479e+002	-6.078873e+001
1.666257e+002	-5.546359e+001
1.669727e+002	-4.777228e+001
1.675618e+002	-3.179929e+001
1.680990e+002	-1.760093e+001
1.681001e+002	-2.174056e+001
1.682395e+002	-2.114782e+001
1.684135e+002	-1.937197e+001
1.685875e+002	-1.759613e+001
1.684847e+002	-2.528506e+001
1.687452e+002	-2.055147e+001
1.688154e+002	-2.232492e+001
1.690067e+002	-1.995753e+001
1.692499e+002	-1.581549e+001
1.688704e+002	-3.296918e+001
1.693211e+002	-2.172857e+001
1.698238e+002	-8.713319e+000
1.697729e+002	-1.462760e+001
1.698950e+002	-1.462640e+001
1.699479e+002	-1.699139e+001
1.700181e+002	-1.876484e+001
1.702613e+002	-1.462280e+001
1.701759e+002	-2.172017e+001
1.701077e+002	-2.822600e+001
1.702990e+002	-2.585862e+001
1.705422e+002	-2.171658e+001
1.706989e+002	-2.053228e+001
1.706480e+002	-2.644657e+001
1.700956e+002	-4.951573e+001
1.703560e+002	-4.478215e+001
1.708587e+002	-3.176690e+001
1.709462e+002	-3.294879e+001
1.713969e+002	-2.170818e+001
1.718996e+002	-8.692927e+000
1.719179e+002	-1.224102e+001
1.717632e+002	-2.170458e+001
1.719546e+002	-1.933719e+001
1.719383e+002	-2.406838e+001
1.717144e+002	-3.589814e+001
1.716809e+002	-4.122086e+001
1.721662e+002	-2.879716e+001
1.727899e+002	-1.164107e+001
1.730331e+002	-7.499035e+000
1.727747e+002	-2.051189e+001
1.724125e+002	-3.707403e+001
1.728286e+002	-2.701652e+001
1.730545e+002	-2.346603e+001
1.730729e+002	-2.701412e+001
1.731604e+002	-2.819602e+001
1.731614e+002	-3.233565e+001
1.733527e+002	-2.996826e+001
1.734056e+002	-3.233326e+001
1.737007e+002	-2.641658e+001
1.739785e+002	-2.109144e+001
1.739622e+002	-2.582263e+001
1.738248e+002	-3.469464e+001
1.741891e+002	-2.641178e+001
1.748647e+002	-7.481043e+000
1.751944e+002	-3.812763e-001
1.751262e+002	-6.887102e+000
1.746083e+002	-2.877318e+001
1.741597e+002	-4.829305e+001
1.739531e+002	-5.953127e+001
1.739196e+002	-6.485399e+001
1.742838e+002	-5.657113e+001
1.750286e+002	-3.527420e+001
1.752026e+002	-3.349836e+001
1.754112e+002	-3.053941e+001
1.755852e+002	-2.876358e+001
1.759149e+002	-2.166380e+001
1.761753e+002	-1.693022e+001
1.762283e+002	-1.929521e+001
1.757450e+002	-3.999819e+001
1.757979e+002	-4.236318e+001
1.759892e+002	-3.999579e+001
1.763016e+002	-3.348756e+001
1.764583e+002	-3.230327e+001
1.764939e+002	-3.525981e+001
1.767371e+002	-3.111777e+001
1.765478e+002	-4.176444e+001
1.763240e+002	-5.359420e+001
1.766537e+002	-4.649442e+001
1.771217e+002	-3.466226e+001
1.776589e+002	-2.046391e+001
1.778329e+002	-1.868807e+001
1.780242e+002	-1.632068e+001
1.784058e+002	-7.446266e+000
1.786144e+002	-4.487319e+000
1.782522e+002	-2.104947e+001
1.781494e+002	-2.873839e+001
1.784791e+002	-2.163861e+001
1.787223e+002	-1.749658e+001
1.786714e+002	-2.341085e+001
1.784303e+002	-3.583217e+001
1.784659e+002	-3.878870e+001
1.787091e+002	-3.464667e+001
1.792117e+002	-2.163142e+001
1.794030e+002	-1.926403e+001
1.792830e+002	-2.754450e+001
1.795089e+002	-2.399401e+001
1.798385e+002	-1.689424e+001
1.796839e+002	-2.635780e+001
1.796503e+002	-3.168054e+001
1.796341e+002	-3.641171e+001
1.796697e+002	-3.936826e+001
1.799648e+002	-3.345159e+001
1.802425e+002	-2.812645e+001
1.802090e+002	-3.344918e+001
1.804349e+002	-2.989870e+001
1.806780e+002	-2.575666e+001
1.807828e+002	-2.634701e+001
1.805590e+002	-3.817677e+001
1.804736e+002	-4.527415e+001
1.808378e+002	-3.699127e+001
1.810118e+002	-3.521543e+001
1.813588e+002	-2.752411e+001
1.815501e+002	-2.515672e+001
1.814819e+002	-3.166254e+001
1.811889e+002	-4.585849e+001
1.814148e+002	-4.230801e+001
1.817964e+002	-3.343359e+001
1.822125e+002	-2.337608e+001
1.822135e+002	-2.751571e+001
1.821454e+002	-3.402154e+001
1.824059e+002	-2.928795e+001
1.823896e+002	-3.401914e+001
1.824598e+002	-3.579258e+001
1.829106e+002	-2.455198e+001
1.833267e+002	-1.449446e+001
1.829299e+002	-3.223970e+001
1.826715e+002	-4.525255e+001
1.828628e+002	-4.288515e+001
1.831060e+002	-3.874313e+001
1.836086e+002	-2.572787e+001
1.837653e+002	-2.454358e+001
1.838528e+002	-2.572548e+001
1.838711e+002	-2.927356e+001
1.840278e+002	-2.808926e+001
1.843575e+002	-2.098950e+001
1.849120e+002	-6.199597e+000
1.850687e+002	-5.015298e+000
1.848795e+002	-1.566196e+001
1.847940e+002	-2.275934e+001
1.848988e+002	-2.334969e+001
1.850728e+002	-2.157384e+001
1.853852e+002	-1.506561e+001
1.858533e+002	-3.233458e+000
1.860445e+002	-8.660694e-001
1.860283e+002	-5.597256e+000
1.861850e+002	-4.412957e+000
1.862206e+002	-7.369495e+000
1.864292e+002	-4.410557e+000
1.866551e+002	-8.600689e-001
1.863794e+002	-1.446448e+001
1.864323e+002	-1.682947e+001
1.864333e+002	-2.096910e+001
1.865035e+002	-2.274255e+001
1.865391e+002	-2.569909e+001
1.863672e+002	-3.575421e+001
1.864028e+002	-3.871074e+001
1.865422e+002	-3.811799e+001
1.870449e+002	-2.510274e+001
1.873745e+002	-1.800297e+001
1.877215e+002	-1.031165e+001
1.878609e+002	-9.718891e+000
1.878619e+002	-1.385853e+001
1.878457e+002	-1.858972e+001
1.877429e+002	-2.627864e+001
1.875710e+002	-3.633375e+001
1.876931e+002	-3.633255e+001
1.879190e+002	-3.278207e+001
1.880584e+002	-3.218932e+001
1.881113e+002	-3.455431e+001
1.881296e+002	-3.810240e+001
1.886841e+002	-2.331250e+001
1.893943e+002	-3.198673e+000
1.894300e+002	-6.155220e+000
1.894656e+002	-9.111758e+000
1.898644e+002	3.541970e-001
1.900038e+002	9.469465e-001
1.897800e+002	-1.088281e+001
1.895908e+002	-2.152946e+001
1.894188e+002	-3.158458e+001
1.892988e+002	-3.986505e+001
1.896285e+002	-3.276528e+001
1.898889e+002	-2.803169e+001
1.898727e+002	-3.276288e+001
1.897526e+002	-4.104335e+001
1.896845e+002	-4.754917e+001
1.899968e+002	-4.104094e+001
1.906551e+002	-2.270177e+001
1.908464e+002	-2.033437e+001
1.904496e+002	-3.807962e+001
1.905198e+002	-3.985305e+001
1.907457e+002	-3.630257e+001
1.910408e+002	-3.038589e+001
1.913705e+002	-2.328611e+001
1.916655e+002	-1.736944e+001
1.919952e+002	-1.026966e+001
1.918579e+002	-1.914168e+001
1.915303e+002	-3.452073e+001
1.917388e+002	-3.156179e+001
1.920685e+002	-2.446201e+001
1.923117e+002	-2.031998e+001
1.928143e+002	-7.304725e+000
1.931786e+002	9.781405e-001
1.931105e+002	-5.527685e+000
1.930596e+002	-1.144196e+001
1.929222e+002	-2.031398e+001
1.929233e+002	-2.445362e+001
1.928205e+002	-3.214255e+001
1.928215e+002	-3.628218e+001
1.931166e+002	-3.036550e+001
1.934463e+002	-2.326572e+001
1.938797e+002	-1.261666e+001
1.940018e+002	-1.261546e+001
1.942104e+002	-9.656521e+000
1.944363e+002	-6.106042e+000
1.944028e+002	-1.142877e+001
1.943000e+002	-1.911769e+001
1.940589e+002	-3.153900e+001
1.941983e+002	-3.094626e+001
1.951506e+002	-2.550754e+000
1.957571e+002	1.401378e+001
1.951873e+002	-9.646929e+000
1.944791e+002	-3.804003e+001
1.942726e+002	-4.927824e+001
1.944466e+002	-4.750239e+001
1.947244e+002	-4.217727e+001
1.952097e+002	-2.975356e+001
1.958680e+002	-1.141438e+001
1.960074e+002	-1.082164e+001
1.956798e+002	-2.620068e+001
1.957154e+002	-2.915721e+001
1.960105e+002	-2.324054e+001
1.960461e+002	-2.619708e+001
1.956493e+002	-4.394232e+001
1.958579e+002	-4.098338e+001
1.962914e+002	-3.033431e+001
1.967421e+002	-1.909370e+001
1.970026e+002	-1.436012e+001
1.967788e+002	-2.618988e+001
1.966068e+002	-3.624500e+001
1.970057e+002	-2.677903e+001
1.973873e+002	-1.790461e+001
1.974402e+002	-2.026960e+001
1.975796e+002	-1.967686e+001
1.974422e+002	-2.854887e+001
1.972357e+002	-3.978708e+001
1.973578e+002	-3.978588e+001
1.977394e+002	-3.091147e+001
1.978615e+002	-3.091027e+001
1.980182e+002	-2.972597e+001
1.976560e+002	-4.628812e+001
1.977608e+002	-4.687846e+001
1.984191e+002	-2.853928e+001
1.984893e+002	-3.031272e+001
1.986460e+002	-2.912843e+001
1.988200e+002	-2.735259e+001
1.989248e+002	-2.794293e+001
1.988221e+002	-3.563186e+001
1.986501e+002	-4.568697e+001
1.987030e+002	-4.805197e+001
1.988770e+002	-4.627612e+001
1.993970e+002	-3.266932e+001
1.998996e+002	-1.965406e+001
2.001428e+002	-1.551204e+001
2.006281e+002	-3.088325e+000
2.008713e+002	1.053703e+000
2.006821e+002	-9.592951e+000
2.003372e+002	-2.556355e+001
2.002690e+002	-3.206937e+001
2.000279e+002	-4.449069e+001
1.996830e+002	-6.046127e+001
1.997705e+002	-6.164318e+001
2.002558e+002	-4.921946e+001
2.004990e+002	-4.507743e+001
2.006730e+002	-4.330159e+001
2.008643e+002	-4.093420e+001
2.013496e+002	-2.851050e+001
2.018696e+002	-1.490369e+001
2.019571e+002	-1.608558e+001
2.018024e+002	-2.554916e+001
2.020456e+002	-2.140712e+001
2.024272e+002	-1.253270e+001
2.024974e+002	-1.430614e+001
2.023774e+002	-2.258662e+001
2.026205e+002	-1.844458e+001
2.031924e+002	-3.063132e+000
2.033664e+002	-1.287302e+000
2.032982e+002	-7.793127e+000
2.032646e+002	-1.311585e+001
2.028159e+002	-3.263574e+001
2.028516e+002	-3.559228e+001
2.030774e+002	-3.204179e+001
2.031823e+002	-3.263214e+001
2.035119e+002	-2.553236e+001
2.039627e+002	-1.429175e+001
2.039983e+002	-1.724830e+001
2.041896e+002	-1.488090e+001
2.043636e+002	-1.310506e+001
2.042262e+002	-2.197708e+001
2.039332e+002	-3.617303e+001
2.037786e+002	-4.563659e+001
2.037277e+002	-5.155087e+001
2.039017e+002	-4.977503e+001
2.043351e+002	-3.912597e+001
2.047340e+002	-2.966000e+001
2.052366e+002	-1.664475e+001
2.057047e+002	-4.812596e+000
2.056884e+002	-9.543773e+000
2.054819e+002	-2.078199e+001
2.055002e+002	-2.433007e+001
2.053455e+002	-3.379364e+001
2.053985e+002	-3.615864e+001
2.055379e+002	-3.556588e+001
2.054351e+002	-4.325481e+001
2.059032e+002	-3.142266e+001
2.064231e+002	-1.781585e+001
2.064933e+002	-1.958929e+001
2.067365e+002	-1.544727e+001
2.070835e+002	-7.755942e+000
2.066520e+002	-2.668427e+001
2.061342e+002	-4.857035e+001
2.063601e+002	-4.501986e+001
2.066205e+002	-4.028628e+001
2.068810e+002	-3.555269e+001
2.069512e+002	-3.732614e+001
2.074193e+002	-2.549398e+001
2.075933e+002	-2.371814e+001
2.077500e+002	-2.253385e+001
2.079932e+002	-1.839181e+001
2.078558e+002	-2.726383e+001
2.076839e+002	-3.731894e+001
2.079616e+002	-3.199381e+001
2.082913e+002	-2.489404e+001
2.086037e+002	-1.838581e+001
2.085182e+002	-2.548319e+001
2.081041e+002	-4.381998e+001
2.080533e+002	-4.973425e+001
2.082791e+002	-4.618376e+001
2.085223e+002	-4.204172e+001
2.086790e+002	-4.085744e+001
2.090779e+002	-3.139147e+001
2.097362e+002	-1.305228e+001
2.101696e+002	-2.403221e+000
2.099112e+002	-1.541608e+001
2.099814e+002	-1.718952e+001
2.099305e+002	-2.310380e+001
2.101045e+002	-2.132796e+001
2.106764e+002	-5.946508e+000
2.108331e+002	-4.762218e+000
2.104363e+002	-2.250746e+001
2.101778e+002	-3.552031e+001
2.101962e+002	-3.906839e+001
2.105777e+002	-3.019398e+001
2.110285e+002	-1.895337e+001
2.111506e+002	-1.895217e+001
2.112554e+002	-1.954252e+001
2.113083e+002	-2.190751e+001
2.116899e+002	-1.303309e+001
2.120887e+002	-3.567127e+000
2.122973e+002	-6.081886e-001
2.123329e+002	-3.564727e+000
2.122821e+002	-9.479003e+000
2.120063e+002	-2.308341e+001
2.119555e+002	-2.899769e+001
2.120949e+002	-2.840494e+001
2.121997e+002	-2.899529e+001
2.120623e+002	-3.786731e+001
2.119942e+002	-4.437314e+001
2.119433e+002	-5.028741e+001
2.117887e+002	-5.975099e+001
2.124297e+002	-4.200335e+001
2.129150e+002	-2.957964e+001
2.129506e+002	-3.253619e+001
2.136089e+002	-1.419700e+001
2.140597e+002	-2.956385e+000
2.143202e+002	1.777184e+000
2.147536e+002	1.242625e+001
2.143395e+002	-5.910532e+000
2.140811e+002	-1.892338e+001
2.143935e+002	-1.241516e+001
2.147058e+002	-5.906931e+000
2.143955e+002	-2.069443e+001
2.137220e+002	-4.790443e+001
2.139824e+002	-4.317086e+001
2.146580e+002	-2.424012e+001
2.149012e+002	-2.009808e+001
2.144006e+002	-4.139260e+001
2.138828e+002	-6.327868e+001
2.142989e+002	-5.322117e+001
2.146286e+002	-4.612139e+001
2.152696e+002	-2.837375e+001
2.158068e+002	-1.417541e+001
2.159635e+002	-1.299111e+001
2.159991e+002	-1.594765e+001
2.159483e+002	-2.186193e+001
2.156725e+002	-3.546633e+001
2.156390e+002	-4.078906e+001
2.159341e+002	-3.487239e+001
2.164021e+002	-2.304023e+001
2.166280e+002	-1.948975e+001
2.169404e+002	-1.298152e+001
2.174084e+002	-1.149360e+000
2.175651e+002	3.492070e-002
2.174277e+002	-8.837085e+000
2.174288e+002	-1.297672e+001
2.176201e+002	-1.060933e+001
2.176557e+002	-1.356587e+001
2.179681e+002	-7.057645e+000
2.180383e+002	-8.831084e+000
2.178663e+002	-1.888620e+001
2.177117e+002	-2.834977e+001
2.178165e+002	-2.894012e+001
2.178175e+002	-3.307976e+001
2.176629e+002	-4.254332e+001
2.177158e+002	-4.490831e+001
2.177687e+002	-4.727330e+001
2.178735e+002	-4.786365e+001
2.179437e+002	-4.963710e+001
2.185501e+002	-3.307256e+001
2.191220e+002	-1.769111e+001
2.191403e+002	-2.123919e+001
2.188646e+002	-3.484360e+001
2.188483e+002	-3.957478e+001
2.189877e+002	-3.898204e+001
2.191963e+002	-3.602309e+001
2.195778e+002	-2.714868e+001
2.197691e+002	-2.478129e+001
2.192686e+002	-4.607582e+001
2.195982e+002	-3.897604e+001
2.198414e+002	-3.483400e+001
2.198770e+002	-3.779055e+001
2.199126e+002	-4.074709e+001
2.201558e+002	-3.660505e+001
2.206931e+002	-2.240671e+001
2.210227e+002	-1.530692e+001
2.214908e+002	-3.474772e+000
2.219415e+002	7.765831e+000
2.220982e+002	8.950131e+000
2.219090e+002	-1.696523e+000
2.216506e+002	-1.470938e+001
2.215132e+002	-2.358140e+001
2.217218e+002	-2.062246e+001
2.217228e+002	-2.476210e+001
2.216892e+002	-3.008483e+001
2.220708e+002	-2.121041e+001
2.224351e+002	-1.292754e+001
2.227647e+002	-5.827768e+000
2.228350e+002	-7.601217e+000
2.227668e+002	-1.410704e+001
2.226814e+002	-2.120441e+001
2.226478e+002	-2.652714e+001
2.226315e+002	-3.125833e+001
2.227536e+002	-3.125713e+001
2.229968e+002	-2.711509e+001
2.232400e+002	-2.297306e+001
2.232929e+002	-2.533805e+001
2.232247e+002	-3.184388e+001
2.235025e+002	-2.651875e+001
2.239879e+002	-1.409505e+001
2.241446e+002	-1.291075e+001
2.240072e+002	-2.178276e+001
2.240255e+002	-2.533086e+001
2.242514e+002	-2.178037e+001
2.248924e+002	-4.032727e+000
2.254470e+002	1.075715e+001
2.254134e+002	5.434419e+000
2.252587e+002	-4.029136e+000
2.250868e+002	-1.408425e+001
2.251743e+002	-1.526615e+001
2.251580e+002	-1.999732e+001
2.254185e+002	-1.526375e+001
2.252293e+002	-2.591041e+001
2.249363e+002	-4.010636e+001
2.251449e+002	-3.714742e+001
2.253016e+002	-3.596312e+001
2.255275e+002	-3.241264e+001
2.258052e+002	-2.708751e+001
2.256852e+002	-3.536798e+001
2.254959e+002	-4.601464e+001
2.260851e+002	-3.004165e+001
2.264666e+002	-2.116723e+001
2.262428e+002	-3.299699e+001
2.263995e+002	-3.181269e+001
2.268502e+002	-2.057209e+001
2.272491e+002	-1.110612e+001
2.267485e+002	-3.240064e+001
2.266284e+002	-4.068112e+001
2.268370e+002	-3.772218e+001
2.273743e+002	-2.352383e+001
2.273926e+002	-2.707192e+001
2.274628e+002	-2.884536e+001
2.275330e+002	-3.061880e+001
2.272227e+002	-4.540630e+001
2.270681e+002	-5.486987e+001
2.272593e+002	-5.250248e+001
2.275025e+002	-4.836044e+001
2.280571e+002	-3.357055e+001
2.285078e+002	-2.232994e+001
2.285088e+002	-2.646957e+001
2.286310e+002	-2.646837e+001
2.286839e+002	-2.883336e+001
2.289270e+002	-2.469133e+001
2.292048e+002	-1.936620e+001
2.293788e+002	-1.759036e+001
2.297431e+002	-9.307485e+000
2.301419e+002	1.584696e-001
2.299181e+002	-1.167128e+001
2.294348e+002	-3.237426e+001
2.294359e+002	-3.651389e+001
2.295580e+002	-3.651270e+001
2.298357e+002	-3.118757e+001
2.300789e+002	-2.704553e+001
2.303740e+002	-2.112885e+001
2.307209e+002	-1.343753e+001
2.308949e+002	-1.166169e+001
2.309478e+002	-1.402668e+001
2.306030e+002	-2.999727e+001
2.305694e+002	-3.532000e+001
2.309855e+002	-2.526249e+001
2.315055e+002	-1.165569e+001
2.314719e+002	-1.697843e+001
2.314210e+002	-2.289270e+001
2.316642e+002	-1.875067e+001
2.312847e+002	-3.590435e+001
2.311301e+002	-4.536792e+001
2.314943e+002	-3.708505e+001
2.319105e+002	-2.702754e+001
2.319461e+002	-2.998408e+001
2.317050e+002	-4.240538e+001
2.317752e+002	-4.417883e+001
2.321395e+002	-3.589595e+001
2.327459e+002	-1.933142e+001
2.328853e+002	-1.873866e+001
2.331112e+002	-1.518819e+001
2.335273e+002	-5.130672e+000
2.340646e+002	9.067669e+000
2.343769e+002	1.557589e+001
2.340666e+002	7.883957e-001
2.337909e+002	-1.281600e+001
2.335152e+002	-2.642040e+001
2.334470e+002	-3.292622e+001
2.337075e+002	-2.819264e+001
2.337950e+002	-2.937453e+001
2.342284e+002	-1.872547e+001
