    nm         	pN
0.000000e+000	5.441572e+002
3.553801e-002	5.411978e+002
2.051683e-003	5.358778e+002
2.033402e-002	5.323282e+002
-1.315394e-002	5.270082e+002
-2.938296e-002	5.222783e+002
-9.738227e-002	5.157780e+002
-1.308702e-001	5.104579e+002
-9.533059e-002	5.074985e+002
-1.805856e-001	5.004080e+002
-2.140735e-001	4.950880e+002
-2.475599e-001	4.897679e+002
-1.775089e-001	4.879889e+002
-1.764822e-001	4.838492e+002
-2.099702e-001	4.785291e+002
-2.262008e-001	4.737992e+002
-2.769444e-001	4.678890e+002
-3.276865e-001	4.619788e+002
-3.784285e-001	4.560687e+002
-3.774042e-001	4.519289e+002
-3.246097e-001	4.495597e+002
-3.235831e-001	4.454200e+002
-3.398137e-001	4.406901e+002
-3.042749e-001	4.377307e+002
-3.205064e-001	4.330008e+002
-3.194813e-001	4.288611e+002
-3.529669e-001	4.235411e+002
-3.864524e-001	4.182211e+002
-4.544525e-001	4.117207e+002
-4.706839e-001	4.069908e+002
-4.869138e-001	4.022609e+002
-5.376566e-001	3.963507e+002
-4.848613e-001	3.939815e+002
-4.665806e-001	3.904319e+002
-5.518364e-001	3.833414e+002
-5.853219e-001	3.780214e+002
-5.842969e-001	3.738816e+002
-5.832702e-001	3.697420e+002
-6.340138e-001	3.638317e+002
-6.675002e-001	3.585117e+002
-6.664752e-001	3.543720e+002
-6.999606e-001	3.490520e+002
-6.644235e-001	3.460925e+002
-6.806541e-001	3.413627e+002
-7.313969e-001	3.354525e+002
-7.993963e-001	3.289521e+002
-7.983704e-001	3.248124e+002
-8.318575e-001	3.194923e+002
-8.653431e-001	3.141724e+002
-8.988302e-001	3.088523e+002
-9.840851e-001	3.017618e+002
-1.000316e+000	2.970319e+002
-9.820351e-001	2.934823e+002
-1.015521e+000	2.881623e+002
-1.014496e+000	2.840226e+002
-1.030726e+000	2.792927e+002
-9.779317e-001	2.769235e+002
-1.011417e+000	2.716035e+002
-1.027648e+000	2.668736e+002
-9.748534e-001	2.645043e+002
-9.393146e-001	2.615450e+002
-8.865201e-001	2.591757e+002
-8.337256e-001	2.568065e+002
-9.017257e-001	2.503061e+002
-9.524685e-001	2.443959e+002
-9.686992e-001	2.396660e+002
-9.159047e-001	2.372968e+002
-9.148780e-001	2.331571e+002
-8.793408e-001	2.301977e+002
-8.092890e-001	2.284186e+002
-8.082632e-001	2.242789e+002
-8.417511e-001	2.189588e+002
-8.407245e-001	2.148191e+002
-9.604925e-001	2.065483e+002
-9.076987e-001	2.041790e+002
-7.168531e-001	2.065311e+002
-6.985724e-001	2.029815e+002
-6.975466e-001	1.988417e+002
-7.137764e-001	1.941119e+002
-6.609819e-001	1.917426e+002
-7.980064e-001	1.828817e+002
-8.832614e-001	1.757912e+002
-8.304677e-001	1.734219e+002
-7.949288e-001	1.704625e+002
-7.766474e-001	1.669129e+002
-6.548277e-001	1.669043e+002
-7.228270e-001	1.604040e+002
-7.735690e-001	1.544938e+002
-7.725440e-001	1.503541e+002
-8.750555e-001	1.426734e+002
-8.740296e-001	1.385337e+002
-8.384916e-001	1.355743e+002
-8.029536e-001	1.326149e+002
-8.019269e-001	1.284752e+002
-8.181576e-001	1.237453e+002
-7.998761e-001	1.201957e+002
-7.988502e-001	1.160560e+002
-8.323365e-001	1.107360e+002
-8.658237e-001	1.054159e+002
-8.647978e-001	1.012762e+002
-7.774912e-001	1.000873e+002
-7.592089e-001	9.653772e+001
-8.444638e-001	8.944721e+001
-8.089258e-001	8.648782e+001
-7.733878e-001	8.352841e+001
-7.551055e-001	7.997886e+001
-7.368232e-001	7.642929e+001
-7.185424e-001	7.287972e+001
-7.692845e-001	6.696955e+001
-8.890524e-001	5.869871e+001
-9.397960e-001	5.278851e+001
-9.387694e-001	4.864879e+001
-9.204887e-001	4.509923e+001
-9.022064e-001	4.154968e+001
-8.839240e-001	3.800012e+001
-7.103357e-001	3.976198e+001
-6.747977e-001	3.680258e+001
-7.600527e-001	2.971207e+001
-7.072574e-001	2.734283e+001
-6.544636e-001	2.497359e+001
-5.498997e-001	2.437482e+001
-4.971060e-001	2.200557e+001
-5.305923e-001	1.668553e+001
-5.985917e-001	1.018519e+001
-6.493353e-001	4.274988e+000
-5.965400e-001	1.905750e+000
-5.437447e-001	-4.634888e-001
-5.254640e-001	-4.013047e+000
-6.279746e-001	-1.169372e+001
-5.406680e-001	-1.288264e+001
-5.051299e-001	-1.584204e+001
-4.523346e-001	-1.821129e+001
-2.787463e-001	-1.644942e+001
-2.086969e-001	-1.822851e+001
-2.594389e-001	-2.413869e+001
-2.584139e-001	-2.827841e+001
-2.228759e-001	-3.123782e+001
-2.218492e-001	-3.537754e+001
-1.172853e-001	-3.597631e+001
-2.197976e-001	-4.365697e+001
-2.187725e-001	-4.779669e+001
-2.004902e-001	-5.134625e+001
-2.857452e-001	-5.843677e+001
-1.984385e-001	-5.962569e+001
-1.456432e-001	-6.199494e+001
-1.446182e-001	-6.613465e+001
-7.456717e-002	-6.791373e+001
-3.902916e-002	-7.087314e+001
-2.074683e-002	-7.442270e+001
-7.148721e-002	-8.033277e+001
-7.045731e-002	-8.447236e+001
-1.211945e-001	-9.038237e+001
-8.565319e-002	-9.334169e+001
-3.285626e-002	-9.571086e+001
-6.633934e-002	-1.010307e+002
-9.982080e-002	-1.063506e+002
-1.678152e-001	-1.128508e+002
-2.875751e-001	-1.211213e+002
-3.210565e-001	-1.264412e+002
-1.647255e-001	-1.252695e+002
-1.291843e-001	-1.282288e+002
-2.144344e-001	-1.353191e+002
-2.134045e-001	-1.394587e+002
-2.123746e-001	-1.435983e+002
-2.803690e-001	-1.500985e+002
-1.758051e-001	-1.506972e+002
-3.128222e-001	-1.595580e+002
-3.290480e-001	-1.642877e+002
-1.554613e-001	-1.625259e+002
3.287292e-001	-1.501415e+002
6.748727e-001	-1.424783e+002
6.931583e-001	-1.460278e+002
6.079098e-001	-1.531180e+002
5.916824e-001	-1.578478e+002
6.789907e-001	-1.590367e+002
6.800190e-001	-1.631763e+002
5.947705e-001	-1.702666e+002
4.922663e-001	-1.779470e+002
5.623189e-001	-1.797260e+002
5.806028e-001	-1.832755e+002
4.953544e-001	-1.903658e+002
5.654070e-001	-1.921448e+002
6.009482e-001	-1.951041e+002
6.537436e-001	-1.974733e+002
6.202621e-001	-2.027932e+002
6.730591e-001	-2.051623e+002
7.258560e-001	-2.075315e+002
6.923745e-001	-2.128514e+002
8.314482e-001	-2.122699e+002
9.877792e-001	-2.110982e+002
9.715535e-001	-2.158279e+002
1.024350e+000	-2.181971e+002
1.094403e+000	-2.199761e+002
1.285245e+000	-2.176242e+002
1.838457e+000	-2.028793e+002
2.305390e+000	-1.910851e+002
2.806837e+000	-1.781106e+002
3.083957e+000	-1.728079e+002
3.309313e+000	-1.692757e+002
3.293085e+000	-1.740054e+002
3.190581e+000	-1.816858e+002
3.295145e+000	-1.822846e+002
3.831101e+000	-1.681298e+002
4.039199e+000	-1.651877e+002
4.419854e+000	-1.563443e+002
4.800510e+000	-1.475007e+002
5.146654e+000	-1.398375e+002
4.871593e+000	-1.534194e+002
4.665553e+000	-1.646406e+002
4.459513e+000	-1.758620e+002
4.564077e+000	-1.764607e+002
4.668641e+000	-1.770594e+002
4.824972e+000	-1.758877e+002
4.774235e+000	-1.817978e+002
4.671729e+000	-1.894782e+002
4.569223e+000	-1.971587e+002
4.518488e+000	-2.030686e+002
4.830120e+000	-1.965857e+002
5.141752e+000	-1.901028e+002
5.211805e+000	-1.918818e+002
5.402647e+000	-1.895299e+002
5.714279e+000	-1.830469e+002
5.939633e+000	-1.795147e+002
6.251265e+000	-1.730318e+002
6.217784e+000	-1.783516e+002
6.356859e+000	-1.777701e+002
6.323376e+000	-1.830900e+002
6.186360e+000	-1.919507e+002
6.066601e+000	-2.002213e+002
6.084884e+000	-2.037707e+002
6.223960e+000	-2.031892e+002
6.380291e+000	-2.020175e+002
6.329554e+000	-2.079275e+002
6.296072e+000	-2.132474e+002
6.193566e+000	-2.209278e+002
6.349897e+000	-2.197562e+002
6.488972e+000	-2.191746e+002
6.420980e+000	-2.256748e+002
6.232196e+000	-2.363059e+002
6.354015e+000	-2.363145e+002
6.769182e+000	-2.262908e+002
6.925513e+000	-2.251191e+002
6.943798e+000	-2.286685e+002
6.893061e+000	-2.345785e+002
7.066648e+000	-2.328167e+002
7.102189e+000	-2.357760e+002
7.172241e+000	-2.375551e+002
7.880754e+000	-2.174989e+002
8.330433e+000	-2.062948e+002
8.348717e+000	-2.098443e+002
8.332492e+000	-2.145740e+002
8.488823e+000	-2.134024e+002
8.576129e+000	-2.145913e+002
8.577159e+000	-2.187309e+002
8.457399e+000	-2.270014e+002
8.251360e+000	-2.382227e+002
8.373180e+000	-2.382313e+002
8.753836e+000	-2.293878e+002
9.703929e+000	-2.010697e+002
1.044696e+001	-1.798332e+002
1.079310e+001	-1.721700e+002
1.098394e+001	-1.698180e+002
1.112302e+001	-1.692365e+002
1.136563e+001	-1.651141e+002
1.179805e+001	-1.545002e+002
1.238577e+001	-1.385750e+002
1.228327e+001	-1.462555e+002
1.218076e+001	-1.539359e+002
1.211277e+001	-1.604361e+002
1.207929e+001	-1.657560e+002
1.208032e+001	-1.698955e+002
1.199507e+001	-1.769858e+002
1.213414e+001	-1.764043e+002
1.242852e+001	-1.705115e+002
1.279192e+001	-1.622581e+002
1.267216e+001	-1.705287e+002
1.270770e+001	-1.734880e+002
1.300208e+001	-1.675952e+002
1.367608e+001	-1.487193e+002
1.402222e+001	-1.410561e+002
1.366088e+001	-1.575887e+002
1.293717e+001	-1.865142e+002
1.305899e+001	-1.865228e+002
1.402634e+001	-1.576145e+002
1.464858e+001	-1.405090e+002
1.515002e+001	-1.275346e+002
1.566872e+001	-1.139699e+002
1.537641e+001	-1.281419e+002
1.492878e+001	-1.476252e+002
1.492981e+001	-1.517648e+002
1.524145e+001	-1.452818e+002
1.553583e+001	-1.393890e+002
1.558862e+001	-1.417582e+002
1.572769e+001	-1.411767e+002
1.571147e+001	-1.459064e+002
1.590231e+001	-1.435544e+002
1.647278e+001	-1.282194e+002
1.666362e+001	-1.258674e+002
1.640582e+001	-1.388591e+002
1.613075e+001	-1.524410e+002
1.623532e+001	-1.530397e+002
1.635714e+001	-1.530484e+002
1.668603e+001	-1.459753e+002
1.673882e+001	-1.483444e+002
1.648102e+001	-1.613361e+002
1.648205e+001	-1.654757e+002
1.669014e+001	-1.625336e+002
1.676020e+001	-1.643127e+002
1.670946e+001	-1.702227e+002
1.652067e+001	-1.808538e+002
1.676328e+001	-1.767314e+002
1.712668e+001	-1.684781e+002
1.752460e+001	-1.590444e+002
1.733581e+001	-1.696756e+002
1.714703e+001	-1.803067e+002
1.675118e+001	-1.980195e+002
1.689025e+001	-1.974380e+002
1.740895e+001	-1.838734e+002
1.772059e+001	-1.773904e+002
1.806673e+001	-1.697272e+002
1.848190e+001	-1.597035e+002
1.855195e+001	-1.614825e+002
1.851847e+001	-1.668023e+002
1.841596e+001	-1.744828e+002
1.819267e+001	-1.862942e+002
1.807291e+001	-1.945648e+002
1.862612e+001	-1.798199e+002
1.879970e+001	-1.780581e+002
1.876622e+001	-1.833779e+002
1.852567e+001	-1.957795e+002
1.845768e+001	-2.022797e+002
1.902815e+001	-1.869446e+002
1.949508e+001	-1.751504e+002
1.927179e+001	-1.869618e+002
1.935909e+001	-1.881507e+002
1.932561e+001	-1.934706e+002
1.924036e+001	-2.005609e+002
1.934493e+001	-2.011597e+002
1.960479e+001	-1.964471e+002
1.979563e+001	-1.940952e+002
1.965862e+001	-2.029559e+002
1.955611e+001	-2.106363e+002
2.000579e+001	-1.994323e+002
2.005859e+001	-2.018014e+002
2.033571e+001	-1.964988e+002
2.030223e+001	-2.018187e+002
2.030326e+001	-2.059583e+002
2.068391e+001	-1.971148e+002
2.087475e+001	-1.947628e+002
2.058244e+001	-2.089348e+002
2.068700e+001	-2.095335e+002
2.054998e+001	-2.183942e+002
2.049924e+001	-2.243043e+002
2.074186e+001	-2.201819e+002
2.098447e+001	-2.160595e+002
2.088196e+001	-2.237399e+002
2.062415e+001	-2.367316e+002
2.060793e+001	-2.414614e+002
2.079877e+001	-2.391094e+002
2.085157e+001	-2.414786e+002
2.090436e+001	-2.438478e+002
2.095716e+001	-2.462169e+002
2.082014e+001	-2.550777e+002
2.089020e+001	-2.568567e+002
2.102927e+001	-2.562751e+002
2.116835e+001	-2.556936e+002
2.129017e+001	-2.557022e+002
2.151552e+001	-2.521700e+002
2.153381e+001	-2.557194e+002
2.131051e+001	-2.675309e+002
2.138056e+001	-2.693099e+002
2.148513e+001	-2.699087e+002
2.158969e+001	-2.705074e+002
2.164249e+001	-2.728766e+002
2.166077e+001	-2.764260e+002
2.193789e+001	-2.711234e+002
2.188716e+001	-2.770334e+002
2.185367e+001	-2.823533e+002
2.233786e+001	-2.699689e+002
2.242517e+001	-2.711578e+002
2.256425e+001	-2.705763e+002
2.285862e+001	-2.646835e+002
2.294593e+001	-2.658724e+002
2.291245e+001	-2.711922e+002
2.320683e+001	-2.652994e+002
2.358748e+001	-2.564559e+002
2.401990e+001	-2.458420e+002
2.478019e+001	-2.240154e+002
2.585107e+001	-1.915663e+002
2.655958e+001	-1.715102e+002
2.671591e+001	-1.703385e+002
2.690676e+001	-1.679865e+002
2.714937e+001	-1.638641e+002
2.716765e+001	-1.674136e+002
2.718594e+001	-1.709630e+002
2.748031e+001	-1.650703e+002
2.792999e+001	-1.538662e+002
2.818986e+001	-1.491537e+002
2.820814e+001	-1.527031e+002
2.834722e+001	-1.521216e+002
2.860708e+001	-1.474091e+002
2.850458e+001	-1.550895e+002
2.829854e+001	-1.663108e+002
2.852389e+001	-1.627786e+002
2.836962e+001	-1.722294e+002
2.831888e+001	-1.781394e+002
2.833717e+001	-1.816889e+002
2.906294e+001	-1.610426e+002
2.970243e+001	-1.433470e+002
3.004857e+001	-1.356838e+002
3.027393e+001	-1.321515e+002
3.070635e+001	-1.215376e+002
3.101798e+001	-1.150547e+002
3.086371e+001	-1.245055e+002
3.084748e+001	-1.292352e+002
3.102107e+001	-1.274734e+002
3.150526e+001	-1.150891e+002
3.193768e+001	-1.044752e+002
3.219755e+001	-9.976266e+001
3.207779e+001	-1.080332e+002
3.187175e+001	-1.192545e+002
3.166571e+001	-1.304758e+002
3.152869e+001	-1.393365e+002
3.142619e+001	-1.470170e+002
3.135819e+001	-1.535171e+002
3.199768e+001	-1.358215e+002
3.251639e+001	-1.222569e+002
3.265546e+001	-1.216754e+002
3.282905e+001	-1.199135e+002
3.315794e+001	-1.128405e+002
3.378017e+001	-9.573499e+001
3.440240e+001	-7.862953e+001
3.454148e+001	-7.804797e+001
3.481861e+001	-7.274516e+001
3.504396e+001	-6.921282e+001
3.521755e+001	-6.745095e+001
3.513230e+001	-7.454146e+001
3.544394e+001	-6.805832e+001
3.580734e+001	-5.980471e+001
3.622252e+001	-4.978063e+001
3.637885e+001	-4.860892e+001
3.651793e+001	-4.802737e+001
3.651895e+001	-5.216709e+001
3.648547e+001	-5.748712e+001
3.653826e+001	-5.985637e+001
3.655654e+001	-6.340593e+001
3.621244e+001	-7.934880e+001
3.631701e+001	-7.994755e+001
3.678395e+001	-6.815302e+001
3.699205e+001	-6.521084e+001
3.690680e+001	-7.230135e+001
3.687331e+001	-7.762139e+001
3.690885e+001	-8.058073e+001
3.692713e+001	-8.413018e+001
3.699719e+001	-8.590922e+001
3.713626e+001	-8.532768e+001
3.756869e+001	-7.471364e+001
3.794935e+001	-6.586987e+001
3.765702e+001	-8.004225e+001
3.772707e+001	-8.182127e+001
3.824578e+001	-6.825633e+001
3.829858e+001	-7.062557e+001
3.845491e+001	-6.945387e+001
3.883557e+001	-6.061010e+001
3.881934e+001	-6.533998e+001
3.849250e+001	-8.069265e+001
3.864883e+001	-7.952097e+001
3.878791e+001	-7.893945e+001
3.851285e+001	-9.252130e+001
3.865192e+001	-9.193976e+001
3.899807e+001	-8.427654e+001
3.911989e+001	-8.428515e+001
3.913817e+001	-8.783460e+001
3.894939e+001	-9.846574e+001
3.886414e+001	-1.055560e+002
3.933107e+001	-9.376184e+001
3.974624e+001	-8.373805e+001
3.985080e+001	-8.433680e+001
3.990360e+001	-8.670598e+001
4.004267e+001	-8.612444e+001
4.026803e+001	-8.259221e+001
4.016552e+001	-9.027264e+001
4.021832e+001	-9.264182e+001
4.030563e+001	-9.383070e+001
4.034117e+001	-9.679002e+001
4.044573e+001	-9.738877e+001
4.055030e+001	-9.798752e+001
4.036151e+001	-1.086187e+002
4.053510e+001	-1.068568e+002
4.070869e+001	-1.050950e+002
4.086502e+001	-1.039234e+002
4.114214e+001	-9.862070e+001
4.145377e+001	-9.213776e+001
4.173089e+001	-8.683511e+001
4.159388e+001	-9.569583e+001
4.126705e+001	-1.110481e+002
4.102650e+001	-1.234496e+002
4.099302e+001	-1.287695e+002
4.132190e+001	-1.216964e+002
4.170256e+001	-1.128529e+002
4.173810e+001	-1.158123e+002
4.165285e+001	-1.229025e+002
4.196448e+001	-1.164196e+002
4.224160e+001	-1.111170e+002
4.220812e+001	-1.164368e+002
4.219189e+001	-1.211666e+002
4.198586e+001	-1.323879e+002
4.207316e+001	-1.335767e+002
4.238480e+001	-1.270938e+002
4.264466e+001	-1.223813e+002
4.278374e+001	-1.217998e+002
4.285379e+001	-1.235788e+002
4.347602e+001	-1.064733e+002
4.409826e+001	-8.936785e+001
4.427185e+001	-8.760604e+001
4.420385e+001	-9.410620e+001
4.434293e+001	-9.352466e+001
4.451651e+001	-9.176285e+001
4.444852e+001	-9.826300e+001
4.439778e+001	-1.041730e+002
4.470942e+001	-9.769008e+001
4.462417e+001	-1.047804e+002
4.429734e+001	-1.201326e+002
4.428111e+001	-1.248624e+002
4.459275e+001	-1.183794e+002
4.468005e+001	-1.195683e+002
4.504345e+001	-1.113150e+002
4.504448e+001	-1.154546e+002
4.480393e+001	-1.278561e+002
4.470143e+001	-1.355366e+002
4.492678e+001	-1.320043e+002
4.535920e+001	-1.213904e+002
4.546376e+001	-1.219892e+002
4.549931e+001	-1.249485e+002
4.546582e+001	-1.302683e+002
4.557039e+001	-1.308671e+002
4.557142e+001	-1.350067e+002
4.572775e+001	-1.338350e+002
4.579780e+001	-1.356140e+002
4.576432e+001	-1.409339e+002
4.555828e+001	-1.521552e+002
4.592168e+001	-1.439018e+002
4.621605e+001	-1.380090e+002
4.599276e+001	-1.498204e+002
4.609733e+001	-1.504192e+002
4.618463e+001	-1.516081e+002
4.599585e+001	-1.622392e+002
4.630748e+001	-1.557563e+002
4.673990e+001	-1.451424e+002
4.687898e+001	-1.445608e+002
4.743219e+001	-1.298159e+002
4.826150e+001	-1.056288e+002
4.879745e+001	-9.147402e+001
4.890202e+001	-9.207277e+001
4.883402e+001	-9.857293e+001
4.897310e+001	-9.799140e+001
4.942278e+001	-8.678733e+001
4.983795e+001	-7.676347e+001
4.999428e+001	-7.559176e+001
4.973647e+001	-8.858358e+001
4.982378e+001	-8.977247e+001
5.027346e+001	-7.856838e+001
5.042979e+001	-7.739667e+001
5.017198e+001	-9.038844e+001
5.027654e+001	-9.098719e+001
5.026032e+001	-9.571693e+001
5.041665e+001	-9.454525e+001
5.033140e+001	-1.016356e+002
5.062578e+001	-9.574275e+001
5.098918e+001	-8.748939e+001
5.112825e+001	-8.690786e+001
5.078417e+001	-1.028503e+002
5.068166e+001	-1.105307e+002
5.097604e+001	-1.046379e+002
5.113237e+001	-1.034662e+002
5.135772e+001	-9.993400e+001
5.172112e+001	-9.168064e+001
5.163587e+001	-9.877094e+001
5.130904e+001	-1.141232e+002
5.115477e+001	-1.235741e+002
5.131110e+001	-1.224024e+002
5.153646e+001	-1.188701e+002
5.158925e+001	-1.212393e+002
5.126243e+001	-1.365916e+002
5.150503e+001	-1.324692e+002
5.219629e+001	-1.130032e+002
5.278401e+001	-9.707799e+001
5.275053e+001	-1.023979e+002
5.268254e+001	-1.088980e+002
5.275259e+001	-1.106771e+002
5.280539e+001	-1.130462e+002
5.265112e+001	-1.224971e+002
5.254861e+001	-1.301775e+002
5.268769e+001	-1.295960e+002
5.308560e+001	-1.201623e+002
5.306937e+001	-1.248921e+002
5.275980e+001	-1.396542e+002
5.255376e+001	-1.508755e+002
5.296893e+001	-1.408517e+002
5.360842e+001	-1.231561e+002
5.381651e+001	-1.202140e+002
5.362773e+001	-1.308451e+002
5.373230e+001	-1.314439e+002
5.383686e+001	-1.320426e+002
5.382064e+001	-1.367724e+002
5.382166e+001	-1.409120e+002
5.370190e+001	-1.491825e+002
5.365116e+001	-1.550925e+002
5.401456e+001	-1.468392e+002
5.441247e+001	-1.374056e+002
5.437899e+001	-1.427254e+002
5.406942e+001	-1.574876e+002
5.429477e+001	-1.539553e+002
5.441659e+001	-1.539639e+002
5.446939e+001	-1.563331e+002
5.440140e+001	-1.628333e+002
5.433341e+001	-1.693334e+002
5.436895e+001	-1.722927e+002
5.430095e+001	-1.787929e+002
5.447454e+001	-1.770311e+002
5.476891e+001	-1.711383e+002
5.471817e+001	-1.770483e+002
5.463293e+001	-1.841386e+002
5.463396e+001	-1.882782e+002
5.461773e+001	-1.930079e+002
5.468778e+001	-1.947869e+002
5.515472e+001	-1.829927e+002
5.531105e+001	-1.818211e+002
5.522580e+001	-1.889113e+002
5.517506e+001	-1.948214e+002
5.500353e+001	-2.048624e+002
5.500456e+001	-2.090020e+002
5.531620e+001	-2.025190e+002
5.574862e+001	-1.919051e+002
5.581867e+001	-1.936841e+002
5.561263e+001	-2.049054e+002
5.566543e+001	-2.072746e+002
5.578725e+001	-2.072832e+002
5.552944e+001	-2.202749e+002
5.546145e+001	-2.267750e+002
5.563503e+001	-2.250132e+002
5.592941e+001	-2.191204e+002
5.606849e+001	-2.185389e+002
5.587970e+001	-2.291700e+002
5.575994e+001	-2.374406e+002
5.601981e+001	-2.327281e+002
5.629693e+001	-2.274255e+002
5.660856e+001	-2.209425e+002
5.666136e+001	-2.233117e+002
5.657611e+001	-2.304020e+002
5.666342e+001	-2.315909e+002
5.662993e+001	-2.369107e+002
5.644115e+001	-2.475419e+002
5.628688e+001	-2.569927e+002
5.671930e+001	-2.463788e+002
5.704819e+001	-2.393057e+002
5.732531e+001	-2.340031e+002
5.729183e+001	-2.393230e+002
5.732737e+001	-2.422823e+002
5.717310e+001	-2.517331e+002
5.710510e+001	-2.582333e+002
5.764106e+001	-2.440785e+002
5.881548e+001	-2.080886e+002
6.030050e+001	-1.614761e+002
6.109529e+001	-1.384692e+002
6.099279e+001	-1.461496e+002
6.075224e+001	-1.585512e+002
6.071875e+001	-1.638711e+002
6.127197e+001	-1.491262e+002
6.175616e+001	-1.367418e+002
6.172267e+001	-1.420617e+002
6.199980e+001	-1.367590e+002
6.238045e+001	-1.279155e+002
6.284738e+001	-1.161213e+002
6.271037e+001	-1.249821e+002
6.250433e+001	-1.362033e+002
6.240182e+001	-1.438838e+002
6.248914e+001	-1.450726e+002
6.254193e+001	-1.474418e+002
6.257747e+001	-1.504011e+002
6.264752e+001	-1.521802e+002
6.285562e+001	-1.492381e+002
6.308098e+001	-1.457058e+002
6.320280e+001	-1.457144e+002
6.351443e+001	-1.392315e+002
6.372252e+001	-1.362894e+002
6.394788e+001	-1.327572e+002
6.424226e+001	-1.268644e+002
6.434682e+001	-1.274631e+002
6.433059e+001	-1.321929e+002
6.441790e+001	-1.333818e+002
6.434990e+001	-1.398819e+002
6.416113e+001	-1.505130e+002
6.400685e+001	-1.599639e+002
6.435300e+001	-1.523007e+002
6.481993e+001	-1.405065e+002
6.507980e+001	-1.357940e+002
6.527064e+001	-1.334420e+002
6.516813e+001	-1.411225e+002
6.475503e+001	-1.594254e+002
6.463527e+001	-1.676960e+002
6.494690e+001	-1.612131e+002
6.553462e+001	-1.452879e+002
6.636392e+001	-1.211007e+002
6.696891e+001	-1.045854e+002
6.715975e+001	-1.022335e+002
6.698822e+001	-1.122744e+002
6.700650e+001	-1.158239e+002
6.738716e+001	-1.069804e+002
6.754349e+001	-1.058087e+002
6.730294e+001	-1.182103e+002
6.721769e+001	-1.253006e+002
6.713244e+001	-1.323909e+002
6.721975e+001	-1.335798e+002
6.742785e+001	-1.306377e+002
6.799831e+001	-1.153026e+002
6.817190e+001	-1.135408e+002
6.822470e+001	-1.159100e+002
6.829475e+001	-1.176890e+002
6.822676e+001	-1.241892e+002
6.821053e+001	-1.289189e+002
6.796999e+001	-1.413205e+002
6.762590e+001	-1.572629e+002
6.774772e+001	-1.572715e+002
6.828368e+001	-1.431167e+002
6.862982e+001	-1.354535e+002
6.837201e+001	-1.484452e+002
6.859737e+001	-1.449130e+002
6.887448e+001	-1.396103e+002
6.920337e+001	-1.325372e+002
6.939422e+001	-1.301853e+002
6.910190e+001	-1.443573e+002
6.889586e+001	-1.555785e+002
6.925926e+001	-1.473252e+002
6.938108e+001	-1.473338e+002
6.957192e+001	-1.449818e+002
6.986630e+001	-1.390890e+002
6.990184e+001	-1.420484e+002
7.016170e+001	-1.373358e+002
7.059413e+001	-1.267219e+002
7.054339e+001	-1.326319e+002
7.044088e+001	-1.403124e+002
6.999326e+001	-1.597956e+002
6.989076e+001	-1.674760e+002
7.002983e+001	-1.668945e+002
6.978929e+001	-1.792961e+002
6.980757e+001	-1.828455e+002
7.023999e+001	-1.722316e+002
7.063790e+001	-1.627980e+002
7.101856e+001	-1.539545e+002
7.105410e+001	-1.569138e+002
7.076178e+001	-1.710858e+002
7.083183e+001	-1.728648e+002
7.112621e+001	-1.669720e+002
7.138608e+001	-1.622595e+002
7.168045e+001	-1.563667e+002
7.221641e+001	-1.422119e+002
7.233823e+001	-1.422205e+002
7.195963e+001	-1.593432e+002
7.180536e+001	-1.687941e+002
7.201346e+001	-1.658520e+002
7.208351e+001	-1.676310e+002
7.232612e+001	-1.635086e+002
7.281031e+001	-1.511243e+002
7.338078e+001	-1.357893e+002
7.376143e+001	-1.269457e+002
7.346912e+001	-1.411177e+002
7.317680e+001	-1.552897e+002
7.309155e+001	-1.623800e+002
7.314435e+001	-1.647492e+002
7.311087e+001	-1.700690e+002
7.307738e+001	-1.753889e+002
7.331999e+001	-1.712666e+002
7.368339e+001	-1.630132e+002
7.397777e+001	-1.571204e+002
7.375447e+001	-1.689318e+002
7.342764e+001	-1.842841e+002
7.351495e+001	-1.854730e+002
7.370579e+001	-1.831210e+002
7.368957e+001	-1.878507e+002
7.365608e+001	-1.931706e+002
7.386419e+001	-1.902285e+002
7.417582e+001	-1.837456e+002
7.452196e+001	-1.760824e+002
7.436769e+001	-1.855332e+002
7.440323e+001	-1.884926e+002
7.447328e+001	-1.902716e+002
7.457785e+001	-1.908703e+002
7.454437e+001	-1.961902e+002
7.440735e+001	-2.050509e+002
7.468446e+001	-1.997483e+002
7.485806e+001	-1.979864e+002
7.475555e+001	-2.056669e+002
7.479109e+001	-2.086262e+002
7.494742e+001	-2.074545e+002
7.496570e+001	-2.110040e+002
7.482869e+001	-2.198647e+002
7.526111e+001	-2.092508e+002
7.567628e+001	-1.992270e+002
7.566005e+001	-2.039567e+002
7.581638e+001	-2.027851e+002
7.614528e+001	-1.957120e+002
7.606003e+001	-2.028023e+002
7.595752e+001	-2.104827e+002
7.623464e+001	-2.051801e+002
7.670157e+001	-1.933858e+002
7.673712e+001	-1.963452e+002
7.691070e+001	-1.945833e+002
7.694624e+001	-1.975427e+002
7.684373e+001	-2.052231e+002
7.653416e+001	-2.199852e+002
7.663873e+001	-2.205840e+002
7.669152e+001	-2.229531e+002
7.688237e+001	-2.206012e+002
7.677986e+001	-2.282816e+002
7.653931e+001	-2.406832e+002
7.669564e+001	-2.395115e+002
7.700728e+001	-2.330286e+002
7.711184e+001	-2.336273e+002
7.725091e+001	-2.330458e+002
7.747627e+001	-2.295136e+002
7.764985e+001	-2.277518e+002
7.768539e+001	-2.307110e+002
7.777270e+001	-2.318999e+002
7.794629e+001	-2.301381e+002
7.813713e+001	-2.277862e+002
7.839699e+001	-2.230737e+002
7.850156e+001	-2.236724e+002
7.833003e+001	-2.337134e+002
7.824479e+001	-2.408037e+002
7.838386e+001	-2.402222e+002
7.978260e+001	-1.965604e+002
8.195785e+001	-1.263423e+002
8.313227e+001	-9.035231e+001
8.323683e+001	-9.095106e+001
8.379006e+001	-7.620598e+001
8.456761e+001	-5.378856e+001
8.493102e+001	-4.553496e+001
8.500107e+001	-4.731404e+001
8.505386e+001	-4.968328e+001
8.508940e+001	-5.264269e+001
8.498689e+001	-6.032335e+001
8.528127e+001	-5.443038e+001
8.562742e+001	-4.676693e+001
8.593906e+001	-4.028379e+001
8.649229e+001	-2.553844e+001
8.680392e+001	-1.905531e+001
8.680495e+001	-2.319502e+001
8.704756e+001	-1.907252e+001
8.708310e+001	-2.203192e+001
8.680803e+001	-3.561418e+001
8.705064e+001	-3.149168e+001
8.706892e+001	-3.504123e+001
8.741507e+001	-2.737778e+001
8.784750e+001	-1.676354e+001
8.807286e+001	-1.323120e+001
8.819468e+001	-1.323981e+001
8.854083e+001	-5.576348e+000
8.862814e+001	-6.765285e+000
8.845660e+001	-1.680658e+001
8.842311e+001	-2.212662e+001
8.851042e+001	-2.331555e+001
8.858047e+001	-2.509463e+001
8.865052e+001	-2.687372e+001
8.892765e+001	-2.157090e+001
8.896319e+001	-2.453030e+001
8.891244e+001	-3.044049e+001
8.882719e+001	-3.753101e+001
8.920785e+001	-2.868724e+001
8.958852e+001	-1.984348e+001
8.990015e+001	-1.336033e+001
8.979764e+001	-2.104100e+001
8.988495e+001	-2.222993e+001
9.009305e+001	-1.928775e+001
9.011134e+001	-2.283731e+001
9.033669e+001	-1.930497e+001
9.059656e+001	-1.459230e+001
9.104625e+001	-3.387903e+000
9.158222e+001	1.076729e+001
9.166952e+001	9.578360e+000
9.139445e+001	-4.003888e+000
9.129194e+001	-1.168456e+001
9.156906e+001	-6.381735e+000
9.184619e+001	-1.078923e+000
9.208880e+001	3.043569e+000
9.236593e+001	8.346390e+000
9.241872e+001	5.977151e+000
9.254055e+001	5.968534e+000
9.278315e+001	1.009104e+001
9.271515e+001	3.590678e+000
9.259539e+001	-4.680132e+000
9.245836e+001	-1.354113e+001
9.261470e+001	-1.236942e+001
9.280554e+001	-1.001739e+001
9.282383e+001	-1.356695e+001
9.263503e+001	-2.419841e+001
9.284313e+001	-2.125623e+001
9.303398e+001	-1.890421e+001
9.346640e+001	-8.289967e+000
9.379530e+001	-1.216666e+000
9.391712e+001	-1.225274e+000
9.384912e+001	-7.725623e+000
9.336697e+001	-2.838979e+001
9.310916e+001	-4.138188e+001
9.331725e+001	-3.843970e+001
9.347359e+001	-3.726798e+001
9.375071e+001	-3.196517e+001
9.402784e+001	-2.666235e+001
9.442576e+001	-1.722843e+001
9.472014e+001	-1.133545e+001
9.530788e+001	4.590204e+000
9.565403e+001	1.225366e+001
9.544798e+001	1.032038e+000
9.524193e+001	-1.018957e+001
9.515668e+001	-1.728008e+001
9.488160e+001	-3.086234e+001
9.483086e+001	-3.677253e+001
9.474560e+001	-4.386304e+001
9.478114e+001	-4.682244e+001
9.471314e+001	-5.332280e+001
9.543893e+001	-3.267586e+001
9.632002e+001	-6.717489e+000
9.668343e+001	1.536114e+000
9.661543e+001	-4.964235e+000
9.644390e+001	-1.500554e+001
9.651394e+001	-1.678462e+001
9.649771e+001	-2.151450e+001
9.642972e+001	-2.801486e+001
9.639623e+001	-3.333488e+001
9.713928e+001	-1.209779e+001
9.750269e+001	-3.844174e+000
9.752096e+001	-7.393741e+000
9.755650e+001	-1.035314e+001
9.766107e+001	-1.095191e+001
9.742050e+001	-2.335384e+001
9.757684e+001	-2.218213e+001
9.804378e+001	-1.038757e+001
9.794127e+001	-1.806824e+001
9.785601e+001	-2.515876e+001
9.816765e+001	-1.867563e+001
9.841026e+001	-1.455312e+001
9.868739e+001	-9.250304e+000
9.896451e+001	-3.947483e+000
9.893103e+001	-9.267521e+000
9.882852e+001	-1.694819e+001
9.905388e+001	-1.341585e+001
9.905490e+001	-1.755558e+001
9.922849e+001	-1.579370e+001
9.962641e+001	-6.359772e+000
1.000761e+002	4.844620e+000
1.005603e+002	1.722934e+001
1.005958e+002	1.426993e+001
1.004416e+002	4.818795e+000
1.004943e+002	2.449547e+000
1.007542e+002	7.162208e+000
1.005999e+002	-2.288930e+000
1.003249e+002	-1.587118e+001
1.005157e+002	-1.351916e+001
1.007238e+002	-1.057698e+001
1.005178e+002	-2.179860e+001
1.007604e+002	-1.767610e+001
1.013481e+002	-1.750429e+000
1.017633e+002	8.273653e+000
1.015055e+002	-4.718436e+000
1.012131e+002	-1.889085e+001
1.013004e+002	-2.007977e+001
1.014568e+002	-1.890807e+001
1.015613e+002	-1.950684e+001
1.017004e+002	-1.892529e+001
1.019258e+002	-1.539295e+001
1.024445e+002	-1.827905e+000
1.024973e+002	-4.197143e+000
1.024120e+002	-1.128766e+001
1.022750e+002	-2.014865e+001
1.019999e+002	-3.373091e+001
1.019664e+002	-3.905093e+001
1.023126e+002	-3.138748e+001
1.028486e+002	-1.723229e+001
1.030739e+002	-1.369995e+001
1.028161e+002	-2.669205e+001
1.027654e+002	-3.260224e+001
1.030597e+002	-2.670927e+001
1.031643e+002	-2.730803e+001
1.033206e+002	-2.613632e+001
1.036495e+002	-1.906303e+001
1.039094e+002	-1.435037e+001
1.043246e+002	-4.326287e+000
1.044637e+002	-3.744735e+000
1.044819e+002	-7.294294e+000
1.045175e+002	-1.025370e+001
1.049844e+002	1.540851e+000
1.048992e+002	-5.549639e+000
1.047104e+002	-1.618111e+001
1.048840e+002	-1.441924e+001
1.052474e+002	-6.165633e+000
1.056970e+002	5.038768e+000
1.055945e+002	-2.641900e+000
1.053540e+002	-1.504384e+001
1.052170e+002	-2.390483e+001
1.048383e+002	-4.102803e+001
1.048566e+002	-4.457759e+001
1.052545e+002	-3.514366e+001
1.053246e+002	-3.692275e+001
1.056190e+002	-3.102977e+001
1.060687e+002	-1.982537e+001
1.062595e+002	-1.747334e+001
1.065021e+002	-1.335084e+001
1.066930e+002	-1.099881e+001
1.066250e+002	-1.749917e+001
1.066950e+002	-1.927826e+001
1.069894e+002	-1.338529e+001
1.071457e+002	-1.221356e+001
1.072676e+002	-1.222217e+001
1.078380e+002	3.113329e+000
1.080806e+002	7.235831e+000
1.079781e+002	-4.448374e-001
1.077893e+002	-1.107630e+001
1.081355e+002	-3.412844e+000
1.085507e+002	6.611228e+000
1.085862e+002	3.651821e+000
1.084837e+002	-4.028838e+000
1.081569e+002	-1.938157e+001
1.079163e+002	-3.178350e+001
1.082279e+002	-2.530037e+001
1.089882e+002	-3.473112e+000
1.092136e+002	5.922082e-002
1.094907e+002	5.362042e+000
1.096643e+002	7.123913e+000
1.094755e+002	-3.507545e+000
1.094593e+002	-8.237423e+000
1.093223e+002	-1.709841e+001
1.093060e+002	-2.182829e+001
1.096694e+002	-1.357468e+001
1.097222e+002	-1.594392e+001
1.096197e+002	-2.362459e+001
1.094654e+002	-3.307573e+001
1.096045e+002	-3.249418e+001
1.098471e+002	-2.837169e+001
1.101760e+002	-2.129840e+001
1.105394e+002	-1.304479e+001
1.106267e+002	-1.423370e+001
1.103689e+002	-2.722580e+001
1.100421e+002	-4.257853e+001
1.103019e+002	-3.786588e+001
1.105100e+002	-3.492370e+001
1.106836e+002	-3.316182e+001
1.109953e+002	-2.667869e+001
1.116175e+002	-9.572702e+000
1.119809e+002	-1.319091e+000
1.121200e+002	-7.375396e-001
1.123799e+002	3.975104e+000
1.122774e+002	-3.705555e+000
1.124337e+002	-2.533844e+000
1.127798e+002	5.129598e+000
1.129707e+002	7.481620e+000
1.128164e+002	-1.969509e+000
1.127829e+002	-7.289547e+000
1.130773e+002	-1.396575e+000
1.135097e+002	9.217666e+000
1.134245e+002	2.127149e+000
1.136153e+002	4.479180e+000
1.136681e+002	2.109932e+000
1.138590e+002	4.461963e+000
1.140498e+002	6.813985e+000
1.135849e+002	-1.326000e+001
1.134306e+002	-2.271115e+001
1.135697e+002	-2.212960e+001
1.141057e+002	-7.974408e+000
1.145036e+002	1.459514e+000
1.150741e+002	1.679503e+001
1.154547e+002	2.563879e+001
1.155766e+002	2.563018e+001
1.158364e+002	3.034284e+001
1.156131e+002	1.853106e+001
1.153726e+002	6.129124e+000
1.150630e+002	-8.633444e+000
1.150813e+002	-1.218300e+001
1.153929e+002	-5.699861e+000
1.158253e+002	4.914371e+000
1.157573e+002	-1.585968e+000
1.157238e+002	-6.906006e+000
1.160355e+002	-4.228743e-001
1.159675e+002	-6.923223e+000
1.158477e+002	-1.519406e+001
1.159523e+002	-1.579282e+001
1.161604e+002	-1.285064e+001
1.162822e+002	-1.285925e+001
1.164558e+002	-1.109738e+001
1.163878e+002	-1.759773e+001
1.164578e+002	-1.937681e+001
1.162518e+002	-3.059844e+001
1.164426e+002	-2.824641e+001
1.169096e+002	-1.645185e+001
1.171177e+002	-1.350966e+001
1.169634e+002	-2.296081e+001
1.168954e+002	-2.946117e+001
1.171208e+002	-2.592883e+001
1.176912e+002	-1.059331e+001
1.177440e+002	-1.296255e+001
1.175207e+002	-2.477433e+001
1.174182e+002	-3.245500e+001
1.177989e+002	-2.361123e+001
1.184211e+002	-6.505248e+000
1.187155e+002	-6.122672e-001
1.186303e+002	-7.702775e+000
1.185450e+002	-1.479329e+001
1.188911e+002	-7.129841e+000
1.188922e+002	-1.126956e+001
1.186861e+002	-2.249118e+001
1.187389e+002	-2.486042e+001
1.187054e+002	-3.018046e+001
1.188618e+002	-2.900875e+001
1.190526e+002	-2.665673e+001
1.191399e+002	-2.784565e+001
1.194688e+002	-2.077237e+001
1.198667e+002	-1.133844e+001
1.199540e+002	-1.252735e+001
1.197307e+002	-2.433914e+001
1.196800e+002	-3.024933e+001
1.199226e+002	-2.612684e+001
1.202860e+002	-1.787323e+001
1.207184e+002	-7.258976e+000
1.210301e+002	-7.758441e-001
1.216178e+002	1.514982e+001
1.217051e+002	1.396090e+001
1.214646e+002	1.558952e+000
1.214828e+002	-1.990597e+000
1.215011e+002	-5.540156e+000
1.218128e+002	9.429762e-001
1.219173e+002	3.441990e-001
1.216940e+002	-1.146757e+001
1.215052e+002	-2.209903e+001
1.212474e+002	-3.509112e+001
1.216108e+002	-2.683751e+001
1.221640e+002	-1.209216e+001
1.222341e+002	-1.387125e+001
1.222696e+002	-1.683065e+001
1.218738e+002	-3.454401e+001
1.219266e+002	-3.691325e+001
1.222727e+002	-2.924980e+001
1.224290e+002	-2.807809e+001
1.228097e+002	-1.923433e+001
1.232249e+002	-9.210240e+000
1.234157e+002	-6.858218e+000
1.233132e+002	-1.453889e+001
1.232625e+002	-2.044908e+001
1.233843e+002	-2.045769e+001
1.236097e+002	-1.692535e+001
1.238868e+002	-1.162253e+001
1.240431e+002	-1.045083e+001
1.240614e+002	-1.400039e+001
1.244075e+002	-6.336934e+000
1.245984e+002	-3.984912e+000
1.244959e+002	-1.166558e+001
1.245314e+002	-1.462498e+001
1.246015e+002	-1.640406e+001
1.247405e+002	-1.582252e+001
1.247243e+002	-2.055238e+001
1.247081e+002	-2.528226e+001
1.250197e+002	-1.879913e+001
1.254694e+002	-7.594729e+000
1.255049e+002	-1.055414e+001
1.254887e+002	-1.528400e+001
1.257313e+002	-1.116150e+001
1.258186e+002	-1.235043e+001
1.255436e+002	-2.593269e+001
1.256309e+002	-2.712161e+001
1.261151e+002	-1.473690e+001
1.262887e+002	-1.297503e+001
1.263587e+002	-1.475411e+001
1.264633e+002	-1.535288e+001
1.264298e+002	-2.067291e+001
1.263618e+002	-2.717327e+001
1.267079e+002	-1.950982e+001
1.267607e+002	-2.187905e+001
1.265719e+002	-3.251052e+001
1.265212e+002	-3.842071e+001
1.264359e+002	-4.551123e+001
1.267303e+002	-3.961825e+001
1.272145e+002	-2.723353e+001
1.276987e+002	-1.484881e+001
1.278378e+002	-1.426726e+001
1.278388e+002	-1.840698e+001
1.280469e+002	-1.546480e+001
1.280479e+002	-1.960452e+001
1.278074e+002	-3.200645e+001
1.279119e+002	-3.260522e+001
1.281546e+002	-2.848272e+001
1.281383e+002	-3.321260e+001
1.284155e+002	-2.790978e+001
1.287616e+002	-2.024633e+001
1.291423e+002	-1.140256e+001
1.289880e+002	-2.085370e+001
1.290063e+002	-2.440326e+001
1.292144e+002	-2.146108e+001
1.291636e+002	-2.737128e+001
1.295270e+002	-1.911766e+001
1.300285e+002	-6.142785e+000
1.304091e+002	2.700976e+000
1.307380e+002	9.774268e+000
1.308771e+002	1.035582e+001
1.306711e+002	-8.657897e-001
1.304478e+002	-1.267757e+001
1.304488e+002	-1.681729e+001
1.303980e+002	-2.272749e+001
1.303301e+002	-2.922784e+001
1.305727e+002	-2.510534e+001
1.310914e+002	-1.154030e+001
1.311787e+002	-1.272923e+001
1.311452e+002	-1.804927e+001
1.313188e+002	-1.628740e+001
1.314406e+002	-1.629601e+001
1.316487e+002	-1.335382e+001
1.321674e+002	2.112026e-001
1.321685e+002	-3.928506e+000
1.319624e+002	-1.515012e+001
1.319462e+002	-1.988000e+001
1.319990e+002	-2.224924e+001
1.319482e+002	-2.815944e+001
1.316731e+002	-4.174170e+001
1.315534e+002	-5.001253e+001
1.322792e+002	-2.936558e+001
1.327979e+002	-1.580054e+001
1.329542e+002	-1.462884e+001
1.334212e+002	-2.834279e+000
1.335947e+002	-1.072408e+000
1.331816e+002	-1.937593e+001
1.330791e+002	-2.705660e+001
1.331492e+002	-2.883569e+001
1.334608e+002	-2.235255e+001
1.336516e+002	-2.000053e+001
1.337390e+002	-2.118946e+001
1.337745e+002	-2.414885e+001
1.338273e+002	-2.651810e+001
1.338283e+002	-3.065782e+001
1.339329e+002	-3.125659e+001
1.342963e+002	-2.300298e+001
1.347632e+002	-1.120842e+001
1.355925e+002	1.297946e+001
1.358524e+002	1.769213e+001
1.350597e+002	-1.359487e+001
1.345430e+002	-3.543935e+001
1.348891e+002	-2.777590e+001
1.352871e+002	-1.834197e+001
1.358058e+002	-4.776935e+000
1.362555e+002	6.427457e+000
1.362220e+002	1.107428e+000
1.357053e+002	-2.073704e+001
1.358271e+002	-2.074565e+001
1.363631e+002	-6.590456e+000
1.367438e+002	2.253306e+000
1.368311e+002	1.064378e+000
1.370737e+002	5.186879e+000
1.372473e+002	6.948741e+000
1.373001e+002	4.579503e+000
1.375254e+002	8.111853e+000
1.375955e+002	6.332765e+000
1.375447e+002	4.225675e-001
1.375803e+002	-2.536822e+000
1.374260e+002	-1.198797e+001
1.368058e+002	-3.737340e+001
1.368931e+002	-3.856232e+001
1.373255e+002	-2.794807e+001
1.373956e+002	-2.972716e+001
1.373621e+002	-3.504720e+001
1.370698e+002	-4.921962e+001
1.370708e+002	-5.335932e+001
1.376930e+002	-3.625334e+001
1.382118e+002	-2.268830e+001
1.383336e+002	-2.269691e+001
1.381620e+002	-3.273822e+001
1.382666e+002	-3.333699e+001
1.388543e+002	-1.741132e+001
1.392868e+002	-6.797066e+000
1.392360e+002	-1.270726e+001
1.391335e+002	-2.038793e+001
1.393589e+002	-1.685559e+001
1.394289e+002	-1.863468e+001
1.395680e+002	-1.805313e+001
1.397761e+002	-1.511095e+001
1.400532e+002	-9.808124e+000
1.402268e+002	-8.046262e+000
1.399863e+002	-2.044820e+001
1.396939e+002	-3.462061e+001
1.396604e+002	-3.994064e+001
1.399548e+002	-3.404767e+001
1.404045e+002	-2.284326e+001
1.406644e+002	-1.813061e+001
1.408897e+002	-1.459826e+001
1.411496e+002	-9.885608e+000
1.412887e+002	-9.304057e+000
1.411344e+002	-1.875520e+001
1.410146e+002	-2.702603e+001
1.415161e+002	-1.405115e+001
1.422246e+002	6.005620e+000
1.423119e+002	4.816693e+000
1.419506e+002	-1.171635e+001
1.422277e+002	-6.413534e+000
1.422115e+002	-1.114340e+001
1.421262e+002	-1.823392e+001
1.421790e+002	-2.060316e+001
1.424734e+002	-1.471018e+001
1.428713e+002	-5.276256e+000
1.429931e+002	-5.284865e+000
1.426835e+002	-2.004743e+001
1.425810e+002	-2.772811e+001
1.430997e+002	-1.416307e+001
1.436530e+002	5.822733e-001
1.435332e+002	-7.688545e+000
1.435687e+002	-1.064795e+001
1.436906e+002	-1.065656e+001
1.436226e+002	-1.715691e+001
1.434165e+002	-2.837853e+001
1.433313e+002	-3.546904e+001
1.434703e+002	-3.488749e+001
1.436784e+002	-3.194531e+001
1.441799e+002	-1.897043e+001
1.448712e+002	4.961807e-001
1.451483e+002	5.799002e+000
1.451493e+002	1.659284e+000
1.453574e+002	4.601465e+000
1.451859e+002	-5.439833e+000
1.449971e+002	-1.607129e+001
1.450154e+002	-1.962085e+001
1.453443e+002	-1.254756e+001
1.458285e+002	-1.628369e-001
1.459675e+002	4.187055e-001
1.457787e+002	-1.021275e+001
1.456762e+002	-1.789342e+001
1.462122e+002	-3.738220e+000
1.466101e+002	5.695693e+000
1.466284e+002	2.146134e+000
1.462325e+002	-1.556722e+001
1.463371e+002	-1.616599e+001
1.471664e+002	8.021890e+000
1.478232e+002	2.630820e+001
1.476171e+002	1.508658e+001
1.473938e+002	3.274795e+000
1.474294e+002	3.153962e-001
1.477410e+002	6.798528e+000
1.479836e+002	1.092103e+001
1.478121e+002	8.797219e-001
1.475888e+002	-1.093205e+001
1.476243e+002	-1.389145e+001
1.478324e+002	-1.094926e+001
1.478162e+002	-1.567914e+001
1.479553e+002	-1.509759e+001
1.481806e+002	-1.156525e+001
1.484232e+002	-7.442747e+000
1.484933e+002	-9.221835e+000
1.489085e+002	8.022467e-001
1.491683e+002	5.514908e+000
1.492211e+002	3.145660e+000
1.489288e+002	-1.102675e+001
1.487918e+002	-1.988773e+001
1.490862e+002	-1.399476e+001
1.494323e+002	-6.331304e+000
1.497439e+002	1.518283e-001
1.497795e+002	-2.807570e+000
1.495907e+002	-1.343903e+001
1.497643e+002	-1.167717e+001
1.499206e+002	-1.050546e+001
1.502323e+002	-4.022323e+000
1.503023e+002	-5.801411e+000
1.503896e+002	-6.990330e+000
1.504942e+002	-7.589099e+000
1.509956e+002	5.385773e+000
1.513418e+002	1.304922e+001
1.515844e+002	1.717173e+001
1.514301e+002	7.720579e+000
1.508962e+002	-1.471405e+001
1.506211e+002	-2.829631e+001
1.506394e+002	-3.184587e+001
1.505024e+002	-4.070685e+001
1.506242e+002	-4.071546e+001
1.510739e+002	-2.951105e+001
1.513510e+002	-2.420824e+001
1.519215e+002	-8.872727e+000
1.523021e+002	-2.895621e-002
1.524067e+002	-6.277244e-001
1.523905e+002	-5.357602e+000
1.522189e+002	-1.539890e+001
1.525306e+002	-8.915769e+000
1.529975e+002	2.878783e+000
1.531884e+002	5.230805e+000
1.534137e+002	8.763146e+000
1.533457e+002	2.262798e+000
1.528981e+002	-1.722103e+001
1.528819e+002	-2.195091e+001
1.532625e+002	-1.310714e+001
1.534534e+002	-1.075512e+001
1.535579e+002	-1.135388e+001
1.538523e+002	-5.460912e+000
1.541467e+002	4.320512e-001
1.542340e+002	-7.568588e-001
1.539935e+002	-1.315880e+001
1.539082e+002	-2.024930e+001
1.541335e+002	-1.671697e+001
1.545315e+002	-7.283041e+000
1.544117e+002	-1.555386e+001
1.542057e+002	-2.677549e+001
1.544138e+002	-2.383331e+001
1.545528e+002	-2.325175e+001
1.546229e+002	-2.503084e+001
1.546239e+002	-2.917056e+001
1.547457e+002	-2.917917e+001
1.551264e+002	-2.033540e+001
1.554725e+002	-1.267195e+001
1.558359e+002	-4.418335e+000
1.561993e+002	3.835267e+000
1.562176e+002	2.857000e-001
1.560288e+002	-1.034575e+001
1.560989e+002	-1.212483e+001
1.565486e+002	-9.204356e-001
1.569638e+002	9.103646e+000
1.569475e+002	4.373768e+000
1.562928e+002	-2.219196e+001
1.560695e+002	-3.400375e+001
1.562431e+002	-3.224188e+001
1.564512e+002	-2.929969e+001
1.567974e+002	-2.163624e+001
1.567121e+002	-2.872675e+001
1.564715e+002	-4.112869e+001
1.564726e+002	-4.526841e+001
1.566116e+002	-4.468685e+001
1.565782e+002	-5.000689e+001
1.569070e+002	-4.293360e+001
1.575466e+002	-2.523745e+001
1.578237e+002	-1.993464e+001
1.579110e+002	-2.112356e+001
1.578947e+002	-2.585345e+001
1.578267e+002	-3.235379e+001
1.580003e+002	-3.059192e+001
1.583983e+002	-2.115800e+001
1.581404e+002	-3.415010e+001
1.578999e+002	-4.655204e+001
1.583668e+002	-3.475747e+001
1.588683e+002	-2.178259e+001
1.587313e+002	-3.064358e+001
1.590774e+002	-2.298013e+001
1.594926e+002	-1.295605e+001
1.594073e+002	-2.004656e+001
1.592703e+002	-2.890754e+001
1.594957e+002	-2.537520e+001
1.598246e+002	-1.830191e+001
1.599809e+002	-1.713020e+001
1.598784e+002	-2.481087e+001
1.600865e+002	-2.186869e+001
1.601393e+002	-2.423793e+001
1.602783e+002	-2.365638e+001
1.602794e+002	-2.779609e+001
1.601078e+002	-3.783740e+001
1.602297e+002	-3.784601e+001
1.604723e+002	-3.372351e+001
1.607149e+002	-2.960101e+001
1.611301e+002	-1.957692e+001
1.613209e+002	-1.722490e+001
1.614255e+002	-1.782366e+001
1.612884e+002	-2.668465e+001
1.613412e+002	-2.905390e+001
1.616184e+002	-2.375108e+001
1.621716e+002	-9.005723e+000
1.624832e+002	-2.522592e+000
1.625015e+002	-6.072150e+000
1.624163e+002	-1.316266e+001
1.625208e+002	-1.376143e+001
1.628497e+002	-6.688135e+000
1.629025e+002	-9.057382e+000
1.631796e+002	-3.754562e+000
1.637846e+002	1.276126e+001
1.639237e+002	1.334281e+001
1.639765e+002	1.097356e+001
1.640465e+002	9.194485e+000
1.639095e+002	3.334972e-001
1.639623e+002	-2.035732e+000
1.640496e+002	-3.224660e+000
1.641887e+002	-2.643118e+000
1.639654e+002	-1.445490e+001
1.640182e+002	-1.682413e+001
1.640710e+002	-1.919338e+001
1.641755e+002	-1.979215e+001
1.641938e+002	-2.334171e+001
1.643847e+002	-2.098969e+001
1.649379e+002	-6.244326e+000
1.654048e+002	5.550226e+000
1.654404e+002	2.590818e+000
1.654069e+002	-2.729211e+000
1.651663e+002	-1.513114e+001
1.647705e+002	-3.284450e+001
1.647887e+002	-3.639406e+001
1.647553e+002	-4.171410e+001
1.648426e+002	-4.290303e+001
1.649126e+002	-4.468212e+001
1.652588e+002	-3.701866e+001
1.658638e+002	-2.050283e+001
1.662789e+002	-1.047875e+001
1.667976e+002	3.086286e+000
1.665916e+002	-8.135332e+000
1.661440e+002	-2.761917e+001
1.659552e+002	-3.825064e+001
1.662150e+002	-3.353797e+001
1.667510e+002	-1.938277e+001
1.668556e+002	-1.998155e+001
1.666668e+002	-3.061301e+001
1.667713e+002	-3.121178e+001
1.673073e+002	-1.705658e+001
1.675672e+002	-1.234393e+001
1.674474e+002	-2.061474e+001
1.669653e+002	-4.127891e+001
1.670008e+002	-4.423831e+001
1.671399e+002	-4.365676e+001
1.670546e+002	-5.074727e+001
1.673663e+002	-4.426413e+001
1.677814e+002	-3.424005e+001
1.682656e+002	-2.185532e+001
1.684565e+002	-1.950330e+001
1.687336e+002	-1.420049e+001
1.687864e+002	-1.656973e+001
1.687874e+002	-2.070945e+001
1.690300e+002	-1.658694e+001
1.695660e+002	-2.431753e+000
1.696361e+002	-4.210841e+000
1.693092e+002	-1.956357e+001
1.691894e+002	-2.783440e+001
1.693285e+002	-2.725285e+001
1.695539e+002	-2.372050e+001
1.695894e+002	-2.667991e+001
1.696250e+002	-2.963931e+001
1.696260e+002	-3.377903e+001
1.697651e+002	-3.319748e+001
1.696626e+002	-4.087814e+001
1.697671e+002	-4.147691e+001
1.701133e+002	-3.381346e+001
1.701488e+002	-3.677286e+001
1.702189e+002	-3.855195e+001
1.700646e+002	-4.800309e+001
1.702382e+002	-4.624122e+001
1.707569e+002	-3.267619e+001
1.708269e+002	-3.445527e+001
1.709660e+002	-3.387373e+001
1.710533e+002	-3.506265e+001
1.713132e+002	-3.035000e+001
1.711417e+002	-4.039129e+001
1.712462e+002	-4.099006e+001
1.714198e+002	-3.922820e+001
1.715934e+002	-3.746633e+001
1.717325e+002	-3.688478e+001
1.717335e+002	-4.102450e+001
1.717518e+002	-4.457406e+001
1.720979e+002	-3.691061e+001
1.723578e+002	-3.219795e+001
1.726004e+002	-2.807545e+001
1.731536e+002	-1.333010e+001
1.731719e+002	-1.687966e+001
1.732247e+002	-1.924890e+001
1.735363e+002	-1.276576e+001
1.732268e+002	-2.752833e+001
1.730380e+002	-3.815980e+001
1.732806e+002	-3.403730e+001
1.735577e+002	-2.873447e+001
1.739729e+002	-1.871039e+001
1.740429e+002	-2.048948e+001
1.738541e+002	-3.112094e+001
1.737689e+002	-3.821145e+001
1.737872e+002	-4.176101e+001
1.737364e+002	-4.767120e+001
1.740998e+002	-3.941759e+001
1.749982e+002	-1.286907e+001
1.752580e+002	-8.156410e+000
1.750520e+002	-1.937804e+001
1.751220e+002	-2.115712e+001
1.753992e+002	-1.585430e+001
1.754865e+002	-1.704322e+001
1.754357e+002	-2.295342e+001
1.753160e+002	-3.122425e+001
1.752652e+002	-3.713444e+001
1.755596e+002	-3.124146e+001
1.759058e+002	-2.357801e+001
1.761484e+002	-1.945551e+001
1.761494e+002	-2.359523e+001
1.765473e+002	-1.416131e+001
1.762550e+002	-2.833372e+001
1.758936e+002	-4.486676e+001
1.760327e+002	-4.428521e+001
1.764824e+002	-3.308081e+001
1.766905e+002	-3.013863e+001
1.767088e+002	-3.368819e+001
1.769341e+002	-3.015586e+001
1.769524e+002	-3.370541e+001
1.770742e+002	-3.371402e+001
1.777655e+002	-1.424740e+001
1.779564e+002	-1.189537e+001
1.778021e+002	-2.134651e+001
1.777341e+002	-2.784687e+001
1.778904e+002	-2.667516e+001
1.783746e+002	-1.429044e+001
1.784274e+002	-1.665968e+001
1.783939e+002	-2.197972e+001
1.785330e+002	-2.139817e+001
1.785858e+002	-2.376741e+001
1.786731e+002	-2.495634e+001
1.789675e+002	-1.906336e+001
1.794172e+002	-7.858962e+000
1.793492e+002	-1.435932e+001
1.792121e+002	-2.322030e+001
1.789716e+002	-3.562223e+001
1.788691e+002	-4.330290e+001
1.790599e+002	-4.095088e+001
1.794751e+002	-3.092679e+001
1.798903e+002	-2.090271e+001
1.800811e+002	-1.855069e+001
1.798923e+002	-2.918215e+001
1.796172e+002	-4.276440e+001
1.799806e+002	-3.451079e+001
1.808100e+002	-1.032290e+001
1.813459e+002	3.832280e+000
1.814160e+002	2.053202e+000
1.810719e+002	-1.388968e+001
1.805898e+002	-3.455384e+001
1.809014e+002	-2.807070e+001
1.816617e+002	-6.243451e+000
1.818870e+002	-2.711110e+000
1.818018e+002	-9.801618e+000
1.817856e+002	-1.453150e+001
1.818038e+002	-1.808105e+001
1.817703e+002	-2.340109e+001
1.818577e+002	-2.459001e+001
1.821003e+002	-2.046751e+001
1.821186e+002	-2.401707e+001
1.820506e+002	-3.051744e+001
1.821724e+002	-3.052604e+001
1.823632e+002	-2.817401e+001
1.820881e+002	-4.175627e+001
1.823135e+002	-3.822392e+001
1.826596e+002	-3.056047e+001
1.824709e+002	-4.119194e+001
1.826790e+002	-3.824975e+001
1.833012e+002	-2.114376e+001
1.837682e+002	-9.349201e+000
1.837519e+002	-1.407908e+001
1.836667e+002	-2.116960e+001
1.837195e+002	-2.353883e+001
1.837723e+002	-2.590807e+001
1.840149e+002	-2.178557e+001
1.838778e+002	-3.064657e+001
1.838616e+002	-3.537644e+001
1.843458e+002	-2.299172e+001
1.847782e+002	-1.237747e+001
1.849173e+002	-1.179592e+001
1.847113e+002	-2.301754e+001
1.847123e+002	-2.715726e+001
1.850585e+002	-1.949381e+001
1.851458e+002	-2.068274e+001
1.849570e+002	-3.131420e+001
1.852341e+002	-2.601138e+001
1.853041e+002	-2.779047e+001
1.851154e+002	-3.842193e+001
1.854960e+002	-2.957816e+001
1.860665e+002	-1.424265e+001
1.858087e+002	-2.723474e+001
1.853265e+002	-4.789890e+001
1.855691e+002	-4.377640e+001
1.856392e+002	-4.555549e+001
1.855884e+002	-5.146569e+001
1.856758e+002	-5.265460e+001
1.857631e+002	-5.384353e+001
1.860920e+002	-4.677024e+001
1.864899e+002	-3.733631e+001
1.866462e+002	-3.616461e+001
1.869751e+002	-2.909132e+001
1.873730e+002	-1.965739e+001
1.878227e+002	-8.452984e+000
1.877029e+002	-1.672380e+001
1.873243e+002	-3.384702e+001
1.873081e+002	-3.857689e+001
1.875507e+002	-3.445439e+001
1.877243e+002	-3.269253e+001
1.880187e+002	-2.679955e+001
1.881233e+002	-2.739831e+001
1.886937e+002	-1.206281e+001
1.889881e+002	-6.169829e+000
1.889201e+002	-1.267018e+001
1.890937e+002	-1.090832e+001
1.889222e+002	-2.094961e+001
1.889922e+002	-2.272870e+001
1.894592e+002	-1.093414e+001
1.892704e+002	-2.156561e+001
1.891333e+002	-3.042660e+001
1.893414e+002	-2.748440e+001
1.894805e+002	-2.690286e+001
1.898784e+002	-1.746893e+001
1.900003e+002	-1.747754e+001
1.898115e+002	-2.810901e+001
1.897952e+002	-3.283887e+001
1.901931e+002	-2.340494e+001
1.904530e+002	-1.869229e+001
1.907129e+002	-1.397964e+001
1.908175e+002	-1.457840e+001
1.909393e+002	-1.458701e+001
1.908713e+002	-2.108737e+001
1.907170e+002	-3.053851e+001
1.907525e+002	-3.349791e+001
1.911332e+002	-2.465414e+001
1.912550e+002	-2.466275e+001
1.907901e+002	-4.473675e+001
1.908084e+002	-4.828631e+001
1.911546e+002	-4.062286e+001
1.915180e+002	-3.236924e+001
1.917606e+002	-2.824675e+001
1.918306e+002	-3.002583e+001
1.922458e+002	-2.000175e+001
1.922468e+002	-2.414146e+001
1.922133e+002	-2.946150e+001
1.920936e+002	-3.773233e+001
1.923534e+002	-3.301967e+001
1.927686e+002	-2.299559e+001
1.928904e+002	-2.300420e+001
1.931676e+002	-1.770138e+001
1.937208e+002	-2.956024e+000
1.936183e+002	-1.063669e+001
1.930498e+002	-3.425164e+001
1.932062e+002	-3.307993e+001
1.937939e+002	-1.715426e+001
1.946060e+002	6.443465e+000
1.947451e+002	7.025007e+000
1.942457e+002	-1.422930e+001
1.941431e+002	-2.190997e+001
1.943858e+002	-1.778747e+001
1.946456e+002	-1.307480e+001
1.944396e+002	-2.429642e+001
1.942163e+002	-3.610820e+001
1.946832e+002	-2.431364e+001
1.951674e+002	-1.192892e+001
1.954963e+002	-4.855628e+000
1.958770e+002	3.988134e+000
1.959125e+002	1.028726e+000
1.959480e+002	-1.930664e+000
1.959146e+002	-7.250701e+000
1.956050e+002	-2.201328e+001
1.954680e+002	-3.087426e+001
1.951756e+002	-4.504667e+001
1.950559e+002	-5.331750e+001
1.952467e+002	-5.096547e+001
1.954203e+002	-4.920361e+001
1.960253e+002	-3.268778e+001
1.965267e+002	-1.971291e+001
1.963552e+002	-2.975421e+001
1.961837e+002	-3.979550e+001
1.964608e+002	-3.449269e+001
1.968070e+002	-2.682924e+001
1.967735e+002	-3.214928e+001
1.973612e+002	-1.622361e+001
1.976901e+002	-9.150315e+000
1.975703e+002	-1.742113e+001
1.974678e+002	-2.510180e+001
1.972445e+002	-3.691359e+001
1.975561e+002	-3.043045e+001
1.980921e+002	-1.627526e+001
1.980759e+002	-2.100514e+001
1.978698e+002	-3.222675e+001
1.978191e+002	-3.813695e+001
1.981652e+002	-3.047350e+001
1.985114e+002	-2.281005e+001
1.983571e+002	-3.226119e+001
1.980130e+002	-4.820408e+001
1.982556e+002	-4.408158e+001
1.987743e+002	-3.051654e+001
1.993103e+002	-1.636135e+001
1.996220e+002	-9.878218e+000
1.996402e+002	-1.342777e+001
1.995722e+002	-1.992813e+001
1.993834e+002	-3.055958e+001
1.995053e+002	-3.056819e+001
2.000067e+002	-1.759332e+001
2.002838e+002	-1.229050e+001
2.002676e+002	-1.702039e+001
2.001306e+002	-2.588136e+001
2.002697e+002	-2.529981e+001
2.004087e+002	-2.471827e+001
2.007031e+002	-1.882529e+001
2.004280e+002	-3.240755e+001
2.001875e+002	-4.480948e+001
2.002920e+002	-4.540825e+001
2.006209e+002	-3.833496e+001
2.007600e+002	-3.775341e+001
2.013305e+002	-2.241790e+001
2.016076e+002	-1.711508e+001
2.017294e+002	-1.712369e+001
2.018858e+002	-1.595198e+001
2.020421e+002	-1.478027e+001
2.018878e+002	-2.423141e+001
2.018198e+002	-3.073177e+001
2.024939e+002	-1.185531e+001
2.029263e+002	-1.241065e+000
2.027030e+002	-1.305284e+001
2.026005e+002	-2.073351e+001
2.023944e+002	-3.195514e+001
2.024817e+002	-3.314406e+001
2.022066e+002	-4.672631e+001
2.021559e+002	-5.263650e+001
2.026056e+002	-4.143210e+001
2.030898e+002	-2.904739e+001
2.034359e+002	-2.138394e+001
2.037131e+002	-1.608112e+001
2.036796e+002	-2.140116e+001
2.036461e+002	-2.672119e+001
2.037679e+002	-2.672980e+001
2.040278e+002	-2.201713e+001
2.042359e+002	-1.907495e+001
2.043232e+002	-2.026388e+001
2.046521e+002	-1.319059e+001
2.046358e+002	-1.792046e+001
2.043780e+002	-3.091255e+001
2.044998e+002	-3.092116e+001
2.046216e+002	-3.092977e+001
2.049333e+002	-2.444664e+001
2.052622e+002	-1.737335e+001
2.051252e+002	-2.623433e+001
2.050572e+002	-3.273468e+001
2.052998e+002	-2.861218e+001
2.056287e+002	-2.153890e+001
2.061301e+002	-8.564008e+000
2.064590e+002	-1.490726e+000
2.065636e+002	-2.089485e+000
2.066854e+002	-2.098093e+000
2.066346e+002	-8.008291e+000
2.064286e+002	-1.922991e+001
2.064641e+002	-2.218932e+001
2.070001e+002	-8.034116e+000
2.071392e+002	-7.452565e+000
2.071920e+002	-9.821813e+000
2.074863e+002	-3.928831e+000
2.077289e+002	1.936610e-001
2.078508e+002	1.850526e-001
2.078690e+002	-3.364506e+000
2.078873e+002	-6.914064e+000
2.081299e+002	-2.791563e+000
2.076823e+002	-2.227540e+001
2.075108e+002	-3.231671e+001
2.074945e+002	-3.704658e+001
2.077026e+002	-3.410439e+001
2.080833e+002	-2.526063e+001
2.084812e+002	-1.582670e+001
2.089482e+002	-4.032141e+000
2.091045e+002	-2.860429e+000
2.086396e+002	-2.293444e+001
2.082092e+002	-4.182811e+001
2.082447e+002	-4.478751e+001
2.087462e+002	-3.181264e+001
2.089888e+002	-2.769013e+001
2.091969e+002	-2.474795e+001
2.092670e+002	-2.652704e+001
2.092852e+002	-3.007659e+001
2.093898e+002	-3.067536e+001
2.093218e+002	-3.717572e+001
2.095644e+002	-3.305322e+001
2.102557e+002	-1.358660e+001
2.109470e+002	5.880023e+000
2.111551e+002	8.822205e+000
2.108972e+002	-4.169884e+000
2.106567e+002	-1.657182e+001
2.100882e+002	-4.018677e+001
2.100893e+002	-4.432649e+001
2.107288e+002	-2.663035e+001
2.111612e+002	-1.601609e+001
2.110414e+002	-2.428693e+001
2.110425e+002	-2.842665e+001
2.111643e+002	-2.843526e+001
2.110445e+002	-3.670609e+001
2.109420e+002	-4.438675e+001
2.112536e+002	-3.790361e+001
2.113409e+002	-3.909254e+001
2.114973e+002	-3.792083e+001
2.116191e+002	-3.792945e+001
2.113440e+002	-5.151169e+001
2.114831e+002	-5.093015e+001
2.118983e+002	-4.090606e+001
2.122789e+002	-3.206229e+001
2.127458e+002	-2.026773e+001
2.131265e+002	-1.142397e+001
2.134036e+002	-6.121147e+000
2.134219e+002	-9.670706e+000
2.136128e+002	-7.318684e+000
2.136138e+002	-1.145840e+001
2.136666e+002	-1.382764e+001
2.138747e+002	-1.088546e+001
2.137894e+002	-1.797597e+001
2.137214e+002	-2.447632e+001
2.138778e+002	-2.330461e+001
2.141376e+002	-1.859195e+001
2.140696e+002	-2.509230e+001
2.142087e+002	-2.451076e+001
2.145203e+002	-1.802763e+001
2.143315e+002	-2.865908e+001
2.141082e+002	-4.047086e+001
2.143336e+002	-3.693852e+001
2.149558e+002	-1.983253e+001
2.155263e+002	-4.497019e+000
2.155619e+002	-7.456427e+000
2.152178e+002	-2.339931e+001
2.149599e+002	-3.639141e+001
2.149092e+002	-4.230160e+001
2.151000e+002	-3.994958e+001
2.155325e+002	-2.933533e+001
2.157923e+002	-2.462268e+001
2.160522e+002	-1.991001e+001
2.160877e+002	-2.286941e+001
2.161060e+002	-2.641897e+001
2.163141e+002	-2.347679e+001
2.166603e+002	-1.581334e+001
2.166095e+002	-2.172354e+001
2.165588e+002	-2.763373e+001
2.167151e+002	-2.646201e+001
2.172683e+002	-1.171667e+001
2.177008e+002	-1.102420e+000
2.178571e+002	6.927292e-002
2.174785e+002	-1.705393e+001
2.175140e+002	-2.001331e+001
2.177911e+002	-1.471050e+001
2.179647e+002	-1.294864e+001
2.182591e+002	-7.055660e+000
2.182601e+002	-1.119538e+001
2.184510e+002	-8.843356e+000
2.182449e+002	-2.006497e+001
2.181597e+002	-2.715548e+001
2.180572e+002	-3.483615e+001
2.179374e+002	-4.310699e+001
2.182490e+002	-3.662385e+001
2.185779e+002	-2.955056e+001
2.189758e+002	-2.011662e+001
2.192702e+002	-1.422365e+001
2.197371e+002	-2.429091e+000
2.200833e+002	5.234351e+000
2.199118e+002	-4.806938e+000
2.193778e+002	-2.724158e+001
2.190510e+002	-4.259430e+001
2.191038e+002	-4.496355e+001
2.193119e+002	-4.202137e+001
2.197616e+002	-3.081696e+001
2.204874e+002	-1.017002e+001
2.204711e+002	-1.489990e+001
2.203859e+002	-2.199041e+001
2.205250e+002	-2.140886e+001
2.208021e+002	-1.610605e+001
2.210792e+002	-1.080323e+001
2.214254e+002	-3.139768e+000
2.216162e+002	-7.877460e-001
2.215137e+002	-8.468414e+000
2.212731e+002	-2.087035e+001
2.214640e+002	-1.851833e+001
2.216548e+002	-1.616631e+001
2.216903e+002	-1.912571e+001
2.216741e+002	-2.385558e+001
2.217097e+002	-2.681498e+001
2.217279e+002	-3.036455e+001
2.219533e+002	-2.683220e+001
2.220061e+002	-2.920145e+001
2.219898e+002	-3.393133e+001
2.218873e+002	-4.161199e+001
2.220609e+002	-3.985012e+001
2.222518e+002	-3.749810e+001
2.222183e+002	-4.281814e+001
2.218224e+002	-6.053150e+001
2.218925e+002	-6.231058e+001
2.223076e+002	-5.228650e+001
2.224640e+002	-5.111479e+001
2.226721e+002	-4.817261e+001
2.232771e+002	-3.165678e+001
2.234852e+002	-2.871460e+001
2.229167e+002	-5.232954e+001
2.226762e+002	-6.473148e+001
2.228325e+002	-6.355977e+001
2.234202e+002	-4.763410e+001
2.239562e+002	-3.347891e+001
2.240263e+002	-3.525799e+001
2.240618e+002	-3.821739e+001
2.243907e+002	-3.114410e+001
2.250302e+002	-1.344795e+001
2.253591e+002	-6.374661e+000
2.253429e+002	-1.110454e+001
2.254992e+002	-9.932828e+000
2.258626e+002	-1.679225e+000
2.258464e+002	-6.409094e+000
2.255368e+002	-2.117167e+001
2.257794e+002	-1.704917e+001
2.261083e+002	-9.975869e+000
2.259195e+002	-2.060734e+001
2.257997e+002	-2.887816e+001
2.256109e+002	-3.950962e+001
2.253013e+002	-5.427220e+001
2.256302e+002	-4.719891e+001
2.257348e+002	-4.779767e+001
2.257703e+002	-5.075708e+001
2.259784e+002	-4.781489e+001
2.262556e+002	-4.251207e+001
2.262566e+002	-4.665179e+001
2.261541e+002	-5.433246e+001
2.266037e+002	-4.312806e+001
2.271570e+002	-2.838271e+001
2.277102e+002	-1.363735e+001
2.280564e+002	-5.973903e+000
2.278158e+002	-1.837583e+001
2.280929e+002	-1.307302e+001
2.283873e+002	-7.180048e+000
2.281985e+002	-1.781151e+001
2.277854e+002	-3.611502e+001
2.277346e+002	-4.202522e+001
2.277529e+002	-4.557478e+001
2.283579e+002	-2.905895e+001
2.286695e+002	-2.257582e+001
2.286533e+002	-2.730570e+001
2.285508e+002	-3.498636e+001
2.284138e+002	-4.384735e+001
2.285701e+002	-4.267565e+001
2.289335e+002	-3.442204e+001
2.286757e+002	-4.741412e+001
2.288493e+002	-4.565226e+001
2.291264e+002	-4.034944e+001
2.291964e+002	-4.212853e+001
2.296634e+002	-3.033397e+001
2.301476e+002	-1.794925e+001
2.298898e+002	-3.094135e+001
2.294939e+002	-4.865471e+001
2.296157e+002	-4.866332e+001
2.301517e+002	-3.450812e+001
2.301872e+002	-3.746753e+001
2.302918e+002	-3.806629e+001
2.307242e+002	-2.745205e+001
2.305527e+002	-3.749335e+001
2.302604e+002	-5.166576e+001
2.304512e+002	-4.931374e+001
2.308664e+002	-3.928966e+001
2.310572e+002	-3.693763e+001
2.312136e+002	-3.576591e+001
2.316978e+002	-2.338120e+001
2.322855e+002	-7.455534e+000
2.326834e+002	1.978389e+000
2.326154e+002	-4.521951e+000
2.326682e+002	-6.891199e+000
2.325829e+002	-1.398171e+001
2.326012e+002	-1.753126e+001
2.323089e+002	-3.170368e+001
2.319476e+002	-4.823673e+001
2.322592e+002	-4.175360e+001
2.329160e+002	-2.346730e+001
2.331758e+002	-1.875463e+001
2.332459e+002	-2.053371e+001
2.331778e+002	-2.703407e+001
