    nm         	pN
0.000000e+000	4.051545e+002
-5.457937e-002	3.916484e+002
-1.424048e-001	3.766391e+002
6.898207e-002	3.751581e+002
3.101562e-002	3.624031e+002
-1.066780e-001	3.451391e+002
-1.446347e-001	3.323845e+002
-1.636208e-002	3.271457e+002
-4.449880e-003	3.166458e+002
-9.161032e-003	3.053944e+002
-6.375022e-002	2.918878e+002
-1.349529e-001	2.776301e+002
-5.654856e-002	2.701366e+002
-7.788244e-002	2.581335e+002
-2.155761e-001	2.408695e+002
-2.867788e-001	2.266118e+002
-3.579914e-001	2.123536e+002
-3.294561e-001	2.026054e+002
-3.674124e-001	1.898508e+002
-4.219921e-001	1.763446e+002
-5.098172e-001	1.613354e+002
-5.311609e-001	1.493319e+002
-4.527572e-001	1.418383e+002
-5.073366e-001	1.283322e+002
-5.619160e-001	1.148261e+002
-6.164953e-001	1.013199e+002
-5.879603e-001	9.157163e+001
-5.095664e-001	8.407763e+001
-5.807692e-001	6.981991e+001
-5.356108e-001	6.082320e+001
-5.901908e-001	4.731705e+001
-5.616553e-001	3.756878e+001
-5.663664e-001	2.631735e+001
-6.043323e-001	1.356234e+001
-6.755350e-001	-6.953750e-001
-5.805079e-001	-7.437366e+000
-4.854814e-001	-1.417936e+001
-4.901925e-001	-2.543079e+001
-5.946401e-001	-4.119165e+001
-6.326071e-001	-5.394667e+001
-6.206949e-001	-6.444652e+001
-6.586516e-001	-7.720110e+001
-6.633615e-001	-8.845252e+001
-6.846954e-001	-1.004555e+002
-7.392748e-001	-1.139617e+002
-7.273730e-001	-1.244620e+002
-7.487069e-001	-1.364650e+002
-7.700408e-001	-1.484680e+002
-7.747507e-001	-1.597194e+002
-8.459528e-001	-1.739771e+002
-8.672879e-001	-1.859801e+002
-8.886304e-001	-1.979836e+002
-8.268494e-001	-2.062287e+002
-7.650696e-001	-2.144738e+002
-3.375847e-001	-2.061844e+002
1.231458e-001	-1.963918e+002
2.680405e-001	-2.008790e+002
4.628046e-001	-2.031116e+002
5.744551e-001	-2.091020e+002
2.871537e-001	-2.331302e+002
2.159516e-001	-2.473879e+002
2.943554e-001	-2.548815e+002
4.891195e-001	-2.571140e+002
5.342680e-001	-2.661112e+002
7.789003e-001	-2.660890e+002
1.223018e+000	-2.570475e+002
1.301412e+000	-2.645415e+002
1.462930e+000	-2.682772e+002
1.524710e+000	-2.765224e+002
1.835835e+000	-2.734939e+002
1.964108e+000	-2.787328e+002
2.341723e+000	-2.726980e+002
2.602978e+000	-2.719243e+002
2.631513e+000	-2.816726e+002
2.909392e+000	-2.801473e+002
3.021041e+000	-2.861377e+002
3.132691e+000	-2.921281e+002
3.427192e+000	-2.898512e+002
4.453112e+000	-2.545047e+002
5.146562e+000	-2.341901e+002
6.272208e+000	-1.943346e+002
7.697075e+000	-1.409503e+002
8.224298e+000	-1.281514e+002
8.834644e+000	-1.115942e+002
8.913048e+000	-1.190878e+002
8.941572e+000	-1.288365e+002
9.086468e+000	-1.333238e+002
9.131625e+000	-1.423205e+002
1.004118e+001	-1.122350e+002
1.043542e+001	-1.054487e+002
1.004838e+001	-1.339867e+002
1.055898e+001	-1.219394e+002
1.105296e+001	-1.106432e+002
1.159681e+001	-9.709272e+001
1.202429e+001	-8.880325e+001
1.230217e+001	-8.727795e+001
1.277952e+001	-7.673377e+001
1.219301e+001	-1.142902e+002
1.265374e+001	-1.044976e+002
1.289837e+001	-1.044755e+002
1.305989e+001	-1.082112e+002
1.350400e+001	-9.917014e+001
1.374863e+001	-9.914798e+001
1.337821e+001	-1.269344e+002
1.398855e+001	-1.103772e+002
1.423318e+001	-1.103551e+002
1.446119e+001	-1.110845e+002
1.478894e+001	-1.073045e+002
1.445176e+001	-1.335878e+002
1.519509e+001	-1.110180e+002
1.543973e+001	-1.109959e+002
1.528540e+001	-1.290119e+002
1.548016e+001	-1.312444e+002
1.577466e+001	-1.289675e+002
1.560372e+001	-1.477347e+002
1.558239e+001	-1.597377e+002
1.582702e+001	-1.597155e+002
1.635425e+001	-1.469166e+002
1.600045e+001	-1.739511e+002
1.621184e+001	-1.754321e+002
1.643985e+001	-1.761615e+002
1.668448e+001	-1.761393e+002
1.656340e+001	-1.926522e+002
1.642571e+001	-2.099162e+002
1.673683e+001	-2.068878e+002
1.689835e+001	-2.106234e+002
1.696013e+001	-2.188686e+002
1.707178e+001	-2.248590e+002
1.715018e+001	-2.323526e+002
1.717872e+001	-2.421009e+002
1.727375e+001	-2.488429e+002
1.715267e+001	-2.653557e+002
1.731418e+001	-2.690914e+002
1.739259e+001	-2.765850e+002
1.745437e+001	-2.848301e+002
1.756602e+001	-2.908206e+002
1.746157e+001	-3.065814e+002
1.760646e+001	-3.110687e+002
1.768487e+001	-3.185623e+002
1.773003e+001	-3.275590e+002
1.757570e+001	-3.455750e+002
1.906706e+001	-2.891844e+002
2.072465e+001	-2.252782e+002
2.042072e+001	-2.500579e+002
2.111418e+001	-2.297433e+002
2.411823e+001	-1.049592e+002
2.594204e+001	-3.353718e+001
2.538877e+001	-6.959094e+001
2.578301e+001	-6.280462e+001
2.631024e+001	-5.000528e+001
2.630552e+001	-6.125716e+001
2.669976e+001	-5.447084e+001
2.679479e+001	-6.121283e+001
2.659060e+001	-8.148313e+001
2.706795e+001	-7.093896e+001
2.734583e+001	-6.941365e+001
2.774007e+001	-6.262733e+001
2.765224e+001	-7.763662e+001
2.852856e+001	-4.905426e+001
2.869007e+001	-5.279040e+001
2.873522e+001	-6.178712e+001
2.844792e+001	-8.581526e+001
2.890865e+001	-7.602267e+001
2.905355e+001	-8.050995e+001
2.914858e+001	-8.725193e+001
2.982540e+001	-6.768888e+001
2.980407e+001	-7.969188e+001
2.979936e+001	-9.094330e+001
2.979465e+001	-1.021947e+002
3.012239e+001	-9.841471e+001
3.041690e+001	-9.613784e+001
3.019609e+001	-1.171597e+002
3.045734e+001	-1.163860e+002
3.073522e+001	-1.148607e+002
3.099648e+001	-1.140869e+002
3.097513e+001	-1.260904e+002
3.087069e+001	-1.418512e+002
3.166388e+001	-1.170267e+002
3.200825e+001	-1.124951e+002
3.165445e+001	-1.395300e+002
3.178273e+001	-1.447689e+002
3.166165e+001	-1.612813e+002
3.213901e+001	-1.507371e+002
3.208443e+001	-1.642433e+002
3.239555e+001	-1.612148e+002
3.244071e+001	-1.702115e+002
3.273521e+001	-1.679347e+002
3.396059e+001	-1.235697e+002
3.536884e+001	-7.093702e+001
3.582957e+001	-6.114442e+001
3.545916e+001	-8.893044e+001
3.601962e+001	-7.462840e+001
3.601491e+001	-8.587983e+001
3.617643e+001	-8.961552e+001
3.613847e+001	-1.023701e+002
3.613376e+001	-1.136215e+002
3.682721e+001	-9.330690e+001
3.700535e+001	-9.629104e+001
3.773205e+001	-7.447327e+001
3.902394e+001	-2.710158e+001
3.950129e+001	-1.655741e+001
3.972930e+001	-1.728683e+001
3.977446e+001	-2.628353e+001
4.003571e+001	-2.550980e+001
3.983153e+001	-4.578010e+001
4.044186e+001	-2.922334e+001
4.091922e+001	-1.867916e+001
4.131346e+001	-1.189285e+001
4.164120e+001	-8.112814e+000
4.166974e+001	-1.786110e+001
4.181463e+001	-2.234838e+001
4.152733e+001	-4.637653e+001
4.162235e+001	-5.311897e+001
4.246542e+001	-2.603976e+001
4.267680e+001	-2.752073e+001
4.350324e+001	-1.193538e+000
4.334892e+001	-1.920911e+001
4.296188e+001	-4.774671e+001
4.367196e+001	-2.668052e+001
4.411606e+001	-1.763949e+001
4.362928e+001	-5.068696e+001
4.410664e+001	-4.014234e+001
4.468373e+001	-2.508872e+001
4.451279e+001	-4.385588e+001
4.417561e+001	-7.013920e+001
4.448674e+001	-6.711075e+001
4.493085e+001	-5.806972e+001
4.590690e+001	-2.497792e+001
4.598530e+001	-3.247148e+001
4.609695e+001	-3.846190e+001
4.647456e+001	-3.242715e+001
4.665270e+001	-3.541129e+001
4.661475e+001	-4.816586e+001
4.715859e+001	-3.461539e+001
4.758608e+001	-2.632593e+001
4.778084e+001	-2.855849e+001
4.769302e+001	-4.356778e+001
4.848621e+001	-1.874372e+001
4.878071e+001	-1.646684e+001
4.831055e+001	-4.876230e+001
4.902063e+001	-2.769611e+001
4.938162e+001	-2.241293e+001
4.941016e+001	-3.216121e+001
4.972128e+001	-2.913276e+001
4.974981e+001	-3.888105e+001
5.011081e+001	-3.359787e+001
5.057154e+001	-2.380527e+001
5.018449e+001	-5.234332e+001
5.071172e+001	-3.954398e+001
5.075688e+001	-4.854068e+001
5.098488e+001	-4.927054e+001
5.124615e+001	-4.849635e+001
5.177337e+001	-3.569747e+001
5.160242e+001	-5.446506e+001
5.189692e+001	-5.218818e+001
5.244078e+001	-3.863726e+001
5.245268e+001	-4.913757e+001
5.214876e+001	-7.391730e+001
5.285883e+001	-5.285111e+001
5.292061e+001	-6.109624e+001
5.266655e+001	-8.362126e+001
5.316053e+001	-7.232551e+001
5.367113e+001	-6.027819e+001
5.316773e+001	-9.407679e+001
5.346223e+001	-9.179991e+001
5.428867e+001	-6.547270e+001
5.425071e+001	-7.822729e+001
5.484442e+001	-6.242210e+001
5.487296e+001	-7.217038e+001
5.500123e+001	-7.740922e+001
5.521262e+001	-7.889020e+001
5.545725e+001	-7.886804e+001
5.518658e+001	-1.021446e+002
5.569717e+001	-9.009731e+001
5.575895e+001	-9.834245e+001
5.582073e+001	-1.065876e+002
5.584927e+001	-1.163359e+002
5.635987e+001	-1.042885e+002
5.672086e+001	-9.900537e+001
5.704861e+001	-9.522535e+001
5.677792e+001	-1.185024e+002
5.715555e+001	-1.124672e+002
5.758303e+001	-1.041777e+002
5.747857e+001	-1.199390e+002
5.773983e+001	-1.191653e+002
5.786810e+001	-1.244042e+002
5.837871e+001	-1.123564e+002
5.814127e+001	-1.341303e+002
5.841915e+001	-1.326050e+002
5.886326e+001	-1.235639e+002
5.900815e+001	-1.280512e+002
5.906993e+001	-1.362963e+002
5.934781e+001	-1.347710e+002
5.954258e+001	-1.370036e+002
5.977058e+001	-1.377330e+002
5.941679e+001	-1.647674e+002
6.011025e+001	-1.444528e+002
6.062084e+001	-1.324055e+002
6.066600e+001	-1.414022e+002
6.072778e+001	-1.496474e+002
6.054022e+001	-1.691661e+002
6.090121e+001	-1.638829e+002
6.197699e+001	-1.262821e+002
6.243773e+001	-1.164891e+002
6.254937e+001	-1.224799e+002
6.329270e+001	-9.991015e+001
6.363707e+001	-9.537855e+001
6.346612e+001	-1.141457e+002
6.414295e+001	-9.458265e+001
6.595015e+001	-2.391222e+001
6.680983e+001	3.918109e+000
6.708771e+001	5.443420e+000
6.686690e+001	-1.557844e+001
6.717802e+001	-1.254999e+001
6.747253e+001	-1.027310e+001
6.813273e+001	8.538358e+000
6.859346e+001	1.833096e+001
6.857213e+001	6.327961e+000
6.833469e+001	-1.544547e+001
6.886192e+001	-2.646573e+000
6.902344e+001	-6.382280e+000
6.958390e+001	7.919757e+000
6.986178e+001	9.445057e+000
7.000668e+001	4.957790e+000
6.973600e+001	-1.831879e+001
7.016349e+001	-1.002933e+001
7.054110e+001	-3.994586e+000
7.073587e+001	-6.227141e+000
7.109686e+001	-9.439758e-001
7.110877e+001	-1.144383e+001
7.140327e+001	-9.166950e+000
7.183075e+001	-8.774907e-001
7.189254e+001	-9.122623e+000
7.255274e+001	9.688839e+000
7.271426e+001	5.953143e+000
7.284253e+001	7.142939e-001
7.293756e+001	-6.027685e+000
7.258377e+001	-3.306214e+001
7.317748e+001	-1.725695e+001
7.403716e+001	1.057338e+001
7.381635e+001	-1.044848e+001
7.436019e+001	3.101976e+000
7.427237e+001	-1.190729e+001
7.455025e+001	-1.038199e+001
7.437931e+001	-2.914914e+001
7.508938e+001	-8.082954e+000
7.518441e+001	-1.482495e+001
7.547891e+001	-1.254806e+001
7.613912e+001	6.263399e+000
7.608454e+001	-7.242729e+000
7.642890e+001	-2.711135e+000
7.690626e+001	7.833037e+000
7.748335e+001	2.288665e+001
7.777786e+001	2.516397e+001
7.740744e+001	-2.622480e+000
7.758558e+001	-5.606617e+000
7.864475e+001	3.124304e+001
7.868989e+001	2.224589e+001
7.871843e+001	1.249760e+001
7.858073e+001	-4.766392e+000
7.890848e+001	-9.863688e-001
7.933596e+001	7.303079e+000
7.963047e+001	9.579961e+000
7.969224e+001	1.334817e+000
7.953793e+001	-1.668075e+001
7.976594e+001	-1.741016e+001
8.017680e+001	-9.872271e+000
8.072065e+001	3.678184e+000
8.061620e+001	-1.208267e+001
8.134290e+001	9.735089e+000
8.135481e+001	-7.647557e-001
8.123374e+001	-1.727719e+001
8.227627e+001	1.882045e+001
8.232142e+001	9.823743e+000
8.203413e+001	-1.420441e+001
8.274420e+001	6.861776e+000
8.283922e+001	1.197853e-001
8.305061e+001	-1.361187e+000
8.316226e+001	-7.351607e+000
8.360637e+001	1.689412e+000
8.453255e+001	3.252650e+001
8.414550e+001	3.988451e+000
8.409092e+001	-9.517677e+000
8.448516e+001	-2.731370e+000
8.474642e+001	-1.957630e+000
8.504092e+001	3.192405e-001
8.565125e+001	1.687599e+001
8.564654e+001	5.624563e+000
8.597429e+001	9.404598e+000
8.601945e+001	4.078834e-001
8.634719e+001	4.187907e+000
8.672481e+001	1.022265e+001
8.660374e+001	-6.289769e+000
8.688162e+001	-4.764469e+000
8.699327e+001	-1.075489e+001
8.713816e+001	-1.524216e+001
8.766538e+001	-2.443260e+000
8.797651e+001	5.851807e-001
8.873645e+001	2.390609e+001
8.873174e+001	1.265466e+001
8.882677e+001	5.912673e+000
8.912127e+001	8.189554e+000
8.926617e+001	3.702276e+000
8.964378e+001	9.737024e+000
8.985517e+001	8.256040e+000
8.993357e+001	7.624666e-001
9.067689e+001	2.333182e+001
9.052258e+001	5.316230e+000
9.086694e+001	9.847824e+000
9.114482e+001	1.137314e+001
9.167204e+001	2.417203e+001
9.191668e+001	2.419419e+001
9.211144e+001	2.196163e+001
9.252231e+001	2.949997e+001
9.226824e+001	6.974511e+000
9.249626e+001	6.245098e+000
9.280738e+001	9.273551e+000
9.323487e+001	1.756301e+001
9.346287e+001	1.683360e+001
9.340830e+001	3.327458e+000
9.345345e+001	-5.669245e+000
9.374796e+001	-3.392363e+000
9.351052e+001	-2.516581e+001
9.410424e+001	-9.360625e+000
9.483093e+001	1.245713e+001
9.441065e+001	-1.758360e+001
9.452230e+001	-2.357402e+001
9.506615e+001	-1.002354e+001
9.536065e+001	-7.746671e+000
9.577151e+001	-2.087830e-001
9.578342e+001	-1.070864e+001
9.596156e+001	-1.369276e+001
9.648878e+001	-8.938687e-001
9.688302e+001	5.892438e+000
9.727726e+001	1.267876e+001
9.755514e+001	1.420406e+001
9.768341e+001	8.965217e+000
9.767870e+001	-2.286198e+000
9.807294e+001	4.500097e+000
9.806823e+001	-6.751319e+000
9.857883e+001	5.295995e+000
9.872372e+001	8.087280e-001
9.935069e+001	1.811706e+001
9.982804e+001	2.866168e+001
9.955736e+001	5.384638e+000
9.995160e+001	1.217096e+001
1.004954e+002	2.572187e+001
1.008731e+002	3.175661e+001
1.005359e+002	5.473292e+000
1.004647e+002	-8.784418e+000
1.014407e+002	2.430692e+001
1.016355e+002	2.207437e+001
1.020297e+002	2.886113e+001
1.017258e+002	4.080951e+000
1.016879e+002	-8.673605e+000
1.023148e+002	8.634714e+000
1.023433e+002	-1.113559e+000
1.023386e+002	-1.236499e+001
1.024835e+002	-1.685225e+001
1.026284e+002	-2.133953e+001
1.036211e+002	1.250338e+001
1.037494e+002	7.264544e+000
1.038111e+002	-9.805889e-001
1.042220e+002	6.557289e+000
1.042007e+002	-5.445698e+000
1.048609e+002	1.336576e+001
1.051720e+002	1.639422e+001
1.051507e+002	4.391219e+000
1.051127e+002	-8.363338e+000
1.061885e+002	2.923789e+001
1.061173e+002	1.497972e+001
1.063453e+002	1.425030e+001
1.067728e+002	2.253978e+001
1.066351e+002	5.275760e+000
1.066636e+002	-4.472503e+000
1.075067e+002	2.260626e+001
1.080339e+002	3.540559e+001
1.078630e+002	1.663800e+001
1.075258e+002	-9.644867e+000
1.074380e+002	-2.465416e+001
1.078156e+002	-1.861941e+001
1.085090e+002	1.695192e+000
1.091692e+002	2.050667e+001
1.096632e+002	3.180287e+001
1.092263e+002	1.010106e+000
1.091883e+002	-1.174445e+001
1.099815e+002	1.307959e+001
1.105420e+002	2.738207e+001
1.101217e+002	-2.659105e+000
1.107154e+002	1.314607e+001
1.109268e+002	1.166509e+001
1.107891e+002	-5.598903e+000
1.112332e+002	3.442116e+000
1.118602e+002	2.075045e+001
1.115729e+002	-3.277706e+000
1.119173e+002	1.253888e+000
1.122284e+002	4.282341e+000
1.124398e+002	2.801357e+000
1.129337e+002	1.409710e+001
1.127961e+002	-3.166893e+000
1.127415e+002	-1.667303e+001
1.130858e+002	-1.214144e+001
1.130479e+002	-2.489601e+001
1.136250e+002	-9.842399e+000
1.141190e+002	1.453344e+000
1.144800e+002	6.736508e+000
1.148077e+002	1.051653e+001
1.156341e+002	3.684418e+001
1.159619e+002	4.062421e+001
1.158907e+002	2.636605e+001
1.161021e+002	2.488507e+001
1.160475e+002	1.137892e+001
1.167077e+002	3.019084e+001
1.170188e+002	3.321929e+001
1.169476e+002	1.896113e+001
1.171424e+002	1.672858e+001
1.180353e+002	4.606251e+001
1.180638e+002	3.631423e+001
1.180924e+002	2.656551e+001
1.180045e+002	1.155621e+001
1.185650e+002	2.585825e+001
1.188761e+002	2.888715e+001
1.192538e+002	3.492190e+001
1.189665e+002	1.089328e+001
1.186958e+002	-1.238329e+001
1.193892e+002	7.931317e+000
1.197668e+002	1.396606e+001
1.198120e+002	4.969350e+000
1.201896e+002	1.100410e+001
1.206171e+002	1.929356e+001
1.204295e+002	-2.251611e-001
1.207739e+002	4.306422e+000
1.207858e+002	-6.193412e+000
1.207479e+002	-1.894799e+001
1.211753e+002	-1.065853e+001
1.221181e+002	2.092967e+001
1.226121e+002	3.222587e+001
1.223581e+002	9.700410e+000
1.226027e+002	9.722568e+000
1.229637e+002	1.500573e+001
1.231917e+002	1.427633e+001
1.231371e+002	7.701807e-001
1.237142e+002	1.582379e+001
1.241085e+002	2.261011e+001
1.244528e+002	2.714171e+001
1.243650e+002	1.213242e+001
1.243270e+002	-6.221487e-001
1.252366e+002	2.946336e+001
1.253316e+002	2.272092e+001
1.252937e+002	9.966351e+000
1.258209e+002	2.276525e+001
1.258660e+002	1.376853e+001
1.260442e+002	1.078441e+001
1.264052e+002	1.606757e+001
1.272316e+002	4.239522e+001
1.274596e+002	4.166581e+001
1.271889e+002	1.838878e+001
1.271676e+002	6.385782e+000
1.276616e+002	1.768152e+001
1.279893e+002	2.146155e+001
1.282506e+002	2.223529e+001
1.281628e+002	7.225996e+000
1.284240e+002	7.999736e+000
1.289014e+002	1.854391e+001
1.297444e+002	4.562313e+001
1.294571e+002	2.159452e+001
1.299179e+002	3.138758e+001
1.298467e+002	1.712941e+001
1.299915e+002	1.264214e+001
1.306019e+002	2.919934e+001
1.311457e+002	4.274980e+001
1.303597e+002	-3.825964e+000
1.312194e+002	2.400437e+001
1.316802e+002	3.379743e+001
1.321741e+002	4.509317e+001
1.318037e+002	1.730671e+001
1.316494e+002	-7.088688e-001
1.320436e+002	6.077438e+000
1.324877e+002	1.511847e+001
1.326493e+002	1.138277e+001
1.332097e+002	2.568481e+001
1.332216e+002	1.518496e+001
1.338154e+002	3.099059e+001
1.340101e+002	2.875804e+001
1.341550e+002	2.427031e+001
1.348152e+002	4.308224e+001
1.351928e+002	4.911698e+001
1.349055e+002	2.508838e+001
1.350837e+002	2.210424e+001
1.353782e+002	2.438112e+001
1.358223e+002	3.342260e+001
1.354685e+002	6.387705e+000
1.353308e+002	-1.087629e+001
1.355588e+002	-1.160570e+001
1.360362e+002	-1.061529e+000
1.368127e+002	2.301095e+001
1.365254e+002	-1.017202e+000
1.374017e+002	2.756470e+001
1.377295e+002	3.134517e+001
1.379409e+002	2.986419e+001
1.378530e+002	1.485446e+001
1.382140e+002	2.013763e+001
1.380763e+002	2.873622e+000
1.383376e+002	3.647351e+000
1.390643e+002	2.546512e+001
1.393588e+002	2.774200e+001
1.391380e+002	6.720131e+000
1.395156e+002	1.275488e+001
1.402423e+002	3.457308e+001
1.404537e+002	3.309210e+001
1.403492e+002	1.733080e+001
1.409263e+002	3.238485e+001
1.409715e+002	2.338770e+001
1.408837e+002	8.378412e+000
1.410119e+002	3.139562e+000
1.411734e+002	-5.961223e-001
1.421162e+002	3.099251e+001
1.426102e+002	4.228827e+001
1.422398e+002	1.450180e+001
1.427836e+002	2.805227e+001
1.434771e+002	4.836733e+001
1.431233e+002	2.133244e+001
1.431851e+002	1.308730e+001
1.431637e+002	1.084305e+000
1.436245e+002	1.087691e+001
1.443512e+002	3.269512e+001
1.445293e+002	2.971098e+001
1.448405e+002	3.273944e+001
1.447028e+002	1.547499e+001
1.446315e+002	1.217275e+000
1.446102e+002	-1.078572e+001
1.452206e+002	5.771027e+000
1.452657e+002	-3.225665e+000
1.457264e+002	6.566925e+000
1.464199e+002	2.688155e+001
1.464318e+002	1.638170e+001
1.464105e+002	4.378698e+000
1.466219e+002	2.897714e+000
1.468997e+002	4.423014e+000
1.480753e+002	4.653369e+001
1.474222e+002	5.970482e+000
1.479328e+002	1.801781e+001
1.476788e+002	-4.507193e+000
1.485385e+002	2.332314e+001
1.491654e+002	4.063192e+001
1.490111e+002	2.261590e+001
1.489565e+002	9.109747e+000
1.491679e+002	7.628763e+000
1.488640e+002	-1.715096e+001
1.496239e+002	6.169937e+000
1.505501e+002	3.700703e+001
1.499137e+002	-2.804596e+000
1.501750e+002	-2.030856e+000
1.502201e+002	-1.102757e+001
1.509136e+002	9.287044e+000
1.508923e+002	-2.715942e+000
1.513197e+002	5.573506e+000
1.512319e+002	-9.435774e+000
1.520583e+002	1.689142e+001
1.521367e+002	9.397845e+000
1.527139e+002	2.445147e+001
1.529419e+002	2.372205e+001
1.528374e+002	7.961189e+000
1.533813e+002	2.151166e+001
1.540415e+002	4.032357e+001
1.542529e+002	3.884260e+001
1.538492e+002	9.552985e+000
1.541437e+002	1.182987e+001
1.549036e+002	3.515122e+001
1.549155e+002	2.465092e+001
1.552267e+002	2.767937e+001
1.559035e+002	4.724286e+001
1.558822e+002	3.523987e+001
1.555450e+002	8.956542e+000
1.554073e+002	-8.307451e+000
1.560509e+002	9.752440e+000
1.560960e+002	7.557254e-001
1.563407e+002	7.778947e-001
1.561032e+002	-2.099555e+001
1.566803e+002	-5.941927e+000
1.571244e+002	3.099092e+000
1.575020e+002	9.133840e+000
1.577633e+002	9.907568e+000
1.582739e+002	2.195489e+001
1.585352e+002	2.272863e+001
1.591954e+002	4.154055e+001
1.588748e+002	1.600880e+001
1.589366e+002	7.763656e+000
1.593308e+002	1.454997e+001
1.597251e+002	2.133629e+001
1.595541e+002	2.569134e+000
1.601977e+002	2.062904e+001
1.599437e+002	-1.895963e+000
1.601883e+002	-1.873805e+000
1.605659e+002	4.160930e+000
1.607773e+002	2.679947e+000
1.612713e+002	1.397570e+001
1.616323e+002	1.925887e+001
1.623257e+002	3.957394e+001
1.622711e+002	2.606734e+001
1.618342e+002	-4.724960e+000
1.623781e+002	8.825495e+000
1.622570e+002	-7.686927e+000
1.622689e+002	-1.818678e+001
1.628294e+002	-3.884735e+000
1.628745e+002	-1.288145e+001
1.630693e+002	-1.511400e+001
1.629649e+002	-3.087487e+001
1.634588e+002	-1.957911e+001
1.642853e+002	6.748080e+000
1.651948e+002	3.683358e+001
1.652067e+002	2.633328e+001
1.651189e+002	1.132400e+001
1.651142e+002	7.257390e-002
1.653090e+002	-2.159981e+000
1.657198e+002	5.377896e+000
1.657484e+002	-4.370366e+000
1.663421e+002	1.143480e+001
1.663540e+002	9.349455e-001
1.662994e+002	-1.257118e+001
1.677575e+002	4.231622e+001
1.669715e+002	-4.259565e+000
1.676151e+002	1.380033e+001
1.680925e+002	2.434451e+001
1.686529e+002	3.864699e+001
1.686981e+002	2.964985e+001
1.687432e+002	2.065313e+001
1.683894e+002	-6.381307e+000
1.686008e+002	-7.862291e+000
1.686127e+002	-1.836215e+001
1.697883e+002	2.374807e+001
1.698168e+002	1.399978e+001
1.698287e+002	3.499937e+000
1.703559e+002	1.629883e+001
1.707335e+002	2.233357e+001
1.705959e+002	5.069563e+000
1.709236e+002	8.849587e+000
1.712181e+002	1.112647e+001
1.710804e+002	-6.137525e+000
1.711256e+002	-1.513424e+001
1.718523e+002	6.683517e+000
1.719805e+002	1.444668e+000
1.731228e+002	4.205220e+001
1.732178e+002	3.531021e+001
1.728474e+002	7.523742e+000
1.731419e+002	9.800613e+000
1.735694e+002	1.809007e+001
1.737475e+002	1.510595e+001
1.738259e+002	7.612386e+000
1.736550e+002	-1.115476e+001
1.738996e+002	-1.113259e+001
1.745266e+002	6.175729e+000
1.749375e+002	1.371361e+001
1.752153e+002	1.523892e+001
1.752273e+002	4.739061e+000
1.754553e+002	4.009648e+000
1.759160e+002	1.380226e+001
1.762770e+002	1.908543e+001
1.760395e+002	-2.688004e+000
1.761013e+002	-1.093314e+001
1.769943e+002	1.840034e+001
1.772721e+002	1.992565e+001
1.775334e+002	2.069938e+001
1.776118e+002	1.320582e+001
1.780060e+002	1.999214e+001
1.783338e+002	2.377216e+001
1.780465e+002	-2.559944e-001
1.779088e+002	-1.752000e+001
1.784360e+002	-4.721103e+000
1.788469e+002	2.816774e+000
1.784931e+002	-2.421766e+001
1.794026e+002	5.867384e+000
1.800795e+002	2.543044e+001
1.803075e+002	2.470103e+001
1.802861e+002	1.269803e+001
1.807136e+002	2.098749e+001
1.810746e+002	2.627065e+001
1.812860e+002	2.478967e+001
1.815140e+002	2.406026e+001
1.814428e+002	9.802547e+000
1.814048e+002	-2.952022e+000
1.818656e+002	6.840579e+000
1.827086e+002	3.391980e+001
1.832857e+002	4.897341e+001
1.834805e+002	4.674085e+001
1.832264e+002	2.421540e+001
1.830721e+002	6.199809e+000
1.836159e+002	1.975028e+001
1.836777e+002	1.150514e+001
1.838392e+002	7.769436e+000
1.845327e+002	2.808406e+001
1.847108e+002	2.509994e+001
1.845565e+002	7.084350e+000
1.845019e+002	-6.421778e+000
1.849294e+002	1.867671e+000
1.857226e+002	2.669172e+001
1.861002e+002	3.272647e+001
1.860955e+002	2.147504e+001
1.862736e+002	1.849090e+001
1.856372e+002	-2.132027e+001
1.865634e+002	9.516360e+000
1.871072e+002	2.306683e+001
1.871690e+002	1.482169e+001
1.873804e+002	1.334071e+001
1.880406e+002	3.215218e+001
1.879361e+002	1.639132e+001
1.881642e+002	1.566191e+001
1.886083e+002	2.470294e+001
1.884041e+002	4.432639e+000
1.889645e+002	1.873469e+001
1.890097e+002	9.737973e+000
1.893873e+002	1.577272e+001
1.891665e+002	-5.249138e+000
1.894443e+002	-3.723839e+000
1.897555e+002	-6.953864e-001
1.903492e+002	1.510979e+001
1.911257e+002	3.918272e+001
1.915532e+002	4.747218e+001
1.915651e+002	3.697232e+001
1.913776e+002	1.745316e+001
1.918549e+002	2.799733e+001
1.916507e+002	7.727032e+000
1.920450e+002	1.451335e+001
1.921234e+002	7.019788e+000
1.923680e+002	7.041946e+000
1.924963e+002	1.803097e+000
1.927741e+002	3.328408e+000
1.936338e+002	3.115875e+001
1.937787e+002	2.667148e+001
1.935745e+002	6.401176e+000
1.937859e+002	4.920192e+000
1.942799e+002	1.621595e+001
1.944414e+002	1.248024e+001
1.948024e+002	1.776342e+001
1.953130e+002	2.981074e+001
1.952251e+002	1.480145e+001
1.958355e+002	3.135821e+001
1.958972e+002	2.311307e+001
1.957263e+002	4.345919e+000
1.963200e+002	2.015110e+001
1.961158e+002	-1.191901e-001
1.962773e+002	-3.854886e+000
1.971536e+002	2.472702e+001
1.976642e+002	3.677479e+001
1.975099e+002	1.875877e+001
1.981036e+002	3.456439e+001
1.985810e+002	4.510858e+001
1.982272e+002	1.807367e+001
1.987212e+002	2.936943e+001
1.987164e+002	1.811800e+001
1.990109e+002	2.039488e+001
1.999039e+002	4.972881e+001
1.994670e+002	1.893605e+001
1.996950e+002	1.820664e+001
1.999063e+002	1.672566e+001
1.997520e+002	-1.289906e+000
1.999800e+002	-2.019319e+000
2.009394e+002	3.032045e+001
2.012007e+002	3.109418e+001
2.016282e+002	3.938409e+001
2.015570e+002	2.512593e+001
2.014858e+002	1.086821e+001
2.019465e+002	2.066081e+001
2.030057e+002	5.751047e+001
2.030175e+002	4.701062e+001
2.024809e+002	1.170843e+001
2.026092e+002	6.469584e+000
2.029702e+002	1.175275e+001
2.037467e+002	3.582568e+001
2.034095e+002	9.542352e+000
2.036708e+002	1.031609e+001
2.039487e+002	1.184139e+001
2.047086e+002	3.516275e+001
2.048203e+002	2.917189e+001
2.055303e+002	5.023853e+001
2.050768e+002	1.869420e+001
2.051552e+002	1.120063e+001
2.057822e+002	2.850896e+001
2.057608e+002	1.650596e+001
2.055733e+002	-3.012750e+000
2.064994e+002	2.782387e+001
2.069602e+002	3.761693e+001
2.075705e+002	5.417369e+001
2.070338e+002	1.887149e+001
2.077107e+002	3.843498e+001
2.080717e+002	4.371815e+001
2.078010e+002	2.044112e+001
2.075802e+002	-5.807400e-001
2.078248e+002	-5.585822e-001
2.085016e+002	1.900445e+001
2.094776e+002	5.209626e+001
2.094896e+002	4.159641e+001
2.091524e+002	1.531308e+001
2.093970e+002	1.533524e+001
2.096749e+002	1.686054e+001
2.100026e+002	2.064057e+001
2.102805e+002	2.216587e+001
2.107246e+002	3.120691e+001
2.105537e+002	1.243976e+001
2.108149e+002	1.321349e+001
2.116247e+002	3.878957e+001
2.112377e+002	1.025152e+001
2.117981e+002	2.455357e+001
2.122755e+002	3.509774e+001
2.120381e+002	1.332430e+001
2.124489e+002	2.086219e+001
2.127102e+002	2.163592e+001
2.131210e+002	2.917381e+001
2.133823e+002	2.994754e+001
2.133776e+002	1.869612e+001
2.138383e+002	2.848872e+001
2.140497e+002	2.700773e+001
2.138289e+002	5.985865e+000
2.145888e+002	2.930678e+001
2.154651e+002	5.788914e+001
2.152942e+002	3.912199e+001
2.155388e+002	3.914415e+001
2.156338e+002	3.240171e+001
2.156457e+002	2.190186e+001
2.157574e+002	1.591144e+001
2.159854e+002	1.518202e+001
2.164628e+002	2.572621e+001
2.163583e+002	9.965343e+000
2.171183e+002	3.328625e+001
2.173463e+002	3.255684e+001
2.174911e+002	2.806957e+001
2.173867e+002	1.230871e+001
2.177809e+002	1.909502e+001
2.183580e+002	3.414864e+001
2.183367e+002	2.214564e+001
2.188805e+002	3.569611e+001
2.188758e+002	2.444468e+001
2.185387e+002	-1.838188e+000
2.188165e+002	-3.128884e-001
2.191609e+002	4.218706e+000
2.191396e+002	-7.784292e+000
2.199826e+002	1.929447e+001
2.205930e+002	3.585123e+001
2.209207e+002	3.963170e+001
2.209991e+002	3.213770e+001
2.213767e+002	3.817288e+001
2.209897e+002	9.634841e+000
2.213340e+002	1.416643e+001
2.218779e+002	2.771690e+001
2.221558e+002	2.924221e+001
2.233313e+002	7.135288e+001
2.232767e+002	5.784674e+001
2.233717e+002	5.110475e+001
2.233836e+002	4.060490e+001
2.231462e+002	1.883100e+001
2.234906e+002	2.336261e+001
2.237684e+002	2.488790e+001
2.246281e+002	5.271870e+001
2.249226e+002	5.499558e+001
2.249844e+002	4.675045e+001
2.249631e+002	3.474700e+001
2.251911e+002	3.401759e+001
2.258679e+002	5.358108e+001
2.260793e+002	5.210010e+001
2.263572e+002	5.362541e+001
2.261696e+002	3.410623e+001
2.261150e+002	2.060009e+001
2.263430e+002	1.987068e+001
2.269201e+002	3.492429e+001
2.271315e+002	3.344330e+001
2.269439e+002	1.392459e+001
2.276207e+002	3.348763e+001
2.272503e+002	5.701601e+000
2.274783e+002	4.972199e+000
2.281053e+002	2.228053e+001
2.278014e+002	-2.499193e+000
2.282455e+002	6.541826e+000
2.291384e+002	3.587531e+001
2.293332e+002	3.364276e+001
2.294116e+002	2.614920e+001
2.293570e+002	1.264306e+001
2.300837e+002	3.446082e+001
2.302951e+002	3.297983e+001
2.304067e+002	2.698942e+001
2.306846e+002	2.851472e+001
2.312949e+002	4.507193e+001
2.316726e+002	5.110666e+001
2.316512e+002	3.910367e+001
2.316964e+002	3.010652e+001
2.321737e+002	4.065114e+001
2.323851e+002	3.917015e+001
2.326464e+002	3.994389e+001
2.325585e+002	2.493415e+001
2.329195e+002	3.021732e+001
2.334467e+002	4.301666e+001
2.337246e+002	4.454197e+001
2.333209e+002	1.525235e+001
2.340144e+002	3.556698e+001
2.342424e+002	3.483757e+001
2.337889e+002	3.293683e+000
2.343660e+002	1.834729e+001
2.344111e+002	9.350588e+000
2.347389e+002	1.313061e+001
2.349835e+002	1.315277e+001
2.359596e+002	4.624457e+001
2.358883e+002	3.198641e+001
2.360997e+002	3.050543e+001
2.366269e+002	4.330476e+001
2.358908e+002	-1.016286e+000
2.356866e+002	-2.128659e+001
2.365463e+002	6.543749e+000
2.375390e+002	4.038712e+001
2.381327e+002	5.619231e+001
2.381612e+002	4.644402e+001
2.378074e+002	1.940913e+001
2.383014e+002	3.070488e+001
2.389284e+002	4.801365e+001
2.388572e+002	3.375549e+001
2.392846e+002	4.204540e+001
2.399282e+002	6.010530e+001
2.393916e+002	2.480311e+001
2.397027e+002	2.783156e+001
2.401302e+002	3.612102e+001
2.406075e+002	4.666564e+001
2.404698e+002	2.940119e+001
2.406313e+002	2.566549e+001
2.407264e+002	1.892350e+001
2.404889e+002	-2.849942e+000
2.409663e+002	7.694230e+000
