    nm         	pN
0.000000e+000	6.035308e+002
5.350782e-002	5.962900e+002
-2.016281e-002	5.842186e+002
3.334647e-002	5.769778e+002
8.687621e-002	5.697378e+002
1.320705e-002	5.576665e+002
-3.928665e-002	5.463994e+002
-7.055520e-002	5.359386e+002
-3.824769e-002	5.278925e+002
-2.711856e-002	5.190420e+002
-5.838711e-002	5.085812e+002
-2.607960e-002	5.005351e+002
-5.734815e-002	4.900743e+002
-4.624094e-002	4.812230e+002
-3.510889e-002	4.723726e+002
-2.400241e-002	4.635212e+002
-3.407212e-002	4.538656e+002
-4.416448e-002	4.442091e+002
3.056629e-002	4.377743e+002
-2.190330e-002	4.265082e+002
-3.199639e-002	4.168517e+002
4.273585e-002	4.104170e+002
-9.757126e-003	3.991500e+002
8.617469e-002	3.935205e+002
9.728189e-002	3.846692e+002
6.601261e-002	3.742084e+002
7.711982e-002	3.653571e+002
8.825114e-002	3.565067e+002
1.205587e-001	3.484606e+002
1.528895e-001	3.404154e+002
1.215969e-001	3.299536e+002
1.327282e-001	3.211033e+002
8.025862e-002	3.098371e+002
1.549667e-001	3.034016e+002
2.084746e-001	2.961607e+002
1.348047e-001	2.840894e+002
1.247350e-001	2.744337e+002
1.782428e-001	2.671929e+002
2.529743e-001	2.607582e+002
2.640815e-001	2.519069e+002
3.176134e-001	2.446670e+002
2.651205e-001	2.334000e+002
3.398520e-001	2.269653e+002
3.933598e-001	2.197245e+002
2.772900e-001	2.060426e+002
3.731984e-001	2.004123e+002
3.207281e-001	1.891461e+002
3.318353e-001	1.802948e+002
2.581654e-001	1.682235e+002
2.904971e-001	1.601783e+002
3.228046e-001	1.521323e+002
3.551355e-001	1.440871e+002
4.510439e-001	1.384567e+002
3.561744e-001	1.255801e+002
3.460813e-001	1.159236e+002
4.420131e-001	1.102942e+002
3.895194e-001	9.902713e+001
3.794512e-001	8.937149e+001
3.269809e-001	7.810534e+001
3.804887e-001	7.086453e+001
4.551968e-001	6.442897e+001
4.027280e-001	5.316284e+001
4.350589e-001	4.511766e+001
4.037655e-001	3.465588e+001
4.148961e-001	2.580548e+001
4.472036e-001	1.775943e+001
4.159350e-001	7.298530e+000
4.694428e-001	5.771855e-002
5.017737e-001	-7.987433e+000
5.128810e-001	-1.683873e+001
5.876139e-001	-2.327341e+001
5.775208e-001	-3.292995e+001
5.674511e-001	-4.258560e+001
4.937805e-001	-5.465698e+001
6.320895e-001	-5.867682e+001
6.431982e-001	-6.752812e+001
6.543288e-001	-7.637853e+001
6.230588e-001	-8.683942e+001
6.129671e-001	-9.649595e+001
7.088741e-001	-1.021263e+002
6.988058e-001	-1.117819e+002
7.311368e-001	-1.198271e+002
6.786430e-001	-1.310941e+002
7.745748e-001	-1.367236e+002
8.280827e-001	-1.439644e+002
8.180144e-001	-1.536200e+002
8.079213e-001	-1.632766e+002
7.342507e-001	-1.753479e+002
7.877600e-001	-1.825887e+002
8.412663e-001	-1.898296e+002
8.312215e-001	-1.994843e+002
7.363272e-001	-2.123618e+002
8.110353e-001	-2.187974e+002
8.221907e-001	-2.276469e+002
8.120962e-001	-2.373035e+002
7.384036e-001	-2.493757e+002
8.555138e-001	-2.542008e+002
8.878666e-001	-2.622451e+002
9.413759e-001	-2.694859e+002
8.676819e-001	-2.815582e+002
9.423901e-001	-2.879937e+002
9.959461e-001	-2.952328e+002
9.858515e-001	-3.048893e+002
1.081761e+000	-3.105196e+002
1.071668e+000	-3.201762e+002
1.061622e+000	-3.298309e+002
1.072731e+000	-3.386822e+002
1.232239e+000	-3.418968e+002
1.264547e+000	-3.499429e+002
1.614858e+000	-3.459103e+002
1.647164e+000	-3.539564e+002
1.743121e+000	-3.595849e+002
1.733029e+000	-3.692414e+002
1.553332e+000	-3.853399e+002
1.522087e+000	-3.957999e+002
1.554396e+000	-4.038460e+002
1.501901e+000	-4.151130e+002
1.555410e+000	-4.223538e+002
1.778519e+000	-4.231527e+002
1.938076e+000	-4.263655e+002
1.864384e+000	-4.384378e+002
2.066292e+000	-4.400419e+002
1.992600e+000	-4.521142e+002
1.876550e+000	-4.657951e+002
2.014861e+000	-4.698150e+002
2.153172e+000	-4.738348e+002
2.143077e+000	-4.834914e+002
2.344986e+000	-4.850955e+002
2.250139e+000	-4.979712e+002
2.324849e+000	-5.044067e+002
2.335955e+000	-5.132580e+002
2.495466e+000	-5.164727e+002
2.421817e+000	-5.285432e+002
2.517727e+000	-5.341735e+002
2.634834e+000	-5.389986e+002
4.447869e+000	-4.794078e+002
1.115792e+001	-2.338150e+002
1.530287e+001	-8.565205e+001
1.639514e+001	-5.343775e+001
1.716941e+001	-3.330211e+001
1.677776e+001	-5.745124e+001
1.719165e+001	-5.100381e+001
1.743596e+001	-5.099744e+001
1.774387e+001	-4.857535e+001
1.777620e+001	-5.662051e+001
1.806291e+001	-5.500366e+001
1.862520e+001	-4.291955e+001
1.891191e+001	-4.130269e+001
1.881704e+001	-5.417932e+001
1.948533e+001	-3.806899e+001
1.972965e+001	-3.806262e+001
1.971955e+001	-4.771916e+001
2.043024e+001	-2.999835e+001
2.037777e+001	-4.126448e+001
2.051608e+001	-4.528432e+001
2.071799e+001	-4.688843e+001
2.111070e+001	-4.124538e+001
2.103704e+001	-5.331675e+001
2.126015e+001	-5.411562e+001
2.175883e+001	-4.444724e+001
2.200314e+001	-4.444087e+001
2.199308e+001	-5.409652e+001
2.244937e+001	-4.603862e+001
2.288448e+001	-3.878506e+001
2.308639e+001	-4.038917e+001
2.303389e+001	-5.165620e+001
2.319343e+001	-5.486991e+001
2.343774e+001	-5.486354e+001
2.332164e+001	-6.854630e+001
2.339637e+001	-7.498098e+001
2.330150e+001	-8.785760e+001
2.346101e+001	-9.107221e+001
2.389610e+001	-8.381953e+001
2.416161e+001	-8.300792e+001
2.419394e+001	-9.105309e+001
2.441705e+001	-9.185196e+001
2.457656e+001	-9.506657e+001
2.429089e+001	-1.151904e+002
2.464120e+001	-1.111578e+002
2.490671e+001	-1.103462e+002
2.517222e+001	-1.095346e+002
2.522573e+001	-1.167754e+002
2.553364e+001	-1.143533e+002
2.548117e+001	-1.256194e+002
2.538630e+001	-1.384960e+002
2.527023e+001	-1.521779e+002
2.538734e+001	-1.570030e+002
2.573765e+001	-1.529704e+002
2.600316e+001	-1.521588e+002
2.597187e+001	-1.626206e+002
2.625858e+001	-1.610037e+002
2.650289e+001	-1.609974e+002
2.638682e+001	-1.746792e+002
2.612237e+001	-1.939969e+002
2.630308e+001	-1.964062e+002
2.646259e+001	-1.996208e+002
2.638889e+001	-2.116931e+002
2.656960e+001	-2.141025e+002
2.668671e+001	-2.189275e+002
2.746103e+001	-1.987901e+002
2.963444e+001	-1.255111e+002
3.095990e+001	-8.444008e+001
3.175539e+001	-6.349830e+001
3.219050e+001	-5.624474e+001
3.218041e+001	-6.590129e+001
3.174636e+001	-9.166089e+001
3.192707e+001	-9.407025e+001
3.259536e+001	-7.795992e+001
3.300927e+001	-7.151162e+001
3.361396e+001	-5.781702e+001
3.358267e+001	-6.827880e+001
3.372100e+001	-7.229776e+001
3.407129e+001	-6.826607e+001
3.437920e+001	-6.584396e+001
3.515349e+001	-4.570743e+001
3.535540e+001	-4.731154e+001
3.517573e+001	-6.340914e+001
3.548364e+001	-6.098703e+001
3.589755e+001	-5.453873e+001
3.633264e+001	-4.728607e+001
3.608937e+001	-6.579938e+001
3.654569e+001	-5.774059e+001
3.621761e+001	-7.947489e+001
3.684350e+001	-6.497505e+001
3.685463e+001	-7.382544e+001
3.762893e+001	-5.368891e+001
3.738565e+001	-7.220222e+001
3.731196e+001	-8.427449e+001
3.761987e+001	-8.185240e+001
3.807618e+001	-7.379360e+001
3.785411e+001	-9.150167e+001
3.809842e+001	-9.149531e+001
3.810953e+001	-1.003466e+002
3.818426e+001	-1.067813e+002
3.828017e+001	-1.124116e+002
3.894846e+001	-9.630129e+001
3.900199e+001	-1.035412e+002
3.899190e+001	-1.131977e+002
3.940581e+001	-1.067494e+002
3.956532e+001	-1.099640e+002
3.940685e+001	-1.252564e+002
3.965116e+001	-1.252500e+002
3.968347e+001	-1.332961e+002
4.018218e+001	-1.236268e+002
4.008731e+001	-1.365034e+002
3.995002e+001	-1.509914e+002
4.044873e+001	-1.413221e+002
4.111702e+001	-1.252118e+002
4.148853e+001	-1.203740e+002
4.226280e+001	-1.002383e+002
4.161675e+001	-1.340504e+002
4.130990e+001	-1.549785e+002
4.227497e+001	-1.275957e+002
4.298566e+001	-1.098749e+002
4.240321e+001	-1.412712e+002
4.262632e+001	-1.420701e+002
4.323101e+001	-1.283754e+002
4.423848e+001	-9.938214e+001
4.497038e+001	-8.085608e+001
4.536309e+001	-7.521302e+001
4.594658e+001	-6.232366e+001
4.610609e+001	-6.553827e+001
4.594762e+001	-8.083061e+001
4.631913e+001	-7.599279e+001
4.626666e+001	-8.725892e+001
4.672295e+001	-7.920101e+001
4.679768e+001	-8.563569e+001
4.757195e+001	-6.550005e+001
4.766788e+001	-7.112949e+001
4.761539e+001	-8.239652e+001
4.779612e+001	-8.480498e+001
4.746805e+001	-1.065393e+002
4.775476e+001	-1.049224e+002
4.869863e+001	-7.834482e+001
4.849776e+001	-9.524766e+001
4.842409e+001	-1.073190e+002
4.896518e+001	-9.604016e+001
4.880671e+001	-1.113325e+002
4.879664e+001	-1.209882e+002
4.961331e+001	-9.924202e+001
5.002722e+001	-9.279372e+001
5.025033e+001	-9.359259e+001
5.043104e+001	-9.600195e+001
5.065415e+001	-9.680082e+001
5.098326e+001	-9.357349e+001
5.139717e+001	-8.712518e+001
5.159908e+001	-8.872929e+001
5.165259e+001	-9.597010e+001
5.213010e+001	-8.710607e+001
5.214121e+001	-9.595737e+001
5.232192e+001	-9.836673e+001
5.224825e+001	-1.104381e+002
5.249256e+001	-1.104317e+002
5.277927e+001	-1.088149e+002
5.247240e+001	-1.297439e+002
5.299231e+001	-1.192694e+002
5.421176e+001	-8.222455e+001
5.526166e+001	-5.161986e+001
5.618433e+001	-2.584751e+001
5.634384e+001	-2.906212e+001
5.603696e+001	-4.999117e+001
5.647208e+001	-4.273761e+001
5.694957e+001	-3.387447e+001
5.662152e+001	-5.560787e+001
5.701420e+001	-4.996569e+001
5.736452e+001	-4.593310e+001
5.767243e+001	-4.351101e+001
5.819232e+001	-3.303738e+001
5.833065e+001	-3.705633e+001
5.872334e+001	-3.141415e+001
5.907365e+001	-2.738158e+001
5.921196e+001	-3.140142e+001
5.913829e+001	-4.347280e+001
5.923420e+001	-4.910313e+001
5.969051e+001	-4.104434e+001
5.968042e+001	-5.070087e+001
5.971275e+001	-5.874603e+001
6.023264e+001	-4.827240e+001
6.064655e+001	-4.182410e+001
6.017010e+001	-6.919419e+001
6.052039e+001	-6.516250e+001
6.116748e+001	-4.985741e+001
6.158139e+001	-4.340910e+001
6.138052e+001	-6.031194e+001
6.143403e+001	-6.755275e+001
6.195394e+001	-5.707823e+001
6.255863e+001	-4.338363e+001
6.248496e+001	-5.545501e+001
6.236889e+001	-6.913687e+001
6.293118e+001	-5.705276e+001
6.313309e+001	-5.865687e+001
6.354701e+001	-5.220856e+001
6.408809e+001	-4.092969e+001
6.409920e+001	-4.978099e+001
6.415274e+001	-5.702091e+001
6.397306e+001	-7.311850e+001
6.438695e+001	-6.667108e+001
6.473726e+001	-6.263851e+001
6.510877e+001	-5.780068e+001
6.537428e+001	-5.698907e+001
6.519461e+001	-7.308665e+001
6.520572e+001	-8.193795e+001
6.515325e+001	-9.320409e+001
6.541876e+001	-9.239248e+001
6.612945e+001	-7.467166e+001
6.660694e+001	-6.580852e+001
6.680885e+001	-6.741263e+001
6.643840e+001	-9.075651e+001
6.719149e+001	-7.142522e+001
6.728740e+001	-7.705554e+001
6.780729e+001	-6.658191e+001
6.839080e+001	-5.369167e+001
6.848671e+001	-5.932200e+001
6.817984e+001	-8.025103e+001
6.812737e+001	-9.151718e+001
6.852009e+001	-8.587411e+001
6.910358e+001	-7.298476e+001
6.894511e+001	-8.827711e+001
6.950739e+001	-7.619298e+001
6.966690e+001	-7.940759e+001
6.978404e+001	-8.423179e+001
6.956196e+001	-1.019399e+002
6.936109e+001	-1.188427e+002
6.973258e+001	-1.140058e+002
6.999809e+001	-1.131941e+002
7.077238e+001	-9.305760e+001
7.133468e+001	-8.097349e+001
7.117620e+001	-9.626584e+001
7.114493e+001	-1.067267e+002
7.179202e+001	-9.142164e+001
7.224831e+001	-8.336374e+001
7.281063e+001	-7.127874e+001
7.369090e+001	-4.711688e+001
7.469839e+001	-1.812267e+001
7.511228e+001	-1.167526e+001
7.489021e+001	-2.938332e+001
7.490134e+001	-3.823374e+001
7.518805e+001	-3.661688e+001
7.551714e+001	-3.339043e+001
7.584625e+001	-3.016309e+001
7.558178e+001	-4.948164e+001
7.580489e+001	-5.028052e+001
7.596442e+001	-5.349423e+001
7.574235e+001	-7.120231e+001
7.621984e+001	-6.233917e+001
7.676095e+001	-5.105941e+001
7.696286e+001	-5.266352e+001
7.746155e+001	-4.299513e+001
7.745148e+001	-5.265078e+001
7.786537e+001	-4.620336e+001
7.747372e+001	-7.035248e+001
7.790881e+001	-6.309982e+001
7.889511e+001	-3.491086e+001
7.890621e+001	-4.376215e+001
7.908692e+001	-4.617151e+001
7.907686e+001	-5.582716e+001
7.974514e+001	-3.971683e+001
7.943827e+001	-6.064588e+001
7.925860e+001	-7.674348e+001
7.969371e+001	-6.948992e+001
8.002280e+001	-6.626347e+001
8.041551e+001	-6.062040e+001
8.093540e+001	-5.014678e+001
8.096773e+001	-5.819194e+001
8.093646e+001	-6.865283e+001
8.090517e+001	-7.911462e+001
8.114948e+001	-7.910824e+001
8.160579e+001	-7.104945e+001
8.191370e+001	-6.862736e+001
8.188241e+001	-7.908914e+001
8.244470e+001	-6.700503e+001
8.292221e+001	-5.814099e+001
8.278494e+001	-7.262810e+001
8.292325e+001	-7.664794e+001
8.304036e+001	-8.147302e+001
8.334827e+001	-7.905093e+001
8.422857e+001	-5.488818e+001
8.451528e+001	-5.327132e+001
8.437801e+001	-6.775842e+001
8.443151e+001	-7.499924e+001
8.450622e+001	-8.143481e+001
8.481413e+001	-7.901272e+001
8.514324e+001	-7.578538e+001
8.515438e+001	-8.463578e+001
8.565306e+001	-7.496740e+001
8.581257e+001	-7.818200e+001
8.607808e+001	-7.737039e+001
8.644960e+001	-7.253256e+001
8.646070e+001	-8.138386e+001
8.651423e+001	-8.862379e+001
8.624976e+001	-1.079423e+002
8.679086e+001	-9.666348e+001
8.726837e+001	-8.779943e+001
8.730067e+001	-9.584549e+001
8.705740e+001	-1.143588e+002
8.778930e+001	-9.583275e+001
8.752482e+001	-1.151513e+002
8.812953e+001	-1.014558e+002
8.850103e+001	-9.661889e+001
8.827895e+001	-1.143270e+002
8.803568e+001	-1.328403e+002
8.859799e+001	-1.207553e+002
8.894830e+001	-1.167227e+002
8.902301e+001	-1.231583e+002
8.935213e+001	-1.199309e+002
8.978721e+001	-1.126783e+002
9.003153e+001	-1.126719e+002
8.991545e+001	-1.263538e+002
9.018096e+001	-1.255421e+002
9.004369e+001	-1.400293e+002
9.045760e+001	-1.335809e+002
9.012953e+001	-1.553152e+002
9.031024e+001	-1.577246e+002
9.057575e+001	-1.569130e+002
9.156202e+001	-1.287249e+002
9.174273e+001	-1.311343e+002
9.175386e+001	-1.399847e+002
9.231616e+001	-1.279006e+002
9.247567e+001	-1.311151e+002
9.350436e+001	-1.013157e+002
9.429983e+001	-8.037481e+001
9.494692e+001	-6.506973e+001
9.538203e+001	-5.781618e+001
9.566875e+001	-5.619933e+001
9.584945e+001	-5.860868e+001
9.611497e+001	-5.779707e+001
9.559611e+001	-8.677765e+001
9.603120e+001	-7.952499e+001
9.644511e+001	-7.307668e+001
9.728301e+001	-5.052442e+001
9.716691e+001	-6.420717e+001
9.730525e+001	-6.822612e+001
9.763433e+001	-6.499967e+001
9.794224e+001	-6.257758e+001
9.793217e+001	-7.223323e+001
9.809168e+001	-7.544782e+001
9.795441e+001	-8.993493e+001
9.821992e+001	-8.912331e+001
9.886701e+001	-7.381824e+001
9.930210e+001	-6.656557e+001
9.929203e+001	-7.622122e+001
9.974835e+001	-6.816243e+001
1.000562e+002	-6.574122e+001
1.000038e+002	-7.700735e+001
9.982409e+001	-9.310495e+001
9.992000e+001	-9.873528e+001
1.002279e+002	-9.631319e+001
1.008538e+002	-8.181334e+001
1.012465e+002	-7.617027e+001
1.013636e+002	-8.099536e+001
1.014596e+002	-8.662479e+001
1.017463e+002	-8.500795e+001
1.020118e+002	-8.419633e+001
1.020229e+002	-9.304763e+001
1.020764e+002	-1.002875e+002
1.026599e+002	-8.739819e+001
1.025014e+002	-1.026905e+002
1.025761e+002	-1.091261e+002
1.031384e+002	-9.704199e+001
1.035311e+002	-9.139893e+001
1.038391e+002	-8.897684e+001
1.038078e+002	-9.943862e+001
1.036493e+002	-1.147310e+002
1.040844e+002	-1.074774e+002
1.046467e+002	-9.539330e+001
1.047426e+002	-1.010227e+002
1.047113e+002	-1.114845e+002
1.052100e+002	-1.018152e+002
1.053060e+002	-1.074456e+002
1.053595e+002	-1.146864e+002
1.058370e+002	-1.058223e+002
1.063781e+002	-9.454347e+001
1.063680e+002	-1.041991e+002
1.064003e+002	-1.122452e+002
1.062842e+002	-1.259270e+002
1.065709e+002	-1.243102e+002
1.067517e+002	-1.267195e+002
1.071020e+002	-1.226870e+002
1.072191e+002	-1.275120e+002
1.074634e+002	-1.275057e+002
1.081529e+002	-1.105901e+002
1.080580e+002	-1.234667e+002
1.077087e+002	-1.460062e+002
1.078682e+002	-1.492209e+002
1.087697e+002	-1.242529e+002
1.088232e+002	-1.314937e+002
1.092160e+002	-1.258506e+002
1.089303e+002	-1.459744e+002
1.086658e+002	-1.652930e+002
1.086769e+002	-1.741434e+002
1.088576e+002	-1.765527e+002
1.091868e+002	-1.733254e+002
1.098763e+002	-1.564098e+002
1.105658e+002	-1.394943e+002
1.101953e+002	-1.628390e+002
1.105668e+002	-1.580012e+002
1.104507e+002	-1.716831e+002
1.110130e+002	-1.595990e+002
1.109605e+002	-1.708651e+002
1.113320e+002	-1.660273e+002
1.113644e+002	-1.740733e+002
1.116511e+002	-1.724565e+002
1.118318e+002	-1.748658e+002
1.125001e+002	-1.587555e+002
1.149279e+002	-7.581362e+001
1.159778e+002	-4.520982e+001
1.163069e+002	-4.198248e+001
1.166996e+002	-3.633941e+001
1.171347e+002	-2.908675e+001
1.177818e+002	-1.378167e+001
1.181745e+002	-8.138598e+000
1.177616e+002	-3.309386e+001
1.177303e+002	-4.355474e+001
1.183138e+002	-3.066540e+001
1.185793e+002	-2.985378e+001
1.190568e+002	-2.098975e+001
1.193224e+002	-2.017813e+001
1.196938e+002	-1.534120e+001
1.194294e+002	-3.465887e+001
1.196101e+002	-3.706823e+001
1.197272e+002	-4.189332e+001
1.202683e+002	-3.061444e+001
1.202158e+002	-4.188058e+001
1.204177e+002	-4.348468e+001
1.211496e+002	-2.495864e+001
1.212879e+002	-2.897848e+001
1.216170e+002	-2.575114e+001
1.222217e+002	-1.205655e+001
1.221269e+002	-2.493316e+001
1.222016e+002	-3.136873e+001
1.223823e+002	-3.377720e+001
1.227326e+002	-2.974551e+001
1.236765e+002	-3.167031e+000
1.232848e+002	-2.731705e+001
1.237411e+002	-1.925825e+001
1.245578e+002	2.487865e+000
1.243569e+002	-1.441495e+001
1.241561e+002	-3.131779e+001
1.242520e+002	-3.694722e+001
1.246023e+002	-3.291552e+001
1.252494e+002	-1.760955e+001
1.257693e+002	-7.135921e+000
1.257804e+002	-1.598722e+001
1.254311e+002	-3.852586e+001
1.253999e+002	-4.898764e+001
1.256866e+002	-4.737078e+001
1.266941e+002	-1.837659e+001
1.271080e+002	-1.192916e+001
1.264407e+002	-4.654643e+001
1.271302e+002	-2.963087e+001
1.279893e+002	-6.273359e+000
1.283396e+002	-2.240784e+000
1.283083e+002	-1.270256e+001
1.279802e+002	-3.443596e+001
1.283093e+002	-3.120950e+001
1.288292e+002	-2.073499e+001
1.287980e+002	-3.119677e+001
1.292755e+002	-2.233273e+001
1.300922e+002	-5.857187e-001
1.300185e+002	-1.265798e+001
1.297964e+002	-3.036605e+001
1.302527e+002	-2.230726e+001
1.307514e+002	-1.263888e+001
1.311653e+002	-6.190569e+000
1.311340e+002	-1.665145e+001
1.310603e+002	-2.872373e+001
1.310503e+002	-3.837938e+001
1.313582e+002	-3.595728e+001
1.316237e+002	-3.514566e+001
1.321648e+002	-2.386680e+001
1.325363e+002	-1.902898e+001
1.326534e+002	-2.385405e+001
1.329189e+002	-2.304245e+001
1.329936e+002	-2.947801e+001
1.329624e+002	-3.993891e+001
1.337154e+002	-2.060761e+001
1.340658e+002	-1.657503e+001
1.344373e+002	-1.173809e+001
1.344908e+002	-1.897802e+001
1.348835e+002	-1.333585e+001
1.351702e+002	-1.171899e+001
1.353085e+002	-1.573883e+001
1.358284e+002	-5.264310e+000
1.357123e+002	-1.894617e+001
1.359778e+002	-1.813457e+001
1.365189e+002	-6.855690e+000
1.369540e+002	3.978418e-001
1.367320e+002	-1.731021e+001
1.374215e+002	-3.946495e-001
1.374538e+002	-8.440697e+000
1.375073e+002	-1.568151e+001
1.378788e+002	-1.084370e+001
1.381231e+002	-1.083732e+001
1.384946e+002	-5.999500e+000
1.384421e+002	-1.726563e+001
1.379233e+002	-4.624710e+001
1.388884e+002	-1.886338e+001
1.392599e+002	-1.402644e+001
1.396102e+002	-9.993868e+000
1.398545e+002	-9.987495e+000
1.401836e+002	-6.760155e+000
1.405551e+002	-1.922331e+000
1.405026e+002	-1.318936e+001
1.410013e+002	-3.520083e+000
1.413092e+002	-1.097991e+000
1.413839e+002	-7.533555e+000
1.413951e+002	-1.638397e+001
1.416818e+002	-1.476801e+001
1.419261e+002	-1.476163e+001
1.420432e+002	-1.958583e+001
1.426267e+002	-6.696469e+000
1.424046e+002	-2.440455e+001
1.424581e+002	-3.164536e+001
1.433596e+002	-6.677365e+000
1.440067e+002	8.627714e+000
1.436786e+002	-1.310657e+001
1.440714e+002	-7.463496e+000
1.442521e+002	-9.872856e+000
1.443692e+002	-1.469795e+001
1.442107e+002	-2.999029e+001
1.449002e+002	-1.307472e+001
1.448053e+002	-2.595133e+001
1.449012e+002	-3.158166e+001
1.449336e+002	-3.962684e+001
1.453051e+002	-3.478901e+001
1.465457e+002	3.061072e+000
1.467900e+002	3.067445e+000
1.471827e+002	8.710505e+000
1.468123e+002	-1.463425e+001
1.466114e+002	-3.153708e+001
1.468769e+002	-3.072547e+001
1.478420e+002	-3.341758e+000
1.481923e+002	6.908178e-001
1.482882e+002	-4.939498e+000
1.485537e+002	-4.127889e+000
1.483105e+002	-2.264120e+001
1.483640e+002	-2.988202e+001
1.482903e+002	-4.195340e+001
1.487678e+002	-3.308937e+001
1.494149e+002	-1.778428e+001
1.495320e+002	-2.260937e+001
1.502851e+002	-3.278060e+000
1.504446e+002	-6.492668e+000
1.502013e+002	-2.500598e+001
1.507636e+002	-1.292187e+001
1.510715e+002	-1.049977e+001
1.511251e+002	-1.773970e+001
1.511786e+002	-2.498051e+001
1.516985e+002	-1.450688e+001
1.515400e+002	-2.979923e+001
1.523355e+002	-8.857447e+000
1.521770e+002	-2.414979e+001
1.525061e+002	-2.092245e+001
1.526232e+002	-2.574753e+001
1.526556e+002	-3.379270e+001
1.534510e+002	-1.285181e+001
1.536106e+002	-1.606553e+001
1.537277e+002	-2.089061e+001
1.540356e+002	-1.846851e+001
1.541527e+002	-2.329359e+001
1.540366e+002	-3.697545e+001
1.544081e+002	-3.213853e+001
1.546524e+002	-3.213215e+001
1.552360e+002	-1.924191e+001
1.560950e+002	4.114703e+000
1.559153e+002	-1.198288e+001
1.561385e+002	-1.278176e+001
1.563828e+002	-1.277538e+001
1.560971e+002	-3.289830e+001
1.566170e+002	-2.242466e+001
1.570097e+002	-1.678160e+001
1.569996e+002	-2.643814e+001
1.570955e+002	-3.206847e+001
1.574458e+002	-2.803588e+001
1.579022e+002	-1.997709e+001
1.581889e+002	-1.836023e+001
1.587936e+002	-4.665638e+000
1.581899e+002	-3.686719e+001
1.584342e+002	-3.686082e+001
1.586785e+002	-3.685444e+001
1.589652e+002	-3.523760e+001
1.596971e+002	-1.671154e+001
1.599202e+002	-1.751042e+001
1.599738e+002	-2.475123e+001
1.602181e+002	-2.474486e+001
1.604624e+002	-2.473848e+001
1.607279e+002	-2.392688e+001
1.608238e+002	-2.955720e+001
1.613013e+002	-2.069317e+001
1.616516e+002	-1.666059e+001
1.615779e+002	-2.873285e+001
1.618646e+002	-2.711601e+001
1.618122e+002	-3.838214e+001
1.623744e+002	-2.629803e+001
1.626188e+002	-2.629165e+001
1.623967e+002	-4.399973e+001
1.630438e+002	-2.869464e+001
1.633941e+002	-2.466207e+001
1.636596e+002	-2.385046e+001
1.643067e+002	-8.545366e+000
1.647842e+002	3.186614e-001
1.649861e+002	-1.285450e+000
1.648488e+002	-1.577255e+001
1.647963e+002	-2.703958e+001
1.651679e+002	-2.220175e+001
1.657725e+002	-8.507157e+000
1.658897e+002	-1.333224e+001
1.659432e+002	-2.057216e+001
1.661239e+002	-2.298152e+001
1.664106e+002	-2.136467e+001
1.667185e+002	-1.894257e+001
1.667084e+002	-2.859911e+001
1.673343e+002	-1.409926e+001
1.673242e+002	-2.375492e+001
1.675686e+002	-2.374855e+001
1.678341e+002	-2.293694e+001
1.682480e+002	-1.648864e+001
1.683439e+002	-2.211896e+001
1.689062e+002	-1.003484e+001
1.690869e+002	-1.244420e+001
1.693312e+002	-1.243783e+001
1.691515e+002	-2.853542e+001
1.693958e+002	-2.852905e+001
1.700217e+002	-1.402921e+001
1.700753e+002	-2.126913e+001
1.706164e+002	-9.990258e+000
1.703307e+002	-3.011406e+001
1.708082e+002	-2.125003e+001
1.715613e+002	-1.918734e+000
1.719540e+002	3.723430e+000
1.717955e+002	-1.156890e+001
1.715734e+002	-2.927697e+001
1.720085e+002	-2.202343e+001
1.721681e+002	-2.523802e+001
1.724972e+002	-2.201068e+001
1.726567e+002	-2.522529e+001
1.733674e+002	-7.504480e+000
1.730181e+002	-3.004400e+001
1.733684e+002	-2.601142e+001
1.731887e+002	-4.210902e+001
1.743658e+002	-6.673755e+000
1.747373e+002	-1.835931e+000
1.746212e+002	-1.551779e+001
1.749079e+002	-1.390183e+001
1.753854e+002	-5.037794e+000
1.756085e+002	-5.836671e+000
1.759800e+002	-9.988465e-001
1.760971e+002	-5.823938e+000
1.766594e+002	6.260173e+000
1.761830e+002	-2.110991e+001
1.762365e+002	-2.835072e+001
1.765868e+002	-2.431815e+001
1.772763e+002	-7.402573e+000
1.775630e+002	-5.785717e+000
1.776165e+002	-1.302653e+001
1.782000e+002	-1.362850e-001
1.782535e+002	-7.377096e+000
1.784342e+002	-9.786456e+000
1.786785e+002	-9.780084e+000
1.783293e+002	-3.231873e+001
1.785100e+002	-3.472809e+001
1.787331e+002	-3.552695e+001
1.791894e+002	-2.746906e+001
1.797517e+002	-1.538405e+001
1.795720e+002	-3.148253e+001
1.796467e+002	-3.791721e+001
1.800182e+002	-3.307939e+001
1.806441e+002	-1.857954e+001
1.809732e+002	-1.535221e+001
1.814507e+002	-6.489058e+000
1.817374e+002	-4.872215e+000
1.819393e+002	-6.476326e+000
1.820564e+002	-1.130141e+001
1.821099e+002	-1.854133e+001
1.827782e+002	-2.431006e+000
1.827257e+002	-1.369803e+001
1.826944e+002	-2.415893e+001
1.828752e+002	-2.656829e+001
1.830347e+002	-2.978288e+001
1.834698e+002	-2.252933e+001
1.838625e+002	-1.688627e+001
1.844672e+002	-3.191673e+000
1.847539e+002	-1.574817e+000
1.850194e+002	-7.632085e-001
1.846065e+002	-2.571846e+001
1.848508e+002	-2.571209e+001
1.854131e+002	-1.362798e+001
1.854242e+002	-2.247839e+001
1.856261e+002	-2.408250e+001
1.857432e+002	-2.890759e+001
1.857332e+002	-3.856324e+001
1.863591e+002	-2.406339e+001
1.866670e+002	-2.164130e+001
1.866781e+002	-3.049260e+001
1.870920e+002	-2.404429e+001
1.875907e+002	-1.437590e+001
1.883650e+002	5.760633e+000
1.883549e+002	-3.895014e+000
1.882600e+002	-1.677163e+001
1.881227e+002	-3.125962e+001
1.885578e+002	-2.400607e+001
1.891201e+002	-1.192196e+001
1.887920e+002	-3.365536e+001
1.891423e+002	-2.962366e+001
1.898318e+002	-1.270809e+001
1.896733e+002	-2.800044e+001
1.899177e+002	-2.799408e+001
1.899712e+002	-3.523399e+001
1.902367e+002	-3.442238e+001
1.911170e+002	-1.026052e+001
1.914885e+002	-5.422695e+000
1.914996e+002	-1.427400e+001
1.915743e+002	-2.070868e+001
1.917338e+002	-2.392328e+001
1.917661e+002	-3.196844e+001
1.914805e+002	-5.209224e+001
1.923607e+002	-2.793039e+001
1.927110e+002	-2.389780e+001
1.925950e+002	-3.757967e+001
1.930724e+002	-2.871652e+001
1.937619e+002	-1.180095e+001
1.938791e+002	-1.662515e+001
1.937418e+002	-3.111314e+001
1.942405e+002	-2.144386e+001
1.951843e+002	5.133710e+000
1.951107e+002	-6.937657e+000
1.954398e+002	-3.710317e+000
1.958749e+002	3.542330e+000
1.960132e+002	-4.766047e-001
1.957275e+002	-2.060040e+001
1.962050e+002	-1.173726e+001
1.965553e+002	-7.704684e+000
1.964392e+002	-2.138655e+001
1.962171e+002	-3.909461e+001
1.967794e+002	-2.701050e+001
1.969813e+002	-2.861461e+001
1.971409e+002	-3.182832e+001
1.971944e+002	-3.906915e+001
1.974811e+002	-3.745229e+001
1.982978e+002	-1.570527e+001
1.984997e+002	-1.730938e+001
1.990620e+002	-5.225266e+000
1.992003e+002	-9.245110e+000
1.987450e+002	-3.580996e+001
1.989681e+002	-3.660884e+001
1.997212e+002	-1.727754e+001
2.002411e+002	-6.803913e+000
2.006126e+002	-1.966090e+000
2.004117e+002	-1.886892e+001
2.003380e+002	-3.094118e+001
2.010063e+002	-1.482997e+001
2.011235e+002	-1.965505e+001
2.013254e+002	-2.125916e+001
2.015697e+002	-2.125280e+001
2.016232e+002	-2.849362e+001
2.022067e+002	-1.560337e+001
2.024934e+002	-1.398740e+001
2.023137e+002	-3.008499e+001
2.028548e+002	-1.880524e+001
2.033959e+002	-7.526359e+000
2.033858e+002	-1.718201e+001
2.032485e+002	-3.166912e+001
2.035776e+002	-2.844266e+001
2.042247e+002	-1.313758e+001
2.041510e+002	-2.520895e+001
2.044378e+002	-2.359211e+001
2.047457e+002	-2.117000e+001
2.052020e+002	-1.311211e+001
2.058914e+002	3.803458e+000
2.056270e+002	-1.551420e+001
2.054685e+002	-3.080744e+001
2.059884e+002	-2.033292e+001
2.055755e+002	-4.528818e+001
2.057986e+002	-4.608704e+001
2.068061e+002	-1.709284e+001
2.071352e+002	-1.386639e+001
2.066164e+002	-4.284697e+001
2.070939e+002	-3.398294e+001
2.080589e+002	-6.600112e+000
2.085153e+002	1.458667e+000
2.086960e+002	-9.506679e-001
2.080711e+002	-3.395747e+001
2.086546e+002	-2.106811e+001
2.089413e+002	-1.945125e+001
2.092280e+002	-1.783439e+001
2.095783e+002	-1.380270e+001
2.098014e+002	-1.460069e+001
2.101941e+002	-8.958519e+000
2.104596e+002	-8.146898e+000
2.106191e+002	-1.136151e+001
2.109694e+002	-7.328918e+000
2.112774e+002	-4.906826e+000
2.114793e+002	-6.510938e+000
2.113844e+002	-1.938756e+001
2.117983e+002	-1.294014e+001
2.114914e+002	-3.386830e+001
2.121385e+002	-1.856321e+001
2.121708e+002	-2.660927e+001
2.123515e+002	-2.901863e+001
2.127654e+002	-2.257032e+001
2.130733e+002	-2.014822e+001
2.135720e+002	-1.047984e+001
2.138375e+002	-9.668219e+000
2.142515e+002	-3.219912e+000
2.146230e+002	1.617900e+000
2.146765e+002	-5.622899e+000
2.148996e+002	-6.421775e+000
2.152287e+002	-3.194435e+000
2.152822e+002	-1.043526e+001
2.154629e+002	-1.284461e+001
2.148169e+002	-4.665664e+001
2.152308e+002	-4.020833e+001
2.158354e+002	-2.651374e+001
2.162494e+002	-2.006543e+001
2.166845e+002	-1.281277e+001
2.166108e+002	-2.488415e+001
2.167279e+002	-2.970923e+001
2.169086e+002	-3.211770e+001
2.173861e+002	-2.325455e+001
2.176304e+002	-2.324819e+001
2.180867e+002	-1.518940e+001
2.178434e+002	-3.370271e+001
2.185541e+002	-1.598190e+001
2.187349e+002	-1.839126e+001
2.182796e+002	-4.495699e+001
2.189266e+002	-2.965192e+001
2.192558e+002	-2.642457e+001
2.194365e+002	-2.883394e+001
2.199564e+002	-1.835941e+001
2.203915e+002	-1.110675e+001
2.205298e+002	-1.512570e+001
2.206893e+002	-1.834031e+001
2.209336e+002	-1.833393e+001
2.209447e+002	-2.718523e+001
2.207862e+002	-4.247758e+001
2.214757e+002	-2.556201e+001
2.218896e+002	-1.911371e+001
2.224307e+002	-7.834830e+000
2.232898e+002	1.552267e+001
2.233645e+002	9.087093e+000
2.233969e+002	1.041930e+000
2.233020e+002	-1.183557e+001
2.231011e+002	-2.873840e+001
2.230062e+002	-4.161501e+001
2.238441e+002	-1.906275e+001
2.240672e+002	-1.986163e+001
2.236755e+002	-4.401164e+001
2.240471e+002	-3.917382e+001
2.249909e+002	-1.259622e+001
2.251505e+002	-1.580993e+001
2.250132e+002	-3.029793e+001
2.253847e+002	-2.546011e+001
2.258834e+002	-1.579083e+001
2.260005e+002	-2.061592e+001
2.261176e+002	-2.544100e+001
2.269979e+002	-1.278255e+000
2.268606e+002	-1.576535e+001
2.267869e+002	-2.783762e+001
2.272220e+002	-2.058407e+001
2.276571e+002	-1.333141e+001
2.279226e+002	-1.251981e+001
2.278489e+002	-2.459117e+001
2.279873e+002	-2.861102e+001
2.284012e+002	-2.216271e+001
2.282851e+002	-3.584457e+001
2.285506e+002	-3.503296e+001
2.287949e+002	-3.502659e+001
2.293996e+002	-2.133200e+001
2.293683e+002	-3.179289e+001
2.295914e+002	-3.259177e+001
2.298570e+002	-3.178015e+001
2.302285e+002	-2.694322e+001
2.301336e+002	-3.981983e+001
2.308019e+002	-2.370951e+001
2.312370e+002	-1.645596e+001
2.318205e+002	-3.566604e+000
2.324675e+002	1.173848e+001
2.324998e+002	3.692416e+000
2.320446e+002	-2.287242e+001
2.323949e+002	-1.883985e+001
2.329572e+002	-6.755723e+000
2.330955e+002	-1.077557e+001
2.336154e+002	-3.010549e-001
2.335205e+002	-1.317855e+001
