    nm         	pN
0.000000e+000	5.893880e+002
-1.006971e-002	5.797324e+002
-4.134265e-002	5.692714e+002
-9.384073e-002	5.580041e+002
-8.270868e-002	5.491538e+002
-7.993252e-003	5.427185e+002
-3.926619e-002	5.322575e+002
-1.129412e-001	5.201859e+002
-1.018340e-001	5.113346e+002
-1.967122e-001	4.984577e+002
-7.959326e-002	4.936330e+002
-1.532697e-001	4.815613e+002
-2.693497e-001	4.678791e+002
-1.734333e-001	4.622491e+002
-1.410995e-001	4.542040e+002
-1.511925e-001	4.445475e+002
-9.765695e-002	4.373077e+002
-2.137618e-001	4.236246e+002
-1.602248e-001	4.163848e+002
-1.279143e-001	4.083389e+002
-1.379840e-001	3.986832e+002
-1.056743e-001	3.906372e+002
-1.157448e-001	3.809816e+002
-1.894205e-001	3.689100e+002
-9.350404e-002	3.632799e+002
-6.117021e-002	3.552349e+002
-1.348701e-001	3.431624e+002
-1.237380e-001	3.343120e+002
-9.142757e-002	3.262660e+002
-1.226998e-001	3.158050e+002
-1.115911e-001	3.069538e+002
-1.004591e-001	2.981034e+002
-6.812523e-002	2.900584e+002
-3.581480e-002	2.820124e+002
-6.708701e-002	2.715514e+002
-1.195844e-001	2.602842e+002
-1.084530e-001	2.514338e+002
-9.734437e-002	2.425826e+002
-1.286166e-001	2.321216e+002
-9.630614e-002	2.240756e+002
-4.277055e-002	2.168359e+002
-7.404203e-002	2.063749e+002
-6.293409e-002	1.975236e+002
-9.420630e-002	1.870626e+002
2.291266e-002	1.822379e+002
-2.956204e-002	1.709716e+002
-6.085690e-002	1.605098e+002
-2.852308e-002	1.524647e+002
6.739265e-002	1.468347e+002
-6.283084e-003	1.347631e+002
4.722912e-002	1.275224e+002
7.956367e-002	1.194774e+002
6.946911e-002	1.098208e+002
1.654097e-001	1.041916e+002
1.553151e-001	9.453507e+001
1.240437e-001	8.407409e+001
9.277219e-002	7.361309e+001
6.147586e-002	6.315121e+001
9.380968e-002	5.510614e+001
8.371659e-002	4.544957e+001
1.372522e-001	3.820982e+001
1.483608e-001	2.935856e+001
2.655017e-001	2.453473e+001
1.493983e-001	1.085162e+001
2.453389e-001	5.222479e+000
2.776493e-001	-2.823458e+000
1.827711e-001	-1.570038e+001
1.939032e-001	-2.455075e+001
2.686172e-001	-3.098609e+001
2.797258e-001	-3.983734e+001
1.000405e-001	-5.593550e+001
2.171814e-001	-6.075933e+001
2.070883e-001	-7.041590e+001
1.970186e-001	-8.007158e+001
3.353379e-001	-8.409098e+001
3.464699e-001	-9.294136e+001
4.211853e-001	-9.937669e+001
4.111142e-001	-1.090324e+002
2.738090e-001	-1.235208e+002
3.273446e-001	-1.307606e+002
4.232618e-001	-1.363906e+002
4.555956e-001	-1.444356e+002
3.818958e-001	-1.565081e+002
3.294444e-001	-1.677736e+002
4.465634e-001	-1.725983e+002
4.788738e-001	-1.806442e+002
4.475790e-001	-1.911061e+002
5.011380e-001	-1.983450e+002
4.910434e-001	-2.080015e+002
5.657588e-001	-2.144369e+002
5.132608e-001	-2.257041e+002
5.456194e-001	-2.337482e+002
5.355248e-001	-2.434048e+002
5.466335e-001	-2.522561e+002
5.789439e-001	-2.603020e+002
6.113012e-001	-2.683462e+002
7.072169e-001	-2.739762e+002
6.971238e-001	-2.836328e+002
6.446257e-001	-2.949000e+002
6.345794e-001	-3.045548e+002
6.668898e-001	-3.126007e+002
6.355935e-001	-3.230626e+002
6.255487e-001	-3.327174e+002
6.578576e-001	-3.407634e+002
7.537734e-001	-3.463934e+002
7.012782e-001	-3.576605e+002
7.971939e-001	-3.632906e+002
7.871461e-001	-3.729454e+002
8.406583e-001	-3.801860e+002
8.305667e-001	-3.898426e+002
8.205189e-001	-3.994974e+002
8.952343e-001	-4.059327e+002
9.275433e-001	-4.139787e+002
9.810556e-001	-4.212193e+002
9.286042e-001	-4.324847e+002
1.045723e+000	-4.373094e+002
1.099235e+000	-4.445501e+002
1.195151e+000	-4.501801e+002
1.121453e+000	-4.622526e+002
1.132608e+000	-4.711021e+002
1.101313e+000	-4.815640e+002
1.154825e+000	-4.888046e+002
1.081171e+000	-5.008753e+002
1.304303e+000	-5.016735e+002
1.230602e+000	-5.137460e+002
1.241711e+000	-5.225972e+002
1.316470e+000	-5.290308e+002
1.136761e+000	-5.451299e+002
1.126667e+000	-5.547864e+002
1.180179e+000	-5.620271e+002
1.106530e+000	-5.740978e+002
1.160042e+000	-5.813384e+002
1.149945e+000	-5.909950e+002
1.245910e+000	-5.966233e+002
1.320626e+000	-6.030585e+002
1.352935e+000	-6.111046e+002
1.406447e+000	-6.183452e+002
1.502365e+000	-6.239752e+002
1.555924e+000	-6.312141e+002
1.524630e+000	-6.416759e+002
1.556938e+000	-6.497219e+002
1.568044e+000	-6.585732e+002
1.557999e+000	-6.682280e+002
1.738725e+000	-6.706367e+002
2.470653e+000	-6.521093e+002
7.379195e+000	-4.749428e+002
1.415337e+001	-2.269145e+002
1.664502e+001	-1.415481e+002
1.822501e+001	-9.080908e+001
1.861773e+001	-8.516565e+001
1.879846e+001	-8.757443e+001
1.908519e+001	-8.595667e+001
1.988075e+001	-6.501236e+001
2.037948e+001	-5.534238e+001
2.039061e+001	-6.419276e+001
2.038054e+001	-7.384843e+001
2.085807e+001	-6.498378e+001
2.116601e+001	-6.256069e+001
2.141034e+001	-6.255354e+001
2.148506e+001	-6.898888e+001
2.158099e+001	-7.461801e+001
2.138011e+001	-9.152148e+001
2.204845e+001	-7.540903e+001
2.212317e+001	-8.184436e+001
2.287632e+001	-6.251066e+001
2.320546e+001	-5.928228e+001
2.347099e+001	-5.846983e+001
2.331251e+001	-7.376268e+001
2.398086e+001	-5.765022e+001
2.407677e+001	-6.328025e+001
2.444832e+001	-5.844124e+001
2.424743e+001	-7.534471e+001
2.500056e+001	-5.601191e+001
2.471489e+001	-7.613573e+001
2.498042e+001	-7.532328e+001
2.484314e+001	-8.981082e+001
2.578709e+001	-6.323023e+001
2.575582e+001	-7.369122e+001
2.591534e+001	-7.690531e+001
2.573565e+001	-9.300347e+001
2.570436e+001	-1.034653e+002
2.560948e+001	-1.163423e+002
2.627783e+001	-1.002298e+002
2.671297e+001	-9.297489e+001
2.670288e+001	-1.026315e+002
2.718044e+001	-9.376590e+001
2.736116e+001	-9.617469e+001
2.775390e+001	-9.053037e+001
2.721378e+001	-1.203188e+002
2.754292e+001	-1.170904e+002
2.791447e+001	-1.122514e+002
2.796798e+001	-1.194921e+002
2.774589e+001	-1.372008e+002
2.779942e+001	-1.444406e+002
2.817097e+001	-1.396016e+002
2.841530e+001	-1.395944e+002
2.836280e+001	-1.508616e+002
2.828910e+001	-1.629341e+002
2.855463e+001	-1.621217e+002
2.882016e+001	-1.613092e+002
2.927652e+001	-1.532490e+002
3.075052e+001	-1.065356e+002
3.133406e+001	-9.364442e+001
3.219320e+001	-7.028506e+001
3.224674e+001	-7.752482e+001
3.215186e+001	-9.040174e+001
3.256578e+001	-8.395300e+001
3.285251e+001	-8.233524e+001
3.290605e+001	-8.957499e+001
3.270516e+001	-1.064785e+002
3.280108e+001	-1.121085e+002
3.372383e+001	-8.633320e+001
3.386217e+001	-9.035172e+001
3.393689e+001	-9.678705e+001
3.426602e+001	-9.355867e+001
3.425593e+001	-1.032152e+002
3.490307e+001	-8.790809e+001
3.550784e+001	-7.421069e+001
3.554015e+001	-8.225663e+001
3.553008e+001	-9.191232e+001
3.566840e+001	-9.593172e+001
3.608235e+001	-8.948210e+001
3.594504e+001	-1.039705e+002
3.595617e+001	-1.128209e+002
3.643370e+001	-1.039562e+002
3.655084e+001	-1.087801e+002
3.677397e+001	-1.095782e+002
3.693350e+001	-1.127923e+002
3.736862e+001	-1.055383e+002
3.754937e+001	-1.079462e+002
3.821772e+001	-9.183371e+001
3.831363e+001	-9.746374e+001
3.913039e+001	-7.571411e+001
3.965033e+001	-6.523882e+001
3.968266e+001	-7.328389e+001
3.975738e+001	-7.971922e+001
4.006532e+001	-7.729614e+001
4.045803e+001	-7.165271e+001
4.053278e+001	-7.808716e+001
4.064989e+001	-8.291187e+001
4.085182e+001	-8.451535e+001
4.107495e+001	-8.531351e+001
4.087406e+001	-1.022170e+002
4.192402e+001	-7.160984e+001
4.206236e+001	-7.562836e+001
4.207347e+001	-8.447962e+001
4.208460e+001	-9.332999e+001
4.300735e+001	-6.755471e+001
4.306089e+001	-7.479446e+001
4.336880e+001	-7.237227e+001
4.357075e+001	-7.397486e+001
4.404828e+001	-6.511020e+001
4.465302e+001	-5.141368e+001
4.477016e+001	-5.623749e+001
4.469646e+001	-6.831000e+001
4.502560e+001	-6.508161e+001
4.503674e+001	-7.393198e+001
4.521746e+001	-7.634077e+001
4.565258e+001	-6.908672e+001
4.596052e+001	-6.666365e+001
4.552643e+001	-9.242464e+001
4.610997e+001	-7.953341e+001
4.633310e+001	-8.033158e+001
4.619582e+001	-9.481913e+001
4.669455e+001	-8.514916e+001
4.729929e+001	-7.145264e+001
4.788286e+001	-5.856052e+001
4.749115e+001	-8.271178e+001
4.709947e+001	-1.068622e+002
4.751339e+001	-1.004134e+002
4.790613e+001	-9.476910e+001
4.795965e+001	-1.020097e+002
4.835239e+001	-9.636543e+001
4.840591e+001	-1.036061e+002
4.909545e+001	-8.668830e+001
4.957301e+001	-7.782276e+001
4.983854e+001	-7.701030e+001
5.010407e+001	-7.619785e+001
5.058160e+001	-6.733318e+001
5.076233e+001	-6.974196e+001
5.073105e+001	-8.020296e+001
5.074218e+001	-8.905333e+001
5.168614e+001	-6.247274e+001
5.171844e+001	-7.051869e+001
5.168717e+001	-8.097968e+001
5.220711e+001	-7.050439e+001
5.298147e+001	-5.036540e+001
5.343782e+001	-4.230515e+001
5.306731e+001	-6.565110e+001
5.375686e+001	-4.873334e+001
5.402239e+001	-4.792088e+001
5.416072e+001	-5.194029e+001
5.478666e+001	-3.743846e+001
5.511579e+001	-3.421006e+001
5.499972e+001	-4.789229e+001
5.501085e+001	-5.674267e+001
5.529756e+001	-5.512580e+001
5.537230e+001	-6.156023e+001
5.548942e+001	-6.638494e+001
5.607296e+001	-5.349373e+001
5.640209e+001	-5.026534e+001
5.651921e+001	-5.509006e+001
5.648794e+001	-6.555105e+001
5.668987e+001	-6.715452e+001
5.670100e+001	-7.600490e+001
5.717853e+001	-6.714023e+001
5.761368e+001	-5.988530e+001
5.722197e+001	-8.403656e+001
5.746630e+001	-8.402941e+001
5.828306e+001	-6.227979e+001
5.844258e+001	-6.549388e+001
5.819929e+001	-8.400797e+001
5.852843e+001	-8.077959e+001
5.894238e+001	-7.432997e+001
5.903830e+001	-7.995999e+001
5.921902e+001	-8.236877e+001
5.933614e+001	-8.719348e+001
5.981369e+001	-7.832793e+001
6.010043e+001	-7.671017e+001
5.983593e+001	-9.602957e+001
6.035587e+001	-8.555428e+001
6.093943e+001	-7.266218e+001
6.067494e+001	-9.198158e+001
6.072845e+001	-9.922222e+001
6.095157e+001	-1.000204e+002
6.104752e+001	-1.056495e+002
6.165226e+001	-9.195299e+001
6.206618e+001	-8.550426e+001
6.228931e+001	-8.630242e+001
6.242765e+001	-9.032092e+001
6.229035e+001	-1.048094e+002
6.268309e+001	-9.916505e+001
6.273662e+001	-1.064048e+002
6.289615e+001	-1.096189e+002
6.377649e+001	-8.545424e+001
6.497487e+001	-4.920992e+001
6.524040e+001	-4.839747e+001
6.565435e+001	-4.194784e+001
6.566545e+001	-5.079910e+001
6.582498e+001	-5.401320e+001
6.636613e+001	-4.273172e+001
6.646205e+001	-4.836174e+001
6.696079e+001	-3.869176e+001
6.726872e+001	-3.626869e+001
6.738586e+001	-4.109251e+001
6.771498e+001	-3.786502e+001
6.772611e+001	-4.671539e+001
6.784323e+001	-5.154010e+001
6.787556e+001	-5.958516e+001
6.792907e+001	-6.682581e+001
6.827942e+001	-6.279211e+001
6.856615e+001	-6.117435e+001
6.900127e+001	-5.392030e+001
6.960604e+001	-4.022288e+001
6.957475e+001	-5.068477e+001
6.962829e+001	-5.792453e+001
7.002100e+001	-5.228110e+001
7.022293e+001	-5.388457e+001
7.055207e+001	-5.065619e+001
7.117801e+001	-3.615436e+001
7.087114e+001	-5.708348e+001
7.132746e+001	-4.902412e+001
7.119018e+001	-6.351166e+001
7.158292e+001	-5.786735e+001
7.203926e+001	-4.980799e+001
7.177476e+001	-6.912741e+001
7.165868e+001	-8.280963e+001
7.198782e+001	-7.958124e+001
7.235936e+001	-7.474223e+001
7.290050e+001	-6.346164e+001
7.352644e+001	-4.895981e+001
7.326194e+001	-6.827921e+001
7.354868e+001	-6.666144e+001
7.368700e+001	-7.068084e+001
7.374054e+001	-7.792060e+001
7.409088e+001	-7.388690e+001
7.437761e+001	-7.226914e+001
7.477033e+001	-6.662571e+001
7.543868e+001	-5.051326e+001
7.483498e+001	-8.271673e+001
7.510051e+001	-8.190427e+001
7.528124e+001	-8.431306e+001
7.535597e+001	-9.074750e+001
7.568509e+001	-8.752000e+001
7.592942e+001	-8.751285e+001
7.689459e+001	-6.012607e+001
7.713893e+001	-6.011892e+001
7.689563e+001	-7.863301e+001
7.730958e+001	-7.218339e+001
7.696028e+001	-9.472403e+001
7.743780e+001	-8.585936e+001
7.747014e+001	-9.390443e+001
7.720565e+001	-1.132238e+002
7.732277e+001	-1.180485e+002
7.826674e+001	-9.146706e+001
7.880787e+001	-8.018647e+001
7.903100e+001	-8.098463e+001
7.929653e+001	-8.017217e+001
7.903204e+001	-9.949157e+001
7.895837e+001	-1.115632e+002
7.971152e+001	-9.222948e+001
7.978623e+001	-9.866483e+001
7.986097e+001	-1.050993e+002
8.004169e+001	-1.075080e+002
8.020122e+001	-1.107221e+002
8.080596e+001	-9.702561e+001
8.105030e+001	-9.701846e+001
8.110381e+001	-1.042591e+002
8.145415e+001	-1.002254e+002
8.184689e+001	-9.458110e+001
8.234562e+001	-8.491113e+001
8.278077e+001	-7.765619e+001
8.310991e+001	-7.442781e+001
8.360864e+001	-6.475783e+001
8.372576e+001	-6.958255e+001
8.386410e+001	-7.360106e+001
8.393882e+001	-8.003639e+001
8.424675e+001	-7.761332e+001
8.459709e+001	-7.357963e+001
8.556225e+001	-4.619373e+001
8.572177e+001	-4.940782e+001
8.569049e+001	-5.986881e+001
8.578641e+001	-6.549883e+001
8.677276e+001	-3.730762e+001
8.661429e+001	-5.260047e+001
8.654061e+001	-6.467209e+001
8.712415e+001	-5.178087e+001
8.711407e+001	-6.143656e+001
8.699799e+001	-7.511879e+001
8.690312e+001	-8.799569e+001
8.738065e+001	-7.913104e+001
8.773099e+001	-7.509734e+001
8.816611e+001	-6.784330e+001
8.853765e+001	-6.300429e+001
8.888799e+001	-5.897059e+001
8.968353e+001	-3.802717e+001
8.975827e+001	-4.446161e+001
8.966339e+001	-5.733854e+001
8.969570e+001	-6.538449e+001
8.968563e+001	-7.504017e+001
8.973915e+001	-8.228081e+001
9.030148e+001	-7.019491e+001
9.041862e+001	-7.501873e+001
9.070536e+001	-7.340097e+001
9.088608e+001	-7.580975e+001
9.130001e+001	-6.936102e+001
9.141715e+001	-7.418484e+001
9.214910e+001	-5.565646e+001
9.228742e+001	-5.967586e+001
9.219254e+001	-7.255278e+001
9.211885e+001	-8.462528e+001
9.238438e+001	-8.381282e+001
9.311633e+001	-6.528444e+001
9.240662e+001	-1.015145e+002
9.290537e+001	-9.184360e+001
9.336170e+001	-8.378424e+001
9.373324e+001	-7.894524e+001
9.455000e+001	-5.719562e+001
9.434912e+001	-7.409909e+001
9.448744e+001	-7.811849e+001
9.498617e+001	-6.844852e+001
9.491249e+001	-8.052013e+001
9.528404e+001	-7.568113e+001
9.546476e+001	-7.808991e+001
9.602709e+001	-6.600401e+001
9.610184e+001	-7.243844e+001
9.611294e+001	-8.128971e+001
9.629367e+001	-8.369849e+001
9.626240e+001	-9.415949e+001
9.661274e+001	-9.012578e+001
9.670865e+001	-9.575581e+001
9.748301e+001	-7.561680e+001
9.785453e+001	-7.077870e+001
9.805648e+001	-7.238127e+001
9.796158e+001	-8.525908e+001
9.776069e+001	-1.021626e+002
9.789903e+001	-1.061811e+002
9.793135e+001	-1.142270e+002
9.847248e+001	-1.029464e+002
9.867443e+001	-1.045490e+002
9.906715e+001	-9.890559e+001
9.922667e+001	-1.021197e+002
9.947100e+001	-1.021125e+002
9.963055e+001	-1.053257e+002
1.002565e+002	-9.082390e+001
1.010308e+002	-7.068579e+001
1.018052e+002	-5.054679e+001
1.026856e+002	-2.638125e+001
1.028875e+002	-2.798472e+001
1.028986e+002	-3.683598e+001
1.031429e+002	-3.682883e+001
1.036629e+002	-2.635265e+001
1.043736e+002	-8.629581e+000
1.045756e+002	-1.023305e+001
1.043323e+002	-2.874714e+001
1.053610e+002	1.054674e+000
1.051601e+002	-1.584878e+001
1.044080e+002	-5.368943e+001
1.046947e+002	-5.207166e+001
1.052147e+002	-4.159548e+001
1.059891e+002	-2.145648e+001
1.065514e+002	-9.370578e+000
1.062021e+002	-3.191121e+001
1.065100e+002	-2.948814e+001
1.071148e+002	-1.579162e+001
1.069775e+002	-3.027916e+001
1.080275e+002	3.279681e-001
1.078902e+002	-1.415956e+001
1.071593e+002	-5.119488e+001
1.076156e+002	-4.313464e+001
1.079660e+002	-3.910095e+001
1.082103e+002	-3.909380e+001
1.085182e+002	-3.667161e+001
1.091018e+002	-2.377951e+001
1.094521e+002	-1.974671e+001
1.095692e+002	-2.457053e+001
1.099195e+002	-2.053772e+001
1.097398e+002	-3.663589e+001
1.097298e+002	-4.629157e+001
1.102285e+002	-3.662159e+001
1.106000e+002	-3.178259e+001
1.109928e+002	-2.613828e+001
1.114703e+002	-1.727361e+001
1.114815e+002	-2.612397e+001
1.113654e+002	-3.980621e+001
1.116309e+002	-3.899375e+001
1.124264e+002	-1.805034e+001
1.126284e+002	-1.965381e+001
1.128939e+002	-1.884134e+001
1.129262e+002	-2.688641e+001
1.133190e+002	-2.124210e+001
1.130757e+002	-3.975618e+001
1.135744e+002	-3.008621e+001
1.139672e+002	-2.444190e+001
1.138723e+002	-3.731970e+001
1.143074e+002	-3.006477e+001
1.148485e+002	-1.878418e+001
1.151141e+002	-1.797172e+001
1.148284e+002	-3.809555e+001
1.150939e+002	-3.728397e+001
1.159955e+002	-1.231312e+001
1.160278e+002	-2.035907e+001
1.157209e+002	-4.128820e+001
1.158168e+002	-4.691822e+001
1.170576e+002	-9.063299e+000
1.168991e+002	-2.435615e+001
1.169102e+002	-3.320741e+001
1.178118e+002	-8.236551e+000
1.178865e+002	-1.467188e+001
1.178129e+002	-2.674349e+001
1.181420e+002	-2.351511e+001
1.186195e+002	-1.465044e+001
1.185034e+002	-2.833268e+001
1.186842e+002	-3.074146e+001
1.191617e+002	-2.187590e+001
1.196392e+002	-1.301124e+001
1.201168e+002	-4.146576e+000
1.196615e+002	-3.071288e+001
1.199270e+002	-2.990042e+001
1.202138e+002	-2.828264e+001
1.199705e+002	-4.679674e+001
1.209992e+002	-1.699490e+001
1.214344e+002	-9.739972e+000
1.220179e+002	3.151229e+000
1.220714e+002	-4.089398e+000
1.220401e+002	-1.455039e+001
1.220089e+002	-2.501139e+001
1.222956e+002	-2.339362e+001
1.223915e+002	-2.902364e+001
1.225298e+002	-3.304304e+001
1.228590e+002	-2.981466e+001
1.227217e+002	-4.430220e+001
1.232204e+002	-3.463222e+001
1.235284e+002	-3.220915e+001
1.238151e+002	-3.059138e+001
1.245683e+002	-1.125770e+001
1.246218e+002	-1.849833e+001
1.241241e+002	-4.667525e+001
1.247288e+002	-3.297873e+001
1.251640e+002	-2.572380e+001
1.255991e+002	-1.846975e+001
1.256526e+002	-2.570951e+001
1.260242e+002	-2.087050e+001
1.270105e+002	7.320692e+000
1.268944e+002	-6.361515e+000
1.266300e+002	-2.568092e+001
1.261323e+002	-5.385784e+001
1.269066e+002	-3.371973e+001
1.274690e+002	-2.163293e+001
1.273953e+002	-3.370544e+001
1.278940e+002	-2.403456e+001
1.277779e+002	-3.771679e+001
1.285099e+002	-1.918931e+001
1.290934e+002	-6.297203e+000
1.292105e+002	-1.112191e+001
1.294973e+002	-9.504150e+000
1.297628e+002	-8.691695e+000
1.301132e+002	-4.658001e+000
1.301243e+002	-1.350926e+001
1.303686e+002	-1.350211e+001
1.298285e+002	-4.328965e+001
1.302848e+002	-3.523029e+001
1.306352e+002	-3.119660e+001
1.307311e+002	-3.682662e+001
1.309330e+002	-3.842921e+001
1.318134e+002	-1.426455e+001
1.319517e+002	-1.828395e+001
1.319416e+002	-2.793963e+001
1.326312e+002	-1.102187e+001
1.325363e+002	-2.389880e+001
1.325898e+002	-3.113943e+001
1.327917e+002	-3.274291e+001
1.335025e+002	-1.501984e+001
1.340224e+002	-4.543669e+000
1.340971e+002	-1.097900e+001
1.345535e+002	-2.919643e+000
1.346706e+002	-7.743470e+000
1.347665e+002	-1.337349e+001
1.346929e+002	-2.544510e+001
1.351916e+002	-1.577513e+001
1.354783e+002	-1.415736e+001
1.361891e+002	3.565695e+000
1.361154e+002	-8.505892e+000
1.361689e+002	-1.574654e+001
1.364345e+002	-1.493409e+001
1.362972e+002	-2.942163e+001
1.368171e+002	-1.894634e+001
1.367222e+002	-3.182327e+001
1.370726e+002	-2.778956e+001
1.374441e+002	-2.295056e+001
1.372432e+002	-3.985403e+001
1.375935e+002	-3.582123e+001
1.376471e+002	-4.306097e+001
1.381458e+002	-3.339100e+001
1.385174e+002	-2.855200e+001
1.385709e+002	-3.579264e+001
1.385608e+002	-4.544832e+001
1.394412e+002	-2.128277e+001
1.397279e+002	-1.966589e+001
1.399510e+002	-2.046317e+001
1.396865e+002	-3.978257e+001
1.400793e+002	-3.413914e+001
1.401116e+002	-4.218421e+001
1.401439e+002	-5.023016e+001
1.414271e+002	-1.076461e+001
1.418410e+002	-4.314993e+000
1.416613e+002	-2.041315e+001
1.418421e+002	-2.282194e+001
1.416412e+002	-3.972540e+001
1.422883e+002	-2.441826e+001
1.431263e+002	-1.864220e+000
1.435402e+002	4.585390e+000
1.428729e+002	-3.003399e+001
1.435836e+002	-1.231092e+001
1.435948e+002	-2.116130e+001
1.438179e+002	-2.195945e+001
1.439986e+002	-2.436824e+001
1.442430e+002	-2.436110e+001
1.444237e+002	-2.676988e+001
1.451556e+002	-8.241487e+000
1.451455e+002	-1.789807e+001
1.447115e+002	-4.365906e+001
1.447862e+002	-5.009439e+001
1.455393e+002	-3.076070e+001
1.458685e+002	-2.753230e+001
1.458160e+002	-3.879860e+001
1.462299e+002	-3.234987e+001
1.466863e+002	-2.428963e+001
1.472486e+002	-1.220372e+001
1.472597e+002	-2.105410e+001
1.478221e+002	-8.968193e+000
1.476424e+002	-2.506635e+001
1.477383e+002	-3.069637e+001
1.477282e+002	-4.035206e+001
1.484390e+002	-2.262899e+001
1.482169e+002	-4.033777e+001
1.483976e+002	-4.274655e+001
1.494476e+002	-1.213941e+001
1.492467e+002	-2.904288e+001
1.495758e+002	-2.581450e+001
1.500322e+002	-1.775514e+001
1.506793e+002	-2.447998e+000
1.502028e+002	-2.981961e+001
1.502564e+002	-3.705936e+001
1.508399e+002	-2.416815e+001
1.506390e+002	-4.107162e+001
1.513710e+002	-2.254324e+001
1.519969e+002	-8.041406e+000
1.519868e+002	-1.769798e+001
1.519767e+002	-2.735366e+001
1.521575e+002	-2.976244e+001
1.518930e+002	-4.908184e+001
1.526037e+002	-3.135877e+001
1.531025e+002	-2.168790e+001
1.531348e+002	-2.973386e+001
1.535487e+002	-2.328422e+001
1.537506e+002	-2.488770e+001
1.540798e+002	-2.165931e+001
1.544513e+002	-1.682120e+001
1.545685e+002	-2.164502e+001
1.551944e+002	-7.143190e+000
1.549299e+002	-2.646259e+001
1.544534e+002	-5.383419e+001
1.548461e+002	-4.819077e+001
1.560021e+002	-1.355708e+001
1.563100e+002	-1.113401e+001
1.559183e+002	-3.528526e+001
1.562687e+002	-3.125157e+001
1.569582e+002	-1.433381e+001
1.569694e+002	-2.318418e+001
1.574257e+002	-1.512483e+001
1.570764e+002	-3.766458e+001
1.576175e+002	-2.638398e+001
1.580527e+002	-1.912994e+001
1.585726e+002	-8.653768e+000
1.580537e+002	-3.763600e+001
1.584465e+002	-3.199257e+001
1.587756e+002	-2.876418e+001
1.583203e+002	-5.533048e+001
1.590946e+002	-3.519237e+001
1.595086e+002	-2.874275e+001
1.600073e+002	-1.907277e+001
1.606121e+002	-5.375352e+000
1.607080e+002	-1.100538e+001
1.603163e+002	-3.515664e+001
1.601790e+002	-4.964418e+001
1.606141e+002	-4.238925e+001
1.612613e+002	-2.708211e+001
1.613148e+002	-3.432275e+001
1.619832e+002	-1.821030e+001
1.616127e+002	-4.155536e+001
1.614966e+002	-5.523757e+001
1.617409e+002	-5.523043e+001
1.621124e+002	-5.039232e+001
1.620388e+002	-6.246394e+001
1.623043e+002	-6.165148e+001
1.633543e+002	-3.104433e+001
1.638318e+002	-2.217878e+001
1.639913e+002	-2.539287e+001
1.641509e+002	-2.860696e+001
1.647768e+002	-1.410513e+001
1.647031e+002	-2.617674e+001
1.645446e+002	-4.146960e+001
1.646618e+002	-4.629431e+001
1.651605e+002	-3.662345e+001
1.652352e+002	-4.305878e+001
1.655644e+002	-3.983039e+001
1.660207e+002	-3.177104e+001
1.657986e+002	-4.947982e+001
1.659793e+002	-5.188860e+001
1.666477e+002	-3.577615e+001
1.666376e+002	-4.543183e+001
1.667759e+002	-4.945123e+001
1.671687e+002	-4.380692e+001
1.676038e+002	-3.655199e+001
1.677209e+002	-4.137670e+001
1.678593e+002	-4.539610e+001
1.682732e+002	-3.894648e+001
1.688779e+002	-2.524996e+001
1.691859e+002	-2.282687e+001
1.693878e+002	-2.443036e+001
1.695473e+002	-2.764445e+001
1.693889e+002	-4.293730e+001
1.702056e+002	-2.118767e+001
1.707255e+002	-1.071238e+001
1.704398e+002	-3.083710e+001
1.708326e+002	-2.519278e+001
1.716070e+002	-5.053780e+000
1.712789e+002	-2.678911e+001
1.713324e+002	-3.402976e+001
1.713011e+002	-4.449074e+001
1.714182e+002	-4.931546e+001
1.726378e+002	-1.226584e+001
1.728397e+002	-1.386931e+001
1.726388e+002	-3.077278e+001
1.733496e+002	-1.304971e+001
1.738483e+002	-3.378850e+000
1.736475e+002	-2.028232e+001
1.732133e+002	-4.604419e+001
1.737121e+002	-3.637333e+001
1.744228e+002	-1.865115e+001
1.745824e+002	-2.186435e+001
1.744875e+002	-3.474216e+001
1.744350e+002	-4.600846e+001
1.751881e+002	-2.667478e+001
1.752840e+002	-3.230479e+001
1.753800e+002	-3.793393e+001
1.758151e+002	-3.067989e+001
1.759110e+002	-3.630902e+001
1.761977e+002	-3.469214e+001
1.763997e+002	-3.629473e+001
1.765168e+002	-4.111944e+001
1.763583e+002	-5.641229e+001
1.771750e+002	-3.466356e+001
1.780130e+002	-1.210863e+001
1.780241e+002	-2.095901e+001
1.783320e+002	-1.853681e+001
1.782160e+002	-3.221905e+001
1.786935e+002	-2.335350e+001
1.789802e+002	-2.173572e+001
1.793941e+002	-1.528699e+001
1.793841e+002	-2.494268e+001
1.792044e+002	-4.104084e+001
1.794487e+002	-4.103369e+001
1.800323e+002	-2.814248e+001
1.803614e+002	-2.491408e+001
1.804149e+002	-3.215473e+001
1.806592e+002	-3.214759e+001
1.813276e+002	-1.603514e+001
1.813175e+002	-2.569081e+001
1.812862e+002	-3.615180e+001
1.817850e+002	-2.648183e+001
1.819021e+002	-3.130654e+001
1.823796e+002	-2.244099e+001
1.823907e+002	-3.129225e+001
1.823382e+002	-4.255855e+001
1.827310e+002	-3.691424e+001
1.829753e+002	-3.690709e+001
1.835164e+002	-2.562650e+001
1.832944e+002	-4.333528e+001
1.833479e+002	-5.057593e+001
1.841858e+002	-2.802099e+001
1.845786e+002	-2.237668e+001
1.847593e+002	-2.478546e+001
1.844524e+002	-4.571548e+001
1.851207e+002	-2.960302e+001
1.855771e+002	-2.154278e+001
1.858850e+002	-1.911971e+001
1.858961e+002	-2.797097e+001
1.859496e+002	-3.521161e+001
1.863848e+002	-2.795668e+001
1.867987e+002	-2.150705e+001
1.870430e+002	-2.149991e+001
1.873721e+002	-1.827241e+001
1.876801e+002	-1.584934e+001
1.874792e+002	-3.275280e+001
1.873207e+002	-4.804565e+001
1.877346e+002	-4.159603e+001
1.879154e+002	-4.400482e+001
1.883505e+002	-3.674988e+001
1.887856e+002	-2.949584e+001
1.887756e+002	-3.915152e+001
1.890411e+002	-3.833907e+001
1.894126e+002	-3.350095e+001
1.898478e+002	-2.624602e+001
1.899225e+002	-3.268135e+001
1.902940e+002	-2.784234e+001
1.907291e+002	-2.058740e+001
1.906342e+002	-3.346522e+001
1.907090e+002	-3.989967e+001
1.915469e+002	-1.734562e+001
1.919396e+002	-1.170130e+001
1.921628e+002	-1.249946e+001
1.919619e+002	-2.940294e+001
1.922062e+002	-2.939580e+001
1.917297e+002	-5.676741e+001
1.926737e+002	-3.018681e+001
1.937236e+002	4.203227e-001
1.933107e+002	-2.453534e+001
1.933430e+002	-3.258131e+001
1.940538e+002	-1.485822e+001
1.940013e+002	-2.612453e+001
1.945424e+002	-1.484393e+001
1.944052e+002	-2.933147e+001
1.946071e+002	-3.093495e+001
1.949998e+002	-2.529063e+001
1.952653e+002	-2.447818e+001
1.953825e+002	-2.930289e+001
1.957752e+002	-2.365858e+001
1.961467e+002	-1.881958e+001
1.965183e+002	-1.398146e+001
1.968262e+002	-1.155838e+001
1.969009e+002	-1.799371e+001
1.971241e+002	-1.879099e+001
1.975168e+002	-1.314756e+001
1.972523e+002	-3.246696e+001
1.974966e+002	-3.245982e+001
1.973593e+002	-4.694736e+001
1.980064e+002	-3.164021e+001
1.985688e+002	-1.955343e+001
1.987495e+002	-2.196221e+001
1.989303e+002	-2.437099e+001
1.988990e+002	-3.483287e+001
1.995249e+002	-2.033015e+001
1.998752e+002	-1.629735e+001
2.005012e+002	-1.795512e+000
2.003851e+002	-1.547774e+001
2.005234e+002	-1.949626e+001
2.007041e+002	-2.190504e+001
2.005881e+002	-3.558728e+001
2.010444e+002	-2.752792e+001
2.013311e+002	-2.591015e+001
2.015331e+002	-2.751363e+001
2.019894e+002	-1.945337e+001
2.021701e+002	-2.186217e+001
2.022660e+002	-2.749219e+001
2.026588e+002	-2.184788e+001
2.031151e+002	-1.378852e+001
2.033806e+002	-1.297607e+001
2.038370e+002	-4.915813e+000
2.040389e+002	-6.519286e+000
2.032868e+002	-4.435993e+001
2.040611e+002	-2.422092e+001
2.042842e+002	-2.501908e+001
2.044014e+002	-2.984381e+001
2.044125e+002	-3.869417e+001
2.047204e+002	-3.627109e+001
2.053888e+002	-2.015864e+001
2.058663e+002	-1.129398e+001
2.059834e+002	-1.611869e+001
2.061006e+002	-2.094252e+001
2.061329e+002	-2.898846e+001
2.064620e+002	-2.576008e+001
2.069395e+002	-1.689542e+001
2.070567e+002	-2.171924e+001
2.072798e+002	-2.251741e+001
2.078634e+002	-9.626192e+000
2.080229e+002	-1.284028e+001
2.077160e+002	-3.377030e+001
2.079179e+002	-3.537289e+001
2.083318e+002	-2.892415e+001
2.091486e+002	-7.174535e+000
2.094141e+002	-6.362080e+000
2.092556e+002	-2.165493e+001
2.094576e+002	-2.325840e+001
2.102319e+002	-3.119405e+000
2.100522e+002	-1.921757e+001
2.103813e+002	-1.599007e+001
2.103289e+002	-2.725637e+001
2.106580e+002	-2.402798e+001
2.107963e+002	-2.804739e+001
2.107863e+002	-3.770307e+001
2.110094e+002	-3.850123e+001
2.111689e+002	-4.171533e+001
2.114768e+002	-3.929225e+001
2.119756e+002	-2.962228e+001
2.124319e+002	-2.156202e+001
2.127611e+002	-1.833364e+001
2.126449e+002	-3.201677e+001
2.131649e+002	-2.154059e+001
2.138332e+002	-5.428135e+000
2.140140e+002	-7.836917e+000
2.135375e+002	-3.520853e+001
2.140362e+002	-2.553855e+001
2.141321e+002	-3.116858e+001
2.144400e+002	-2.874550e+001
2.146420e+002	-3.034898e+001
2.153739e+002	-1.182059e+001
2.151942e+002	-2.791875e+001
2.150782e+002	-4.160098e+001
2.154921e+002	-3.515136e+001
2.157152e+002	-3.594952e+001
2.155991e+002	-4.963265e+001
2.159495e+002	-4.559894e+001
2.162786e+002	-4.237056e+001
2.165865e+002	-3.994749e+001
2.172337e+002	-2.464035e+001
2.174780e+002	-2.463320e+001
2.178071e+002	-2.140482e+001
2.181787e+002	-1.656670e+001
2.183806e+002	-1.816929e+001
2.187521e+002	-1.333117e+001
2.187421e+002	-2.298685e+001
2.186472e+002	-3.586377e+001
2.187007e+002	-4.310441e+001
2.188390e+002	-4.712382e+001
2.193802e+002	-3.584234e+001
2.201333e+002	-1.650953e+001
2.207804e+002	-1.202390e+000
2.207492e+002	-1.166338e+001
2.205271e+002	-2.937216e+001
2.202838e+002	-4.788625e+001
2.208249e+002	-3.660477e+001
2.216417e+002	-1.485604e+001
2.220132e+002	-1.001704e+001
2.222363e+002	-1.081520e+001
2.215478e+002	-4.623990e+001
2.212833e+002	-6.555930e+001
2.223969e+002	-3.253623e+001
2.226200e+002	-3.333440e+001
2.222919e+002	-5.506884e+001
2.228543e+002	-4.298294e+001
2.235014e+002	-2.767578e+001
2.240426e+002	-1.639520e+001
2.244989e+002	-8.334947e+000
2.247856e+002	-6.717182e+000
2.248391e+002	-1.395782e+001
2.245746e+002	-3.327723e+001
2.250522e+002	-2.441167e+001
2.251481e+002	-3.004169e+001
2.252653e+002	-3.486552e+001
2.253400e+002	-4.130085e+001
2.261567e+002	-1.955123e+001
2.261466e+002	-2.920780e+001
2.259033e+002	-4.772189e+001
2.263809e+002	-3.885633e+001
2.269856e+002	-2.515981e+001
2.272512e+002	-2.434736e+001
2.271351e+002	-3.802959e+001
2.275490e+002	-3.158085e+001
2.282385e+002	-1.466309e+001
2.283133e+002	-2.109754e+001
2.287908e+002	-1.223287e+001
2.294167e+002	2.268949e+000
2.299155e+002	1.193981e+001
2.297570e+002	-3.353029e+000
2.300226e+002	-2.540574e+000
2.300973e+002	-8.975904e+000
2.301296e+002	-1.702185e+001
2.298439e+002	-3.714568e+001
2.309151e+002	-5.733229e+000
2.311594e+002	-5.726083e+000
2.312129e+002	-1.296672e+001
2.313936e+002	-1.537550e+001
2.314896e+002	-2.100464e+001
2.315643e+002	-2.743997e+001
2.318510e+002	-2.582221e+001
2.321165e+002	-2.500975e+001
2.322336e+002	-2.983446e+001
2.328808e+002	-1.452732e+001
2.332523e+002	-9.688307e+000
2.329666e+002	-2.981303e+001
2.331262e+002	-3.302712e+001
2.335401e+002	-2.657750e+001
