    nm         	nN
0.000000e+000	2.122353e-001
-7.634368e-002	2.000624e-001
-4.285675e-002	1.920611e-001
-1.191884e-001	1.798886e-001
-1.955324e-001	1.677157e-001
-1.840116e-001	1.588801e-001
-1.724908e-001	1.500445e-001
-2.927550e-001	1.362033e-001
-2.373016e-001	1.290364e-001
-2.916795e-001	1.176978e-001
-2.801583e-001	1.088622e-001
-2.906038e-001	9.919229e-002
-3.669353e-001	8.701982e-002
-3.993467e-001	7.651555e-002
-4.976452e-001	6.350873e-002
-4.641583e-001	5.550746e-002
-4.306710e-001	4.750621e-002
-4.630824e-001	3.700194e-002
-5.394261e-001	2.482901e-002
-5.718258e-001	1.432519e-002
-5.822711e-001	4.655264e-003
-6.366483e-001	-6.683320e-003
-6.690601e-001	-1.718759e-002
-7.234260e-001	-2.852575e-002
-7.558367e-001	-3.902999e-002
-7.443159e-001	-4.786559e-002
-8.206479e-001	-6.003807e-002
-9.409246e-001	-7.387970e-002
-8.635054e-001	-8.021229e-002
-9.398491e-001	-9.238522e-002
-9.063497e-001	-1.003860e-001
-8.948405e-001	-1.092221e-001
-9.492064e-001	-1.205602e-001
-1.025538e+000	-1.327327e-001
-9.920632e-001	-1.407344e-001
-1.090361e+000	-1.537412e-001
-1.100795e+000	-1.634107e-001
-1.133218e+000	-1.739154e-001
-1.077753e+000	-1.810819e-001
-1.110176e+000	-1.915866e-001
-1.208475e+000	-2.045934e-001
-1.196941e+000	-2.134286e-001
-1.207398e+000	-2.230989e-001
-1.217832e+000	-2.327684e-001
-1.250256e+000	-2.432732e-001
-1.238723e+000	-2.521083e-001
-1.315054e+000	-2.642807e-001
-1.369445e+000	-2.756199e-001
-1.335944e+000	-2.836206e-001
-1.346403e+000	-2.932910e-001
-1.400767e+000	-3.046292e-001
-1.433167e+000	-3.151329e-001
-1.421658e+000	-3.239690e-001
-1.476024e+000	-3.353071e-001
-1.464516e+000	-3.441432e-001
-1.540848e+000	-3.563157e-001
-1.507348e+000	-3.643165e-001
-1.649578e+000	-3.789920e-001
-1.616103e+000	-3.869937e-001
-1.626535e+000	-3.966631e-001
-1.615028e+000	-4.054992e-001
-1.713326e+000	-4.185060e-001
-1.767690e+000	-4.298442e-001
-1.756183e+000	-4.386803e-001
-1.744649e+000	-4.475154e-001
-1.777073e+000	-4.580201e-001
-1.787505e+000	-4.676896e-001
-1.819905e+000	-4.781934e-001
-1.852328e+000	-4.886981e-001
-1.906695e+000	-5.000363e-001
-1.785356e+000	-5.047007e-001
-1.861686e+000	-5.168731e-001
-1.872143e+000	-5.265435e-001
-1.904543e+000	-5.370473e-001
-1.827136e+000	-5.433803e-001
-1.881501e+000	-5.547185e-001
-1.957833e+000	-5.668910e-001
-2.034165e+000	-5.790635e-001
-2.022656e+000	-5.878995e-001
-2.055056e+000	-5.984033e-001
-2.153353e+000	-6.114101e-001
-2.163811e+000	-6.210805e-001
-2.174245e+000	-6.307500e-001
-2.250600e+000	-6.429234e-001
-2.217101e+000	-6.509242e-001
-2.359332e+000	-6.655997e-001
-2.391755e+000	-6.761044e-001
-2.402189e+000	-6.857739e-001
-2.412621e+000	-6.954433e-001
-2.401113e+000	-7.042794e-001
-2.433513e+000	-7.147832e-001
-2.531809e+000	-7.277900e-001
-2.542270e+000	-7.374604e-001
-2.552700e+000	-7.471299e-001
-2.563157e+000	-7.568002e-001
-2.661458e+000	-7.698071e-001
-2.584051e+000	-7.761402e-001
-2.660380e+000	-7.883126e-001
-2.692780e+000	-7.988164e-001
-2.681273e+000	-8.076525e-001
-2.669738e+000	-8.164876e-001
-2.768039e+000	-8.294945e-001
-2.844394e+000	-8.416678e-001
-2.854825e+000	-8.513373e-001
-2.777417e+000	-8.576703e-001
-2.875719e+000	-8.706772e-001
-2.974017e+000	-8.836840e-001
-2.962504e+000	-8.925200e-001
-2.929006e+000	-9.005208e-001
-2.983372e+000	-9.118589e-001
-3.037761e+000	-9.231980e-001
-3.048198e+000	-9.328676e-001
-2.992756e+000	-9.400349e-001
-3.047122e+000	-9.513731e-001
-3.079522e+000	-9.618769e-001
-3.133908e+000	-9.732158e-001
-3.188274e+000	-9.845540e-001
-3.176744e+000	-9.933893e-001
-3.187201e+000	-1.003060e+000
-3.307466e+000	-1.016901e+000
-3.317896e+000	-1.026570e+000
-3.306387e+000	-1.035406e+000
-3.294855e+000	-1.044241e+000
-3.415145e+000	-1.058084e+000
-3.447545e+000	-1.068587e+000
-3.414046e+000	-1.076588e+000
-3.468433e+000	-1.087927e+000
-3.347070e+000	-1.092591e+000
-3.445391e+000	-1.105598e+000
-3.345994e+000	-1.111096e+000
-3.290553e+000	-1.118263e+000
-3.432783e+000	-1.132939e+000
-3.421277e+000	-1.141775e+000
-3.365809e+000	-1.148941e+000
-3.266436e+000	-1.154440e+000
-3.210971e+000	-1.161607e+000
-3.199459e+000	-1.170443e+000
-3.165960e+000	-1.178443e+000
-3.066587e+000	-1.183942e+000
-2.791484e+000	-1.182766e+000
-2.208876e+000	-1.169910e+000
4.309553e-002	-1.093648e+000
1.116895e+001	-6.803310e-001
2.310750e+001	-2.361456e-001
2.562304e+001	-1.498718e-001
2.631548e+001	-1.328443e-001
2.650272e+001	-1.350056e-001
2.686569e+001	-1.304923e-001
2.694310e+001	-1.368253e-001
2.737196e+001	-1.298090e-001
2.760314e+001	-1.303017e-001
2.790021e+001	-1.282913e-001
2.764815e+001	-1.471385e-001
2.785735e+001	-1.484655e-001
2.833015e+001	-1.397805e-001
2.818789e+001	-1.544569e-001
2.846300e+001	-1.532809e-001
2.851846e+001	-1.604473e-001
2.850801e+001	-1.701177e-001
2.893688e+001	-1.631014e-001
2.888251e+001	-1.744395e-001
2.931135e+001	-1.674241e-001
2.954252e+001	-1.679167e-001
3.008122e+001	-1.567287e-001
2.985113e+001	-1.747416e-001
3.014820e+001	-1.727312e-001
3.068687e+001	-1.615441e-001
3.115967e+001	-1.528590e-001
3.141281e+001	-1.525174e-001
3.149022e+001	-1.588504e-001
3.196299e+001	-1.501663e-001
3.175487e+001	-1.673448e-001
3.192016e+001	-1.703396e-001
3.221723e+001	-1.683292e-001
3.275591e+001	-1.571421e-001
3.325065e+001	-1.476236e-001
3.321825e+001	-1.581275e-001
3.301012e+001	-1.753060e-001
3.293379e+001	-1.874784e-001
3.353836e+001	-1.737883e-001
3.374757e+001	-1.751153e-001
3.411053e+001	-1.706020e-001
3.431974e+001	-1.719290e-001
3.457288e+001	-1.715873e-001
3.473815e+001	-1.745830e-001
3.518899e+001	-1.667323e-001
3.502479e+001	-1.822421e-001
3.514613e+001	-1.869065e-001
3.559694e+001	-1.790567e-001
3.576223e+001	-1.820515e-001
3.632288e+001	-1.700300e-001
3.609278e+001	-1.880429e-001
3.562108e+001	-2.152325e-001
3.589619e+001	-2.140565e-001
3.617129e+001	-2.128805e-001
3.609493e+001	-2.250539e-001
3.626023e+001	-2.280487e-001
3.642550e+001	-2.310444e-001
3.705204e+001	-2.165199e-001
3.851325e+001	-1.702924e-001
3.999643e+001	-1.232306e-001
3.998599e+001	-1.329001e-001
3.999752e+001	-1.417352e-001
4.073389e+001	-1.230391e-001
4.125060e+001	-1.126863e-001
4.139391e+001	-1.165163e-001
4.144938e+001	-1.236827e-001
4.179035e+001	-1.200047e-001
4.228512e+001	-1.104853e-001
4.236253e+001	-1.168183e-001
4.336249e+001	-8.811009e-002
4.436244e+001	-5.940279e-002
4.483521e+001	-5.071866e-002
4.480281e+001	-6.122249e-002
4.424325e+001	-9.174946e-002
4.443049e+001	-9.391081e-002
4.507899e+001	-7.855201e-002
4.531017e+001	-7.904467e-002
4.488240e+001	-1.045656e-001
4.535517e+001	-9.588153e-002
4.611351e+001	-7.635102e-002
4.671808e+001	-6.266088e-002
4.666372e+001	-7.399902e-002
4.674112e+001	-8.033207e-002
4.719196e+001	-7.248135e-002
4.775260e+001	-6.045989e-002
4.772020e+001	-7.096371e-002
4.768780e+001	-8.146750e-002
4.805075e+001	-7.695507e-002
4.804031e+001	-8.662455e-002
4.835935e+001	-8.377989e-002
4.887606e+001	-7.342708e-002
4.864596e+001	-9.143993e-002
4.931643e+001	-7.524677e-002
4.965744e+001	-7.156777e-002
4.938341e+001	-9.124927e-002
4.880188e+001	-1.226106e-001
5.010935e+001	-8.222258e-002
5.066999e+001	-7.020112e-002
5.079133e+001	-7.486548e-002
5.113233e+001	-7.118646e-002
5.039703e+001	-1.083882e-001
5.104557e+001	-9.302842e-002
5.127674e+001	-9.352109e-002
5.120038e+001	-1.056945e-001
5.165122e+001	-9.784380e-002
5.170666e+001	-1.050112e-001
5.213552e+001	-9.799482e-002
5.263027e+001	-8.847635e-002
5.253197e+001	-1.014832e-001
5.322441e+001	-8.445569e-002
5.310414e+001	-9.829683e-002
5.326942e+001	-1.012925e-001
5.358845e+001	-9.844785e-002
5.342426e+001	-1.139577e-001
5.378723e+001	-1.094443e-001
5.439180e+001	-9.575418e-002
5.453510e+001	-9.958421e-002
5.459057e+001	-1.067507e-001
5.484371e+001	-1.064090e-001
5.529452e+001	-9.855922e-002
5.530605e+001	-1.073944e-001
5.522969e+001	-1.195678e-001
5.568053e+001	-1.117171e-001
5.637296e+001	-9.468958e-002
5.614287e+001	-1.127024e-001
5.654977e+001	-1.065204e-001
5.631968e+001	-1.245332e-001
5.641905e+001	-1.300319e-001
5.689185e+001	-1.213469e-001
5.743053e+001	-1.101598e-001
5.761776e+001	-1.123211e-001
5.776107e+001	-1.161512e-001
5.788243e+001	-1.208146e-001
5.811361e+001	-1.213073e-001
5.797138e+001	-1.359828e-001
5.778521e+001	-1.523269e-001
5.830192e+001	-1.419741e-001
5.862096e+001	-1.391295e-001
5.839086e+001	-1.571423e-001
5.897347e+001	-1.442865e-001
5.992950e+001	-1.172470e-001
5.906241e+001	-1.594547e-001
5.920572e+001	-1.632847e-001
5.956868e+001	-1.587714e-001
6.001952e+001	-1.509207e-001
5.996513e+001	-1.622597e-001
6.063563e+001	-1.460657e-001
6.086680e+001	-1.465583e-001
6.090027e+001	-1.545600e-001
6.071411e+001	-1.709042e-001
6.061581e+001	-1.839110e-001
6.115449e+001	-1.727239e-001
6.180299e+001	-1.573651e-001
6.231973e+001	-1.470114e-001
6.193586e+001	-1.708646e-001
6.192543e+001	-1.805340e-001
6.228838e+001	-1.760216e-001
6.219008e+001	-1.890284e-001
6.259698e+001	-1.828464e-001
6.260849e+001	-1.916825e-001
6.275182e+001	-1.955116e-001
6.324656e+001	-1.859931e-001
6.345577e+001	-1.873201e-001
6.388463e+001	-1.803038e-001
6.356667e+001	-2.016540e-001
6.401751e+001	-1.938033e-001
6.405098e+001	-2.018050e-001
6.388679e+001	-2.173148e-001
6.444743e+001	-2.052933e-001
6.476646e+001	-2.024487e-001
6.458030e+001	-2.187928e-001
6.463576e+001	-2.259593e-001
6.493283e+001	-2.239490e-001
6.525185e+001	-2.211052e-001
6.532928e+001	-2.274373e-001
6.560438e+001	-2.262613e-001
6.576965e+001	-2.292570e-001
6.558349e+001	-2.456012e-001
6.588056e+001	-2.435908e-001
6.582620e+001	-2.549290e-001
6.603540e+001	-2.562560e-001
6.615674e+001	-2.609204e-001
6.608041e+001	-2.730929e-001
6.617979e+001	-2.785916e-001
6.645489e+001	-2.774156e-001
6.690572e+001	-2.695648e-001
6.691723e+001	-2.784009e-001
6.637963e+001	-3.080936e-001
6.650097e+001	-3.127579e-001
6.695181e+001	-3.049072e-001
6.713905e+001	-3.070686e-001
6.723842e+001	-3.125673e-001
6.751353e+001	-3.113913e-001
6.767880e+001	-3.143870e-001
6.758049e+001	-3.273938e-001
6.735040e+001	-3.454066e-001
6.766944e+001	-3.425620e-001
6.772488e+001	-3.497294e-001
6.793411e+001	-3.510554e-001
6.827509e+001	-3.473773e-001
6.815483e+001	-3.612185e-001
6.794669e+001	-3.783970e-001
6.806803e+001	-3.830614e-001
6.838707e+001	-3.802167e-001
6.857431e+001	-3.823780e-001
6.843208e+001	-3.970536e-001
6.901471e+001	-3.841968e-001
6.878462e+001	-4.022097e-001
6.864239e+001	-4.168852e-001
6.904926e+001	-4.107041e-001
6.899489e+001	-4.220422e-001
6.931393e+001	-4.191975e-001
6.912777e+001	-4.355417e-001
6.920518e+001	-4.418748e-001
6.923867e+001	-4.498755e-001
6.964555e+001	-4.436944e-001
6.992066e+001	-4.425184e-001
6.982236e+001	-4.555253e-001
6.961423e+001	-4.727038e-001
7.013094e+001	-4.623510e-001
6.987890e+001	-4.811972e-001
6.975861e+001	-4.950393e-001
7.005568e+001	-4.930290e-001
7.004525e+001	-5.026984e-001
6.999088e+001	-5.140366e-001
7.026596e+001	-5.128615e-001
7.027749e+001	-5.216966e-001
7.033294e+001	-5.288640e-001
7.063001e+001	-5.268537e-001
7.068547e+001	-5.340202e-001
7.056521e+001	-5.478613e-001
7.066458e+001	-5.533600e-001
7.072003e+001	-5.605273e-001
7.092923e+001	-5.618543e-001
7.080897e+001	-5.756955e-001
7.104013e+001	-5.761882e-001
7.113953e+001	-5.816860e-001
7.128284e+001	-5.855160e-001
7.103078e+001	-6.043632e-001
7.099838e+001	-6.148670e-001
7.237173e+001	-5.719769e-001
7.684216e+001	-4.114507e-001
8.135651e+001	-2.492567e-001
8.229058e+001	-2.230515e-001
8.274142e+001	-2.152008e-001
8.319223e+001	-2.073510e-001
8.348929e+001	-2.053407e-001
8.336903e+001	-2.191819e-001
8.373200e+001	-2.146685e-001
8.416085e+001	-2.076531e-001
8.404058e+001	-2.214942e-001
8.457926e+001	-2.103071e-001
8.487632e+001	-2.082968e-001
8.548090e+001	-1.946066e-001
8.590976e+001	-1.875902e-001
8.585540e+001	-1.989284e-001
8.573513e+001	-2.127696e-001
8.618594e+001	-2.049198e-001
8.659284e+001	-1.987378e-001
8.658239e+001	-2.084082e-001
8.622052e+001	-2.314261e-001
8.649562e+001	-2.302501e-001
8.659499e+001	-2.357488e-001
8.673830e+001	-2.395788e-001
8.727700e+001	-2.283908e-001
8.731048e+001	-2.363925e-001
8.762952e+001	-2.335478e-001
8.744335e+001	-2.498920e-001
8.776239e+001	-2.470473e-001
8.792766e+001	-2.500430e-001
8.811489e+001	-2.522044e-001
8.812643e+001	-2.610395e-001
8.840153e+001	-2.598635e-001
8.790784e+001	-2.878884e-001
8.798528e+001	-2.942205e-001
8.843608e+001	-2.863708e-001
8.816205e+001	-3.060523e-001
8.830538e+001	-3.098814e-001
8.880013e+001	-3.003629e-001
8.846020e+001	-3.225474e-001
8.910873e+001	-3.071877e-001
8.927400e+001	-3.101834e-001
8.948321e+001	-3.115104e-001
8.951669e+001	-3.195121e-001
8.948429e+001	-3.300159e-001
8.980332e+001	-3.271713e-001
8.999056e+001	-3.293326e-001
8.991423e+001	-3.415051e-001
9.018933e+001	-3.403291e-001
8.989334e+001	-3.608449e-001
9.030024e+001	-3.546629e-001
9.055338e+001	-3.543212e-001
9.023542e+001	-3.756714e-001
9.066427e+001	-3.686560e-001
9.111510e+001	-3.608053e-001
9.086303e+001	-3.796525e-001
9.109421e+001	-3.801452e-001
9.090805e+001	-3.964893e-001
9.094154e+001	-4.044901e-001
9.121665e+001	-4.033141e-001
9.092065e+001	-4.238300e-001
9.117379e+001	-4.234883e-001
9.151479e+001	-4.198093e-001
9.185577e+001	-4.161312e-001
9.173551e+001	-4.299724e-001
9.154935e+001	-4.463165e-001
9.191231e+001	-4.418032e-001
9.177008e+001	-4.564787e-001
9.186945e+001	-4.619774e-001
9.188098e+001	-4.708126e-001
9.191447e+001	-4.788143e-001
9.223350e+001	-4.759696e-001
9.195947e+001	-4.956511e-001
9.216868e+001	-4.969781e-001
9.242181e+001	-4.966365e-001
9.263102e+001	-4.979634e-001
9.279631e+001	-5.009582e-001
9.287373e+001	-5.072913e-001
9.255577e+001	-5.286414e-001
9.276497e+001	-5.299685e-001
9.290830e+001	-5.337976e-001
9.296374e+001	-5.409649e-001
9.282151e+001	-5.556405e-001
9.305268e+001	-5.561331e-001
9.297635e+001	-5.683056e-001
9.307572e+001	-5.738043e-001
9.328492e+001	-5.751313e-001
9.323056e+001	-5.864695e-001
9.348370e+001	-5.861278e-001
9.367094e+001	-5.882892e-001
9.326511e+001	-6.129767e-001
9.343041e+001	-6.159715e-001
9.500145e+001	-5.655723e-001
1.036013e+002	-2.481998e-001
1.081596e+002	-8.433631e-002
1.088081e+002	-6.897746e-002
1.092589e+002	-6.112768e-002
1.101051e+002	-3.825983e-002
1.101606e+002	-4.542721e-002
1.103039e+002	-4.925631e-002
1.099859e+002	-7.060653e-002
1.106564e+002	-5.441336e-002
1.106899e+002	-6.241415e-002
1.113823e+002	-4.538666e-002
1.120748e+002	-2.835916e-002
1.127453e+002	-1.216602e-002
1.128227e+002	-1.849905e-002
1.128342e+002	-2.733417e-002
1.130214e+002	-2.949554e-002
1.131428e+002	-3.415988e-002
1.129566e+002	-5.050407e-002
1.130340e+002	-5.683712e-002
1.138363e+002	-3.563792e-002
1.135842e+002	-5.448511e-002
1.141229e+002	-4.329707e-002
1.139587e+002	-5.880688e-002
1.136847e+002	-7.848842e-002
1.139378e+002	-7.814675e-002
1.152673e+002	-3.692530e-002
1.152568e+002	-4.659477e-002
1.157077e+002	-3.874408e-002
1.157192e+002	-4.758012e-002
1.163018e+002	-3.472433e-002
1.157422e+002	-6.525131e-002
1.161711e+002	-5.823497e-002
1.167537e+002	-4.537914e-002
1.167213e+002	-5.588295e-002
1.167987e+002	-6.221598e-002
1.175790e+002	-4.185113e-002
1.181177e+002	-3.066402e-002
1.181072e+002	-4.033348e-002
1.182066e+002	-4.583220e-002
1.181962e+002	-5.550166e-002
1.186031e+002	-4.932055e-002
1.190319e+002	-4.230419e-002
1.190435e+002	-5.113933e-002
1.199336e+002	-2.660371e-002
1.195278e+002	-5.129033e-002
1.199127e+002	-4.594358e-002
1.198803e+002	-5.644738e-002
1.202872e+002	-5.026534e-002
1.203206e+002	-5.826706e-002
1.207275e+002	-5.208503e-002
1.210905e+002	-4.757169e-002
1.217390e+002	-3.221287e-002
1.221020e+002	-2.770044e-002
1.221135e+002	-3.653557e-002
1.218395e+002	-5.621710e-002
1.221365e+002	-5.420676e-002
1.228290e+002	-3.717927e-002
1.225110e+002	-5.852946e-002
1.235549e+002	-2.815257e-002
1.235005e+002	-3.949162e-002
1.237976e+002	-3.748131e-002
1.241825e+002	-3.213360e-002
1.243259e+002	-3.596363e-002
1.243374e+002	-4.479875e-002
1.249200e+002	-3.194297e-002
1.249315e+002	-4.077900e-002
1.254922e+002	-2.875662e-002
1.260528e+002	-1.673515e-002
1.259765e+002	-2.890764e-002
1.255926e+002	-5.276085e-002
1.258238e+002	-5.325354e-002
1.266919e+002	-2.955133e-002
1.264619e+002	-4.756417e-002
1.268248e+002	-4.305083e-002
1.269022e+002	-4.938387e-002
1.274629e+002	-3.736238e-002
1.278698e+002	-3.118037e-002
1.279472e+002	-3.751340e-002
1.284200e+002	-2.882837e-002
1.285633e+002	-3.265839e-002
1.289263e+002	-2.814504e-002
1.292233e+002	-2.613472e-002
1.291250e+002	-3.914153e-002
1.292464e+002	-4.380590e-002
1.295215e+002	-4.262990e-002
1.297307e+002	-4.395692e-002
1.299179e+002	-4.611827e-002
1.297977e+002	-5.995942e-002
1.303583e+002	-4.793794e-002
1.306334e+002	-4.676196e-002
1.312819e+002	-3.140314e-002
1.315350e+002	-3.106148e-002
1.312610e+002	-5.074207e-002
1.315581e+002	-4.873265e-002
1.317234e+002	-5.172741e-002
1.324158e+002	-3.469994e-002
1.322955e+002	-4.854201e-002
1.325487e+002	-4.820036e-002
1.328238e+002	-4.702435e-002
1.330110e+002	-4.918479e-002
1.333959e+002	-4.383801e-002
1.338907e+002	-3.431865e-002
1.335069e+002	-5.817184e-002
1.340455e+002	-4.698380e-002
1.343865e+002	-4.330570e-002
1.348154e+002	-3.628935e-002
1.353541e+002	-2.510222e-002
1.353656e+002	-3.393734e-002
1.355089e+002	-3.776737e-002
1.357181e+002	-3.909439e-002
1.365204e+002	-1.789519e-002
1.367076e+002	-2.005656e-002
1.363018e+002	-4.474318e-002
1.363573e+002	-5.191056e-002
1.368740e+002	-4.155776e-002
1.370832e+002	-4.288387e-002
1.372045e+002	-4.754823e-002
1.371062e+002	-6.055504e-002
1.379744e+002	-3.685377e-002
1.380518e+002	-4.318588e-002
1.392934e+002	-5.301795e-003
1.391511e+002	-1.997729e-002
1.392066e+002	-2.714375e-002
1.395256e+002	-2.429907e-002
1.400863e+002	-1.227760e-002
1.399440e+002	-2.695309e-002
1.406804e+002	-8.256920e-003
1.409555e+002	-7.080916e-003
1.404399e+002	-3.594017e-002
1.408907e+002	-2.808948e-002
1.409242e+002	-3.609119e-002
1.415947e+002	-1.989709e-002
1.419576e+002	-1.538468e-002
1.417275e+002	-3.339752e-002
1.418928e+002	-3.639229e-002
1.420581e+002	-3.938797e-002
1.423991e+002	-3.570896e-002
1.424326e+002	-4.371068e-002
1.430371e+002	-3.002055e-002
1.436198e+002	-1.716380e-002
1.433238e+002	-3.767967e-002
1.439943e+002	-2.148650e-002
1.440936e+002	-2.698521e-002
1.443687e+002	-2.580921e-002
1.441167e+002	-4.465639e-002
1.442161e+002	-5.015418e-002
1.443594e+002	-5.398421e-002
1.448761e+002	-4.363141e-002
1.449096e+002	-5.163221e-002
1.453604e+002	-4.378243e-002
1.456575e+002	-4.177209e-002
1.460204e+002	-3.725873e-002
1.457464e+002	-5.694027e-002
1.459336e+002	-5.910163e-002
1.463186e+002	-5.375394e-002
1.466156e+002	-5.174359e-002
1.472641e+002	-3.638476e-002
1.478028e+002	-2.519764e-002
1.470895e+002	-6.156501e-002
1.473866e+002	-5.955465e-002
1.477935e+002	-5.337263e-002
1.483541e+002	-4.135118e-002
1.489148e+002	-2.932877e-002
1.487945e+002	-4.316993e-002
1.489378e+002	-4.699996e-002
1.489933e+002	-5.416734e-002
1.491585e+002	-5.716302e-002
1.493677e+002	-5.849005e-002
1.498186e+002	-5.063933e-002
1.506867e+002	-2.693714e-002
1.505445e+002	-4.161263e-002
1.506878e+002	-4.544266e-002
1.514242e+002	-2.674650e-002
1.517652e+002	-2.306749e-002
1.512495e+002	-5.192673e-002
1.516564e+002	-4.574470e-002
1.517778e+002	-5.040907e-002
1.520968e+002	-4.756438e-002
1.521303e+002	-5.556519e-002
1.521857e+002	-6.273256e-002
1.526146e+002	-5.571621e-002
1.528238e+002	-5.704320e-002
1.533405e+002	-4.669042e-002
1.533740e+002	-5.469122e-002
1.536491e+002	-5.351522e-002
1.541000e+002	-4.566543e-002
1.545288e+002	-3.864907e-002
1.548479e+002	-3.580439e-002
1.554085e+002	-2.378294e-002
1.557715e+002	-1.926956e-002
1.555853e+002	-3.561375e-002
1.556627e+002	-4.194678e-002
1.555644e+002	-5.495361e-002
1.560591e+002	-4.543516e-002
1.563123e+002	-4.509350e-002
1.564336e+002	-4.975694e-002
1.565330e+002	-5.525562e-002
1.564787e+002	-6.659378e-002
1.570832e+002	-5.290364e-002
1.575999e+002	-4.255085e-002
1.577652e+002	-4.554653e-002
1.574253e+002	-6.773016e-002
1.578541e+002	-6.071471e-002
1.579316e+002	-6.704683e-002
1.583385e+002	-6.086573e-002
1.581303e+002	-7.804422e-002
1.588667e+002	-5.934807e-002
1.595372e+002	-4.315490e-002
1.588897e+002	-7.701925e-002
1.592308e+002	-7.334024e-002
1.598573e+002	-5.881576e-002
1.601763e+002	-5.597107e-002
1.605832e+002	-4.978905e-002
1.610340e+002	-4.193927e-002
1.608918e+002	-5.661476e-002
1.611889e+002	-5.460443e-002
1.617495e+002	-4.258205e-002
1.619807e+002	-4.307472e-002
1.625633e+002	-3.021891e-002
1.622454e+002	-5.156910e-002
1.628719e+002	-3.704462e-002
1.631470e+002	-3.586864e-002
1.632684e+002	-4.053208e-002
1.631920e+002	-5.270547e-002
1.639503e+002	-3.317497e-002
1.640497e+002	-3.867368e-002
1.638636e+002	-5.501784e-002
1.642265e+002	-5.050449e-002
1.653143e+002	-1.845984e-002
1.658311e+002	-8.106123e-003
1.660622e+002	-8.598812e-003
1.660957e+002	-1.660052e-002
1.661951e+002	-2.209830e-002
1.661407e+002	-3.343736e-002
1.657349e+002	-5.812398e-002
1.662956e+002	-4.610251e-002
1.668562e+002	-3.408105e-002
1.670874e+002	-3.457374e-002
1.675382e+002	-2.672303e-002
1.673301e+002	-4.390155e-002
1.676491e+002	-4.105686e-002
1.682537e+002	-2.736672e-002
1.684190e+002	-3.036240e-002
1.682328e+002	-4.670659e-002
1.683322e+002	-5.220436e-002
1.689807e+002	-3.684554e-002
1.690142e+002	-4.484726e-002
1.696187e+002	-3.115713e-002
1.698280e+002	-3.248322e-002
1.696857e+002	-4.715962e-002
1.698730e+002	-4.932005e-002
1.699943e+002	-5.398443e-002
1.704891e+002	-4.446598e-002
1.706983e+002	-4.579297e-002
1.706000e+002	-5.879978e-002
1.711606e+002	-4.677740e-002
1.713918e+002	-4.727008e-002
1.717108e+002	-4.442633e-002
1.717224e+002	-5.326145e-002
1.717339e+002	-6.209661e-002
1.731731e+002	-1.670346e-002
1.728112e+002	-3.972234e-002
1.725592e+002	-5.856952e-002
1.719337e+002	-9.159953e-002
1.728678e+002	-6.539432e-002
1.738018e+002	-3.919004e-002
1.739012e+002	-4.468781e-002
1.739127e+002	-5.352387e-002
1.740560e+002	-5.735390e-002
1.747704e+002	-3.949205e-002
1.752872e+002	-2.913835e-002
1.749472e+002	-5.132288e-002
1.755738e+002	-3.679839e-002
1.760246e+002	-2.894769e-002
1.762338e+002	-3.027471e-002
1.768384e+002	-1.658457e-002
1.766742e+002	-3.209439e-002
1.769932e+002	-2.924973e-002
1.768071e+002	-4.559390e-002
1.767747e+002	-5.609771e-002
1.771596e+002	-5.075092e-002
1.778081e+002	-3.539211e-002
1.776659e+002	-5.006761e-002
1.780728e+002	-4.388560e-002
1.784138e+002	-4.020656e-002
1.784692e+002	-4.737396e-002
1.789859e+002	-3.702024e-002
1.791292e+002	-4.085026e-002
1.796020e+002	-3.216615e-002
1.798771e+002	-3.099016e-002
1.798228e+002	-4.232829e-002
1.805591e+002	-2.363212e-002
1.806365e+002	-2.996517e-002
1.807799e+002	-3.379427e-002
1.812307e+002	-2.594448e-002
1.813740e+002	-2.977452e-002
1.814734e+002	-3.527231e-002
1.815288e+002	-4.243967e-002
1.817380e+002	-4.376668e-002
1.810247e+002	-8.013405e-002
1.819588e+002	-5.392882e-002
1.830686e+002	-2.104985e-002
1.827726e+002	-4.156571e-002
1.826962e+002	-5.373818e-002
1.831031e+002	-4.755617e-002
1.834880e+002	-4.220939e-002
1.832799e+002	-5.938791e-002
1.835550e+002	-5.821193e-002
1.846428e+002	-2.616727e-002
1.848081e+002	-2.916204e-002
1.855225e+002	-1.130024e-002
1.855779e+002	-1.846762e-002
1.855236e+002	-2.980576e-002
1.859524e+002	-2.279032e-002
1.859200e+002	-3.329413e-002
1.861951e+002	-3.211814e-002
1.867997e+002	-1.842798e-002
1.863939e+002	-4.311463e-002
1.860759e+002	-6.446484e-002
1.865926e+002	-5.411204e-002
1.868238e+002	-5.460473e-002
1.874284e+002	-4.091366e-002
1.880110e+002	-2.805785e-002
1.877150e+002	-4.857374e-002
1.877265e+002	-5.740887e-002
1.880455e+002	-5.456510e-002
1.878813e+002	-7.007497e-002
1.884200e+002	-5.888692e-002
1.889367e+002	-4.853411e-002
1.887725e+002	-6.404394e-002
1.891135e+002	-6.036494e-002
1.888614e+002	-7.921215e-002
1.901909e+002	-3.798978e-002
1.909272e+002	-1.929360e-002
1.910046e+002	-2.562667e-002
1.908844e+002	-3.946782e-002
1.911595e+002	-3.829182e-002
1.916323e+002	-2.960772e-002
1.914900e+002	-4.428322e-002
1.913697e+002	-5.812439e-002
1.912714e+002	-7.113120e-002
1.917003e+002	-6.411576e-002
1.921072e+002	-5.793376e-002
1.925141e+002	-5.175173e-002
1.926574e+002	-5.558176e-002
1.928885e+002	-5.607444e-002
1.932076e+002	-5.322975e-002
1.939220e+002	-3.536794e-002
1.941092e+002	-3.752929e-002
1.940548e+002	-4.886744e-002
1.946375e+002	-3.601166e-002
1.948466e+002	-3.733867e-002
1.954073e+002	-2.531719e-002
1.950454e+002	-4.833516e-002
1.950789e+002	-5.633687e-002
1.950026e+002	-6.850936e-002
1.954534e+002	-6.065960e-002
1.957285e+002	-5.948359e-002
1.964429e+002	-4.162179e-002
1.967399e+002	-3.961144e-002
1.966197e+002	-5.345260e-002
1.974000e+002	-3.308775e-002
1.974334e+002	-4.108946e-002
1.981698e+002	-2.239331e-002
1.979177e+002	-4.124050e-002
1.985882e+002	-2.504736e-002
1.986876e+002	-3.054516e-002
1.987870e+002	-3.604386e-002
1.988644e+002	-4.237598e-002
1.986343e+002	-6.038882e-002
1.988435e+002	-6.171584e-002
1.989868e+002	-6.554588e-002
1.998110e+002	-4.351237e-002
2.002838e+002	-3.482824e-002
2.001196e+002	-5.033811e-002
2.006144e+002	-4.081872e-002
2.008455e+002	-4.131141e-002
2.002640e+002	-7.267365e-002
2.004073e+002	-7.650274e-002
2.008801e+002	-6.781866e-002
2.008696e+002	-7.748812e-002
2.019794e+002	-4.460915e-002
2.032210e+002	-6.724132e-003
2.023978e+002	-4.726318e-002
2.025411e+002	-5.109321e-002
2.030579e+002	-4.073949e-002
2.037063e+002	-2.538067e-002
2.036300e+002	-3.755318e-002
2.037294e+002	-4.305188e-002
2.044657e+002	-2.435571e-002
2.045212e+002	-3.152310e-002
2.040055e+002	-6.038143e-002
2.043026e+002	-5.837109e-002
2.047315e+002	-5.135472e-002
2.047869e+002	-5.852210e-002
2.050181e+002	-5.901481e-002
2.050077e+002	-6.868428e-002
2.054145e+002	-6.250316e-002
2.060411e+002	-4.797869e-002
2.062064e+002	-5.097346e-002
2.060861e+002	-6.481556e-002
2.064490e+002	-6.030220e-002
2.069877e+002	-4.911414e-002
2.068455e+002	-6.379059e-002
2.076697e+002	-4.175706e-002
2.079228e+002	-4.141539e-002
2.083736e+002	-3.356472e-002
2.084291e+002	-4.073208e-002
2.084187e+002	-5.040156e-002
2.091550e+002	-3.170538e-002
2.092544e+002	-3.720411e-002
2.088266e+002	-6.272509e-002
2.098266e+002	-3.401779e-002
2.093768e+002	-6.037401e-002
2.097617e+002	-5.502634e-002
2.097293e+002	-6.553015e-002
2.100484e+002	-6.268547e-002
2.099281e+002	-7.652664e-002
2.104668e+002	-6.533950e-002
2.110054e+002	-5.415239e-002
2.112805e+002	-5.297639e-002
2.113580e+002	-5.930851e-002
2.116111e+002	-5.896687e-002
2.118423e+002	-5.945955e-002
2.118538e+002	-6.829561e-002
2.120410e+002	-7.045695e-002
2.119427e+002	-8.346376e-002
2.127889e+002	-6.059594e-002
2.133715e+002	-4.774013e-002
2.135368e+002	-5.073582e-002
2.140315e+002	-4.121644e-002
2.143506e+002	-3.837175e-002
2.144719e+002	-4.303612e-002
2.143517e+002	-5.687728e-002
2.149562e+002	-4.318716e-002
2.145943e+002	-6.620603e-002
2.150232e+002	-5.918968e-002
2.151885e+002	-6.218536e-002
2.149803e+002	-7.936386e-002
2.154971e+002	-6.901016e-002
2.161895e+002	-5.198266e-002
2.164646e+002	-5.080759e-002
2.164981e+002	-5.880837e-002
2.168830e+002	-5.346070e-002
2.172899e+002	-4.727960e-002
2.174991e+002	-4.860662e-002
2.173569e+002	-6.328212e-002
2.182250e+002	-3.957992e-002
2.185660e+002	-3.590091e-002
2.184677e+002	-4.890773e-002
2.185891e+002	-5.357211e-002
2.186225e+002	-6.157382e-002
2.190514e+002	-5.455745e-002
2.195242e+002	-4.587335e-002
2.198432e+002	-4.302868e-002
2.197449e+002	-5.603549e-002
2.202177e+002	-4.735045e-002
2.204709e+002	-4.700880e-002
2.210754e+002	-3.331863e-002
2.212846e+002	-3.464568e-002
2.220210e+002	-1.594951e-002
2.216811e+002	-3.813405e-002
2.216267e+002	-4.947219e-002
2.218359e+002	-5.079920e-002
2.224185e+002	-3.794340e-002
2.226936e+002	-3.676739e-002
2.228369e+002	-4.059745e-002
2.229143e+002	-4.692957e-002
2.235848e+002	-3.073640e-002
2.233986e+002	-4.708059e-002
2.235419e+002	-5.091061e-002
2.239049e+002	-4.639726e-002
2.230159e+002	-8.943932e-002
2.235326e+002	-7.908560e-002
2.251476e+002	-2.701777e-002
2.244782e+002	-6.171646e-002
2.247972e+002	-5.887180e-002
2.248307e+002	-6.687351e-002
2.247104e+002	-8.071466e-002
2.254907e+002	-6.034981e-002
2.257219e+002	-6.084249e-002
2.266999e+002	-3.296953e-002
2.267333e+002	-4.097034e-002
2.270084e+002	-3.979433e-002
2.277228e+002	-2.193251e-002
2.268997e+002	-6.247155e-002
2.272626e+002	-5.795819e-002
2.281747e+002	-3.258824e-002
2.279227e+002	-5.143543e-002
2.281978e+002	-5.025945e-002
2.285607e+002	-4.574610e-002
2.288578e+002	-4.373578e-002
2.290231e+002	-4.673146e-002
2.291664e+002	-5.056058e-002
2.294415e+002	-4.938549e-002
2.298923e+002	-4.153479e-002
2.303651e+002	-3.284975e-002
2.305084e+002	-3.667978e-002
2.298829e+002	-6.970979e-002
2.304216e+002	-5.852267e-002
2.306748e+002	-5.818100e-002
2.312574e+002	-4.532521e-002
2.316643e+002	-3.914317e-002
2.318954e+002	-3.963586e-002
2.323023e+002	-3.345383e-002
2.323358e+002	-4.145554e-002
2.330722e+002	-2.275937e-002
2.331057e+002	-3.076018e-002
2.330733e+002	-4.126490e-002
2.326674e+002	-6.595152e-002
2.338871e+002	-2.890085e-002
2.338326e+002	-4.023995e-002
2.336904e+002	-5.491545e-002
2.340753e+002	-4.956776e-002
2.350972e+002	-2.002612e-002
2.353724e+002	-1.885012e-002
2.350983e+002	-3.853165e-002
2.357468e+002	-2.317283e-002
2.354728e+002	-4.285342e-002
2.351988e+002	-6.253495e-002
2.353641e+002	-6.553063e-002
2.359247e+002	-5.350917e-002
2.358264e+002	-6.651599e-002
2.360576e+002	-6.700868e-002
2.370575e+002	-3.830137e-002
2.372009e+002	-4.213047e-002
2.375418e+002	-3.845241e-002
2.375973e+002	-4.561887e-002
2.377845e+002	-4.778022e-002
2.378400e+002	-5.494761e-002
2.386203e+002	-3.458276e-002
2.389393e+002	-3.173809e-002
2.383358e+002	-6.393375e-002
2.388086e+002	-5.524872e-002
2.387982e+002	-6.491909e-002
2.385900e+002	-8.209761e-002
2.394582e+002	-5.839542e-002
2.396235e+002	-6.139110e-002
2.399645e+002	-5.771210e-002
2.404153e+002	-4.986231e-002
2.409979e+002	-3.700559e-002
2.408776e+002	-5.084768e-002
2.411307e+002	-5.050605e-002
2.414937e+002	-4.599270e-002
2.410659e+002	-7.151367e-002
2.422196e+002	-3.696600e-002
2.423629e+002	-4.079603e-002
2.421548e+002	-5.797453e-002
2.421444e+002	-6.764399e-002
2.421778e+002	-7.564570e-002
