    nm         	nN
0.000000e+000	6.318536e-001
-3.790629e-002	6.191013e-001
-5.920580e-002	6.070998e-001
-1.137004e-001	5.935975e-001
-1.681926e-001	5.800953e-001
-2.060903e-001	5.673434e-001
-2.439966e-001	5.545911e-001
-3.648766e-001	5.380873e-001
-3.861761e-001	5.260858e-001
-3.742830e-001	5.155851e-001
-3.955837e-001	5.035836e-001
-4.334900e-001	4.908313e-001
-4.713865e-001	4.780795e-001
-5.258799e-001	4.645772e-001
-4.807934e-001	4.555773e-001
-5.518832e-001	4.413246e-001
-5.565876e-001	4.300735e-001
-6.276866e-001	4.158205e-001
-6.655843e-001	4.030686e-001
-6.702868e-001	3.918175e-001
-6.417967e-001	3.820672e-001
-7.128871e-001	3.678145e-001
-6.678000e-001	3.588146e-001
-7.554971e-001	3.438111e-001
-7.767966e-001	3.318097e-001
-8.644834e-001	3.168066e-001
-9.521707e-001	3.018036e-001
-9.070836e-001	2.928037e-001
-8.952002e-001	2.823025e-001
-8.999034e-001	2.710514e-001
-9.378005e-001	2.582995e-001
-1.091874e+000	2.402950e-001
-9.969972e-001	2.335462e-001
-1.001700e+000	2.222951e-001
-1.006414e+000	2.110436e-001
-1.060907e+000	1.975413e-001
-1.015820e+000	1.885414e-001
-1.103508e+000	1.735384e-001
-1.108210e+000	1.622873e-001
-1.096317e+000	1.517866e-001
-1.101031e+000	1.405350e-001
-1.155524e+000	1.270328e-001
-1.143631e+000	1.165321e-001
-1.098544e+000	1.075322e-001
-1.169634e+000	9.327951e-002
-1.290514e+000	7.677569e-002
-1.345017e+000	6.327300e-002
-1.333124e+000	5.277229e-002
-1.371021e+000	4.002043e-002
-1.375724e+000	2.876933e-002
-1.397024e+000	1.676786e-002
-1.434930e+000	4.015542e-003
-1.389843e+000	-4.984365e-003
-1.460933e+000	-1.923702e-002
-1.449040e+000	-2.973772e-002
-1.486937e+000	-4.248959e-002
-1.441850e+000	-5.148951e-002
-1.463160e+000	-6.349143e-002
-1.434670e+000	-7.324175e-002
-1.505761e+000	-8.749439e-002
-1.560254e+000	-1.009966e-001
-1.531764e+000	-1.107470e-001
-1.519871e+000	-1.212477e-001
-1.574374e+000	-1.347504e-001
-1.612270e+000	-1.475022e-001
-1.650167e+000	-1.602541e-001
-1.654871e+000	-1.715052e-001
-1.725961e+000	-1.857578e-001
-1.680874e+000	-1.947578e-001
-1.685588e+000	-2.060093e-001
-1.673694e+000	-2.165100e-001
-1.761380e+000	-2.315130e-001
-1.799278e+000	-2.442649e-001
-1.853770e+000	-2.577672e-001
-1.891668e+000	-2.705190e-001
-1.863188e+000	-2.802698e-001
-1.901084e+000	-2.930217e-001
-1.889190e+000	-3.035223e-001
-1.960281e+000	-3.177750e-001
-1.998177e+000	-3.305269e-001
-1.986293e+000	-3.410280e-001
-1.924612e+000	-3.492776e-001
-2.012298e+000	-3.642806e-001
-2.050196e+000	-3.770325e-001
-2.038300e+000	-3.875331e-001
-2.059601e+000	-3.995347e-001
-2.064314e+000	-4.107862e-001
-2.052421e+000	-4.212869e-001
-2.140107e+000	-4.362899e-001
-2.194599e+000	-4.497921e-001
-2.232500e+000	-4.625441e-001
-2.320183e+000	-4.775471e-001
-2.258511e+000	-4.857970e-001
-2.180230e+000	-4.932962e-001
-2.317707e+000	-5.105504e-001
-2.256023e+000	-5.187999e-001
-2.376903e+000	-5.353037e-001
-2.398204e+000	-5.473053e-001
-2.436112e+000	-5.600576e-001
-2.407621e+000	-5.698078e-001
-2.379131e+000	-5.795582e-001
-2.367236e+000	-5.900588e-001
-2.405133e+000	-6.028107e-001
-2.426434e+000	-6.148122e-001
-2.480936e+000	-6.283149e-001
-2.552028e+000	-6.425676e-001
-2.606520e+000	-6.560698e-001
-2.544838e+000	-6.643193e-001
-2.632525e+000	-6.793224e-001
-2.687027e+000	-6.928251e-001
-2.741521e+000	-7.063273e-001
-2.762822e+000	-7.183288e-001
-2.717735e+000	-7.273288e-001
-2.672648e+000	-7.363287e-001
-2.677352e+000	-7.475798e-001
-2.698660e+000	-7.595817e-001
-2.620381e+000	-7.670808e-001
-2.625085e+000	-7.783319e-001
-2.613192e+000	-7.888327e-001
-2.617893e+000	-8.000837e-001
-2.572806e+000	-8.090836e-001
-2.643898e+000	-8.233363e-001
-2.681805e+000	-8.360886e-001
-2.703104e+000	-8.480900e-001
-2.741001e+000	-8.608420e-001
-2.762302e+000	-8.728434e-001
-2.700618e+000	-8.810930e-001
-2.738515e+000	-8.938448e-001
-2.859403e+000	-9.103491e-001
-2.947091e+000	-9.253521e-001
-2.852214e+000	-9.321008e-001
-2.807129e+000	-9.411009e-001
-2.911412e+000	-9.568543e-001
-2.899526e+000	-9.673553e-001
-2.871039e+000	-9.771057e-001
-2.709773e+000	-9.808528e-001
-2.731073e+000	-9.928544e-001
-2.785566e+000	-1.006357e+000
-2.923043e+000	-1.023611e+000
-2.745182e+000	-1.026608e+000
-2.600518e+000	-1.031105e+000
-2.621827e+000	-1.043107e+000
-2.609933e+000	-1.053608e+000
-2.531652e+000	-1.061107e+000
-2.453372e+000	-1.068606e+000
-9.809610e-001	-1.013072e+000
8.092798e+000	-6.138580e-001
1.897559e+001	-1.328514e-001
2.159319e+001	-2.554023e-002
2.213618e+001	-1.202850e-002
2.198211e+001	-3.003309e-002
2.184463e+001	-4.728728e-002
2.207228e+001	-4.803294e-002
2.251569e+001	-3.902353e-002
2.242800e+001	-5.402656e-002
2.285481e+001	-4.576755e-002
2.263434e+001	-6.677413e-002
2.256325e+001	-8.102678e-002
2.347138e+001	-5.100605e-002
2.368243e+001	-5.250209e-002
2.377731e+001	-5.925084e-002
2.373940e+001	-7.200315e-002
2.380108e+001	-8.025269e-002
2.404533e+001	-8.024795e-002
2.405723e+001	-9.074866e-002
2.408571e+001	-1.004990e-001
2.449593e+001	-9.299034e-002
2.474018e+001	-9.298559e-002
2.455291e+001	-1.124910e-001
2.459800e+001	-1.214909e-001
2.532355e+001	-9.972487e-002
2.541842e+001	-1.064736e-001
2.514817e+001	-1.297309e-001
2.625545e+001	-9.070599e-002
2.739593e+001	-5.017982e-002
2.790572e+001	-3.816886e-002
2.823296e+001	-3.441217e-002
2.885893e+001	-1.714850e-002
2.918616e+001	-1.339181e-002
2.941381e+001	-1.413747e-002
2.939251e+001	-2.613894e-002
2.895629e+001	-5.690014e-002
2.934991e+001	-5.014190e-002
2.939499e+001	-5.914182e-002
2.977202e+001	-5.313397e-002
3.076311e+001	-1.936175e-002
3.114014e+001	-1.335390e-002
3.133459e+001	-1.560032e-002
3.172821e+001	-8.842090e-003
3.170691e+001	-2.084357e-002
3.195116e+001	-2.083883e-002
3.178049e+001	-3.959381e-002
3.222389e+001	-3.058440e-002
3.243495e+001	-3.208044e-002
3.286176e+001	-2.382142e-002
3.287365e+001	-3.432212e-002
3.346643e+001	-1.855922e-002
3.337875e+001	-3.356225e-002
3.322467e+001	-5.156684e-002
3.355190e+001	-4.781016e-002
3.382934e+001	-4.630464e-002
3.407359e+001	-4.629990e-002
3.436763e+001	-4.404399e-002
3.477784e+001	-3.653537e-002
3.457398e+001	-5.679112e-002
3.503398e+001	-4.703133e-002
3.556038e+001	-3.426998e-002
3.562206e+001	-4.251952e-002
3.629782e+001	-2.300467e-002
3.587820e+001	-5.301548e-002
3.577390e+001	-6.876935e-002
3.638329e+001	-5.225561e-002
3.671052e+001	-4.849893e-002
3.698796e+001	-4.699342e-002
3.741477e+001	-3.873440e-002
3.697854e+001	-6.949604e-002
3.720620e+001	-7.024168e-002
3.733427e+001	-7.548966e-002
3.759511e+001	-7.473454e-002
3.842025e+001	-4.846575e-002
3.790104e+001	-8.297933e-002
3.799592e+001	-8.972809e-002
3.782525e+001	-1.084831e-001
3.783714e+001	-1.189838e-001
3.841332e+001	-1.039713e-001
3.857459e+001	-1.077185e-001
3.910098e+001	-9.495712e-002
3.891371e+001	-1.144625e-001
3.920775e+001	-1.122066e-001
3.946859e+001	-1.114514e-001
4.014435e+001	-9.193660e-002
4.063755e+001	-8.067603e-002
4.081541e+001	-8.367285e-002
4.127542e+001	-7.391306e-002
4.132050e+001	-8.291298e-002
4.163114e+001	-7.990668e-002
4.164303e+001	-9.040738e-002
4.205324e+001	-8.289876e-002
4.282860e+001	-5.888114e-002
4.260813e+001	-7.988773e-002
4.275280e+001	-8.438532e-002
4.286427e+001	-9.038368e-002
4.302553e+001	-9.413089e-002
4.292125e+001	-1.098843e-001
4.299953e+001	-1.173835e-001
4.370848e+001	-9.636784e-002
4.395273e+001	-9.636309e-002
4.369908e+001	-1.188700e-001
4.386034e+001	-1.226172e-001
4.423736e+001	-1.166094e-001
4.444842e+001	-1.181054e-001
4.452670e+001	-1.256046e-001
4.483733e+001	-1.225983e-001
4.508158e+001	-1.225935e-001
4.559137e+001	-1.105826e-001
4.625054e+001	-9.181811e-002
4.631222e+001	-1.000676e-001
4.624113e+001	-1.143203e-001
4.638580e+001	-1.188179e-001
4.653046e+001	-1.233155e-001
4.672492e+001	-1.255619e-001
4.718493e+001	-1.158021e-001
4.734619e+001	-1.195493e-001
4.700954e+001	-1.458086e-001
4.768532e+001	-1.262933e-001
4.837767e+001	-1.060281e-001
4.862192e+001	-1.060233e-001
4.926449e+001	-8.800929e-002
4.935936e+001	-9.475804e-002
4.981937e+001	-8.499825e-002
4.989765e+001	-9.249740e-002
4.989295e+001	-1.037485e-001
5.003761e+001	-1.082461e-001
5.018228e+001	-1.127437e-001
5.009460e+001	-1.277467e-001
5.075376e+001	-1.089823e-001
5.157889e+001	-8.271390e-002
5.182314e+001	-8.270916e-002
5.206739e+001	-8.270442e-002
5.204609e+001	-9.470591e-002
5.232353e+001	-9.320038e-002
5.211966e+001	-1.134561e-001
5.282862e+001	-9.244052e-002
5.305627e+001	-9.318617e-002
5.311795e+001	-1.014357e-001
5.327922e+001	-1.051829e-001
5.370602e+001	-9.692389e-002
5.395027e+001	-9.691915e-002
5.368002e+001	-1.201765e-001
5.365871e+001	-1.321784e-001
5.403574e+001	-1.261701e-001
5.429659e+001	-1.254150e-001
5.440805e+001	-1.314138e-001
5.451952e+001	-1.374121e-001
5.451482e+001	-1.486632e-001
5.490844e+001	-1.419050e-001
5.495353e+001	-1.509049e-001
5.503181e+001	-1.584041e-001
5.589014e+001	-1.306345e-001
5.595182e+001	-1.388845e-001
5.622926e+001	-1.373790e-001
5.629094e+001	-1.456285e-001
5.660157e+001	-1.426222e-001
5.667986e+001	-1.501214e-001
5.675814e+001	-1.576205e-001
5.718495e+001	-1.493615e-001
5.747899e+001	-1.471056e-001
5.752407e+001	-1.561055e-001
5.746958e+001	-1.696078e-001
5.751467e+001	-1.786077e-001
5.794147e+001	-1.703487e-001
5.777081e+001	-1.891036e-001
5.806484e+001	-1.868477e-001
5.839207e+001	-1.830911e-001
5.827119e+001	-1.995949e-001
5.851544e+001	-1.995901e-001
5.872649e+001	-2.010866e-001
5.860560e+001	-2.175904e-001
5.880006e+001	-2.198369e-001
5.909410e+001	-2.175809e-001
5.927196e+001	-2.205778e-001
5.926725e+001	-2.318288e-001
5.926255e+001	-2.430799e-001
5.940722e+001	-2.475775e-001
5.938592e+001	-2.595790e-001
5.963017e+001	-2.595743e-001
5.999059e+001	-2.543168e-001
6.036761e+001	-2.483090e-001
6.024673e+001	-2.648128e-001
6.052417e+001	-2.633073e-001
6.063564e+001	-2.693056e-001
6.081350e+001	-2.723029e-001
6.107434e+001	-2.715478e-001
6.106963e+001	-2.827988e-001
6.119771e+001	-2.880468e-001
6.114321e+001	-3.015491e-001
6.122149e+001	-3.090482e-001
6.131637e+001	-3.157970e-001
6.159381e+001	-3.142915e-001
6.158911e+001	-3.255426e-001
6.153461e+001	-3.390448e-001
6.166267e+001	-3.442932e-001
6.192352e+001	-3.435381e-001
6.193542e+001	-3.540388e-001
6.229584e+001	-3.487814e-001
6.222475e+001	-3.630340e-001
6.271794e+001	-3.517734e-001
6.269664e+001	-3.637749e-001
6.247618e+001	-3.847811e-001
6.265405e+001	-3.877779e-001
6.286510e+001	-3.892739e-001
6.317573e+001	-3.862676e-001
6.351956e+001	-3.817606e-001
6.368082e+001	-3.855078e-001
6.355994e+001	-4.020116e-001
6.383738e+001	-4.005060e-001
6.383267e+001	-4.117576e-001
6.414331e+001	-4.087509e-001
6.435436e+001	-4.102473e-001
6.436625e+001	-4.207480e-001
6.447772e+001	-4.267464e-001
6.465559e+001	-4.297432e-001
6.471727e+001	-4.379928e-001
6.464618e+001	-4.522454e-001
6.467467e+001	-4.619957e-001
6.470316e+001	-4.717460e-001
6.489762e+001	-4.739925e-001
6.500908e+001	-4.799913e-001
6.490480e+001	-4.957447e-001
6.513245e+001	-4.964903e-001
6.537670e+001	-4.964856e-001
6.550476e+001	-5.017335e-001
6.566603e+001	-5.054808e-001
6.614263e+001	-4.949706e-001
6.630390e+001	-4.987178e-001
6.716223e+001	-4.709482e-001
6.722391e+001	-4.791982e-001
6.934360e+001	-3.943987e-001
7.348810e+001	-2.180517e-001
7.600611e+001	-1.152428e-001
7.732914e+001	-6.646280e-002
7.841983e+001	-2.818779e-002
7.881345e+001	-2.142955e-002
7.952241e+001	-4.139265e-004
7.941812e+001	-1.616735e-002
7.929724e+001	-3.267116e-002
7.965767e+001	-2.741371e-002
8.020065e+001	-1.390197e-002
8.037851e+001	-1.689878e-002
8.034062e+001	-2.965065e-002
8.091680e+001	-1.463814e-002
8.097848e+001	-2.288767e-002
8.127252e+001	-2.063176e-002
8.123462e+001	-3.338363e-002
8.147887e+001	-3.337889e-002
8.185589e+001	-2.737104e-002
8.236569e+001	-1.536009e-002
8.234439e+001	-2.736156e-002
8.235628e+001	-3.786227e-002
8.208603e+001	-6.111957e-002
8.236347e+001	-5.961406e-002
8.270730e+001	-5.510698e-002
8.286856e+001	-5.885419e-002
8.316260e+001	-5.659828e-002
8.378857e+001	-3.933461e-002
8.378387e+001	-5.058569e-002
8.372936e+001	-6.408839e-002
8.405660e+001	-6.033127e-002
8.418466e+001	-6.557969e-002
8.454510e+001	-6.032179e-002
8.468976e+001	-6.481982e-002
8.466846e+001	-7.682130e-002
8.516165e+001	-6.556074e-002
8.525653e+001	-7.230949e-002
8.548418e+001	-7.305514e-002
8.542969e+001	-8.655739e-002
8.557436e+001	-9.105499e-002
8.633310e+001	-6.778820e-002
8.626201e+001	-8.204084e-002
8.630710e+001	-9.104077e-002
8.665093e+001	-8.653370e-002
8.674580e+001	-9.328246e-002
8.684068e+001	-1.000312e-001
8.756623e+001	-7.826520e-002
8.734577e+001	-9.927135e-002
8.775599e+001	-9.176272e-002
8.756871e+001	-1.112681e-001
8.791255e+001	-1.067610e-001
8.807381e+001	-1.105082e-001
8.855041e+001	-9.999804e-002
8.808099e+001	-1.322605e-001
8.820906e+001	-1.375084e-001
8.878525e+001	-1.224955e-001
8.907929e+001	-1.202396e-001
8.902478e+001	-1.337423e-001
8.915286e+001	-1.389902e-001
8.898218e+001	-1.577452e-001
8.914345e+001	-1.614924e-001
8.940429e+001	-1.607373e-001
8.901787e+001	-1.892473e-001
8.971022e+001	-1.689821e-001
9.003745e+001	-1.652254e-001
9.038128e+001	-1.607183e-001
9.037658e+001	-1.719694e-001
9.017271e+001	-1.922252e-001
9.021779e+001	-2.012256e-001
9.062801e+001	-1.937165e-001
9.065650e+001	-2.034672e-001
9.073477e+001	-2.109664e-001
9.134416e+001	-1.944527e-001
9.130626e+001	-2.072050e-001
9.113558e+001	-2.259599e-001
9.179475e+001	-2.071955e-001
9.217177e+001	-2.011876e-001
9.210068e+001	-2.154403e-001
9.206278e+001	-2.281922e-001
9.237342e+001	-2.251859e-001
9.311557e+001	-2.026695e-001
9.335982e+001	-2.026647e-001
9.317255e+001	-2.221701e-001
9.353297e+001	-2.169126e-001
9.364445e+001	-2.229110e-001
9.355676e+001	-2.379140e-001
9.375121e+001	-2.401604e-001
9.364693e+001	-2.559139e-001
9.438908e+001	-2.333975e-001
9.473290e+001	-2.288904e-001
9.464522e+001	-2.438935e-001
9.455754e+001	-2.588965e-001
9.493456e+001	-2.528886e-001
9.454811e+001	-2.813991e-001
9.489194e+001	-2.768920e-001
9.518598e+001	-2.746361e-001
9.552981e+001	-2.701291e-001
9.587365e+001	-2.656215e-001
9.600171e+001	-2.708700e-001
9.609658e+001	-2.776187e-001
9.599230e+001	-2.933721e-001
9.638592e+001	-2.866139e-001
9.634802e+001	-2.993658e-001
9.632672e+001	-3.113672e-001
9.680332e+001	-3.008571e-001
9.704757e+001	-3.008523e-001
9.709266e+001	-3.098523e-001
9.717094e+001	-3.173514e-001
9.738199e+001	-3.188474e-001
9.747686e+001	-3.255962e-001
9.725640e+001	-3.466028e-001
9.703594e+001	-3.676089e-001
9.752913e+001	-3.563484e-001
9.795595e+001	-3.480893e-001
9.795124e+001	-3.593404e-001
9.804612e+001	-3.660892e-001
1.003982e+002	-2.707846e-001
1.044597e+002	-9.818917e-002
1.063968e+002	-2.164434e-002
1.080518e+002	4.214388e-002
1.077981e+002	1.963696e-002
1.083245e+002	3.239830e-002
1.086683e+002	3.690537e-002
1.091947e+002	4.966672e-002
1.090739e+002	3.316291e-002
1.095007e+002	4.142192e-002
1.101100e+002	5.793522e-002
1.102879e+002	5.493840e-002
1.106151e+002	5.869508e-002
1.108594e+002	5.869982e-002
1.104066e+002	2.718824e-002
1.106342e+002	2.644258e-002
1.113930e+002	4.970938e-002
1.114380e+002	4.070945e-002
1.111014e+002	1.445058e-002
1.117440e+002	3.246466e-002
1.123036e+002	4.672678e-002
1.125644e+002	4.748191e-002
1.126261e+002	3.923238e-002
1.130031e+002	4.524022e-002
1.135461e+002	5.875195e-002
1.137572e+002	5.725592e-002
1.134537e+002	3.249784e-002
1.139635e+002	4.450879e-002
1.144401e+002	5.501897e-002
1.144520e+002	4.451828e-002
1.140822e+002	1.675863e-002
1.146583e+002	3.177115e-002
1.148362e+002	2.877433e-002
1.156613e+002	5.504268e-002
1.158226e+002	5.129547e-002
1.156851e+002	3.404127e-002
1.158464e+002	3.029407e-002
1.165719e+002	5.206008e-002
1.159532e+002	1.304461e-002
1.164962e+002	2.655635e-002
1.171055e+002	4.306964e-002
1.171340e+002	3.331932e-002
1.173451e+002	3.182328e-002
1.174067e+002	2.357375e-002
1.175846e+002	2.057694e-002
1.182438e+002	3.934139e-002
1.183884e+002	3.484379e-002
1.182510e+002	1.758960e-002
1.190595e+002	4.310756e-002
1.197353e+002	6.262239e-002
1.197804e+002	5.362248e-002
1.198918e+002	4.762410e-002
1.200531e+002	4.387690e-002
1.199488e+002	2.812348e-002
1.202096e+002	2.887861e-002
1.209186e+002	4.989423e-002
1.214616e+002	6.340597e-002
1.215233e+002	5.515643e-002
1.215850e+002	4.690690e-002
1.218956e+002	4.991320e-002
1.220569e+002	4.616598e-002
1.221683e+002	4.016762e-002
1.228441e+002	5.968246e-002
1.229224e+002	5.218331e-002
1.232496e+002	5.594000e-002
1.235104e+002	5.669513e-002
1.237215e+002	5.519910e-002
1.234015e+002	2.969061e-002
1.237287e+002	3.344730e-002
1.242717e+002	4.695903e-002
1.251134e+002	7.397777e-002
1.251917e+002	6.647862e-002
1.249380e+002	4.397170e-002
1.252155e+002	4.547722e-002
1.257585e+002	5.898895e-002
1.255380e+002	3.798281e-002
1.260976e+002	5.224493e-002
1.263584e+002	5.300007e-002
1.262873e+002	3.874741e-002
1.266810e+002	4.550565e-002
1.266265e+002	3.200340e-002
1.268375e+002	3.050736e-002
1.272975e+002	4.026715e-002
1.278737e+002	5.527967e-002
1.278192e+002	4.177741e-002
1.282294e+002	4.928603e-002
1.282579e+002	3.953572e-002
1.281868e+002	2.528308e-002
1.290617e+002	5.380259e-002
1.294886e+002	6.206161e-002
1.294507e+002	4.930974e-002
1.293298e+002	3.280592e-002
1.301383e+002	5.832388e-002
1.302498e+002	5.232551e-002
1.304442e+002	5.007908e-002
1.309872e+002	6.359082e-002
1.307336e+002	4.108390e-002
1.308285e+002	3.433515e-002
1.311557e+002	3.809182e-002
1.314663e+002	4.109812e-002
1.310633e+002	1.183769e-002
1.315731e+002	2.384866e-002
1.320829e+002	3.585962e-002
1.326425e+002	5.012174e-002
1.331191e+002	6.063193e-002
1.329484e+002	4.187695e-002
1.327113e+002	2.012041e-002
1.329722e+002	2.087554e-002
1.337309e+002	4.414233e-002
1.335603e+002	2.538736e-002
1.333730e+002	5.881542e-003
1.343309e+002	3.815344e-002
1.349237e+002	5.391634e-002
1.351679e+002	5.392108e-002
1.350802e+002	3.891805e-002
1.352747e+002	3.667162e-002
1.354858e+002	3.517559e-002
1.356636e+002	3.217877e-002
1.361734e+002	4.418974e-002
1.360193e+002	2.618515e-002
1.358487e+002	7.429720e-003
1.366572e+002	3.294812e-002
1.373994e+002	5.546452e-002
1.374942e+002	4.871577e-002
1.375061e+002	3.821506e-002
1.376342e+002	3.296708e-002
1.381938e+002	4.722921e-002
1.381559e+002	3.447734e-002
1.382342e+002	2.697819e-002
1.390759e+002	5.399693e-002
1.391542e+002	4.649777e-002
1.389835e+002	2.774280e-002
1.395431e+002	4.200492e-002
1.405176e+002	7.502676e-002
1.397992e+002	3.150897e-002
1.401762e+002	3.751682e-002
1.407690e+002	5.327972e-002
1.405652e+002	3.302396e-002
1.406766e+002	2.702559e-002
1.410205e+002	3.153265e-002
1.414307e+002	3.904129e-002
1.419571e+002	5.180264e-002
1.411059e+002	2.281277e-003
1.414331e+002	6.037963e-003
1.424575e+002	4.131141e-002
1.423698e+002	2.630838e-002
1.421327e+002	4.551406e-003
1.427421e+002	2.106513e-002
1.434344e+002	4.133037e-002
1.437119e+002	4.283588e-002
1.441055e+002	4.959413e-002
1.443829e+002	5.109965e-002
1.442621e+002	3.459583e-002
1.450872e+002	6.086417e-002
1.452982e+002	5.936814e-002
1.448786e+002	2.935733e-002
1.450233e+002	2.485974e-002
1.453339e+002	2.786603e-002
1.460927e+002	5.113283e-002
1.461875e+002	4.438406e-002
1.459339e+002	2.187715e-002
1.463939e+002	3.163693e-002
1.466381e+002	3.164167e-002
1.471645e+002	4.440303e-002
1.471432e+002	3.240154e-002
1.468896e+002	9.894623e-003
1.476483e+002	3.316141e-002
1.480088e+002	3.841888e-002
1.480206e+002	2.791818e-002
1.483811e+002	3.317564e-002
1.489075e+002	4.593698e-002
1.491683e+002	4.669211e-002
1.493628e+002	4.444568e-002
1.496236e+002	4.520082e-002
1.496687e+002	3.620088e-002
1.505436e+002	6.472040e-002
1.501240e+002	3.470959e-002
1.497376e+002	6.199112e-003
1.504797e+002	2.871596e-002
1.510227e+002	4.222770e-002
1.511342e+002	3.622933e-002
1.518929e+002	5.949612e-002
1.519214e+002	4.974580e-002
1.518337e+002	3.474277e-002
1.521610e+002	3.849945e-002
1.526210e+002	4.825924e-002
1.532801e+002	6.702370e-002
1.529103e+002	3.926406e-002
1.528226e+002	2.426103e-002
1.530835e+002	2.501616e-002
1.538754e+002	4.978372e-002
1.540865e+002	4.828768e-002
1.539324e+002	3.028310e-002
1.545418e+002	4.679639e-002
1.546698e+002	4.154840e-002
1.547647e+002	3.479965e-002
1.543451e+002	4.788390e-003
1.550208e+002	2.430368e-002
1.556800e+002	4.306814e-002
1.559077e+002	4.232249e-002
1.560689e+002	3.857529e-002
1.565953e+002	5.133663e-002
1.561425e+002	1.982505e-002
1.570506e+002	4.984534e-002
1.575106e+002	5.960513e-002
1.572238e+002	3.559743e-002
1.573850e+002	3.185023e-002
1.580774e+002	5.211546e-002
1.579731e+002	3.636204e-002
1.580348e+002	2.811250e-002
1.577977e+002	6.355533e-003
1.580918e+002	8.611435e-003
1.584190e+002	1.236857e-002
1.587130e+002	1.462447e-002
1.597871e+002	5.214865e-002
1.603799e+002	6.791154e-002
1.606076e+002	6.716589e-002
1.606858e+002	5.966674e-002
1.608637e+002	5.666994e-002
1.609420e+002	4.917079e-002
1.608543e+002	3.416775e-002
1.614305e+002	4.918027e-002
1.613096e+002	3.267646e-002
1.619688e+002	5.144091e-002
1.621964e+002	5.069527e-002
1.623577e+002	4.694806e-002
1.627347e+002	5.295591e-002
1.627466e+002	4.245521e-002
1.627585e+002	3.195450e-002
1.628202e+002	2.370498e-002
1.635623e+002	4.622137e-002
1.642879e+002	6.798738e-002
1.643163e+002	5.823707e-002
1.642287e+002	4.323404e-002
1.650704e+002	7.025278e-002
1.651321e+002	6.200324e-002
1.654925e+002	6.726069e-002
1.653052e+002	4.775533e-002
1.656657e+002	5.301279e-002
1.652958e+002	2.525314e-002
1.659384e+002	4.326722e-002
1.660333e+002	3.651845e-002
1.662111e+002	3.352165e-002
1.668371e+002	5.078532e-002
1.673303e+002	6.204589e-002
1.673920e+002	5.379635e-002
1.674869e+002	4.704760e-002
1.679303e+002	5.605700e-002
1.685396e+002	7.257030e-002
1.680370e+002	3.880755e-002
1.687128e+002	5.832238e-002
1.690234e+002	6.132868e-002
1.686702e+002	3.431943e-002
1.690140e+002	3.882650e-002
1.695570e+002	5.233823e-002
1.699838e+002	6.059725e-002
1.701617e+002	5.760043e-002
1.701072e+002	4.409818e-002
1.698203e+002	2.009048e-002
1.704463e+002	3.735416e-002
1.708565e+002	4.486279e-002
1.709348e+002	3.736364e-002
1.710463e+002	3.136527e-002
1.714565e+002	3.887389e-002
1.720161e+002	5.313602e-002
1.726255e+002	6.964931e-002
1.727867e+002	6.590212e-002
1.727820e+002	5.465102e-002
1.733416e+002	6.891315e-002
1.733701e+002	5.916283e-002
1.737803e+002	6.667146e-002
1.733275e+002	3.515988e-002
1.737709e+002	4.416928e-002
1.737994e+002	3.441896e-002
1.738777e+002	2.691981e-002
1.744207e+002	4.043155e-002
1.750964e+002	5.994640e-002
1.749092e+002	4.044104e-002
1.752530e+002	4.494810e-002
1.754972e+002	4.495284e-002
1.754261e+002	3.070020e-002
1.758861e+002	4.045999e-002
1.759810e+002	3.371124e-002
1.766402e+002	5.247569e-002
1.767849e+002	4.797810e-002
1.772283e+002	5.698751e-002
1.776551e+002	6.524652e-002
1.774844e+002	4.649154e-002
1.775461e+002	3.824201e-002
1.776907e+002	3.374441e-002
1.787316e+002	6.976781e-002
1.791086e+002	7.577566e-002
1.788550e+002	5.326874e-002
1.790992e+002	5.327348e-002
1.790281e+002	3.902084e-002
1.789902e+002	2.626896e-002
1.797822e+002	5.103653e-002
1.799600e+002	4.803972e-002
1.798723e+002	3.303668e-002
1.801830e+002	3.604297e-002
1.807093e+002	4.880433e-002
1.807544e+002	3.980440e-002
1.808327e+002	3.230525e-002
1.815251e+002	5.257049e-002
1.815867e+002	4.432095e-002
1.817314e+002	3.982336e-002
1.819425e+002	3.832732e-002
1.822697e+002	4.208400e-002
1.826633e+002	4.884225e-002
1.829407e+002	5.034776e-002
1.827203e+002	2.934161e-002
1.829977e+002	3.084714e-002
1.832917e+002	3.310304e-002
1.836854e+002	3.986128e-002
1.846101e+002	7.063195e-002
1.840079e+002	3.236687e-002
1.844015e+002	3.912511e-002
1.843636e+002	2.637324e-002
1.847406e+002	3.238109e-002
1.848023e+002	2.413155e-002
1.850465e+002	2.413630e-002
1.850418e+002	1.288520e-002
1.858172e+002	3.690238e-002
1.865427e+002	5.866840e-002
1.861895e+002	3.165914e-002
1.862014e+002	2.115843e-002
1.867610e+002	3.542056e-002
1.870052e+002	3.542530e-002
1.872162e+002	3.392927e-002
1.879750e+002	5.719605e-002
1.876715e+002	3.243797e-002
1.884635e+002	5.720553e-002
1.883592e+002	4.145212e-002
1.881055e+002	1.894519e-002
1.889473e+002	4.596392e-002
1.891583e+002	4.446789e-002
1.891536e+002	3.321679e-002
1.895306e+002	3.922464e-002
1.894595e+002	2.497200e-002
1.896208e+002	2.122479e-002
1.898650e+002	2.122953e-002
1.903748e+002	3.324049e-002
1.910506e+002	5.275535e-002
1.914110e+002	5.801280e-002
1.916386e+002	5.726715e-002
1.916671e+002	4.751684e-002
1.919612e+002	4.977274e-002
1.922386e+002	5.127826e-002
1.918854e+002	2.426901e-002
1.920466e+002	2.052181e-002
1.925232e+002	3.103199e-002
1.928836e+002	3.628945e-002
1.928789e+002	2.503835e-002
1.934385e+002	3.930048e-002
1.934338e+002	2.804938e-002
1.940100e+002	4.306190e-002
1.944036e+002	4.982013e-002
1.947474e+002	5.432721e-002
1.940789e+002	1.306058e-002
1.946384e+002	2.732269e-002
1.948827e+002	2.732744e-002
1.953925e+002	3.933840e-002
1.964002e+002	7.386101e-002
1.961299e+002	5.060371e-002
1.965733e+002	5.961311e-002
1.966184e+002	5.061318e-002
1.966137e+002	3.936210e-002
1.969741e+002	4.461956e-002
1.969196e+002	3.111730e-002
1.973796e+002	4.087710e-002
1.979226e+002	5.438883e-002
1.982166e+002	5.664474e-002
1.984941e+002	5.815025e-002
1.981574e+002	3.189138e-002
1.989991e+002	5.891012e-002
1.992434e+002	5.891487e-002
1.996038e+002	6.417233e-002
1.997153e+002	5.817395e-002
1.997106e+002	4.692285e-002
2.002370e+002	5.968421e-002
2.003152e+002	5.218507e-002
2.009080e+002	6.794797e-002
2.007871e+002	5.144415e-002
2.005667e+002	3.043801e-002
2.008109e+002	3.044274e-002
2.018518e+002	6.646615e-002
2.022122e+002	7.172361e-002
2.014607e+002	2.670502e-002
2.020036e+002	4.021676e-002
2.022811e+002	4.172228e-002
2.027743e+002	5.298285e-002
2.031513e+002	5.899070e-002
2.031300e+002	4.698921e-002
2.033576e+002	4.624357e-002
2.036683e+002	4.924987e-002
2.038959e+002	4.850421e-002
2.042729e+002	5.451207e-002
2.043678e+002	4.776331e-002
2.044793e+002	4.176494e-002
2.048065e+002	4.552162e-002
2.049678e+002	4.177441e-002
2.054112e+002	5.078382e-002
2.054397e+002	4.103351e-002
2.062482e+002	6.655146e-002
2.065090e+002	6.730659e-002
2.063218e+002	4.780123e-002
2.060515e+002	2.454392e-002
2.067771e+002	4.630992e-002
2.073200e+002	5.982165e-002
2.075643e+002	5.982641e-002
2.081737e+002	7.633970e-002
2.084179e+002	7.634444e-002
2.077825e+002	3.657857e-002
2.084251e+002	5.459264e-002
2.084536e+002	4.484233e-002
2.082829e+002	2.608735e-002
2.093736e+002	6.436191e-002
2.094187e+002	5.536198e-002
2.096629e+002	5.536672e-002
2.092765e+002	2.685669e-002
2.099356e+002	4.562115e-002
2.107608e+002	7.188950e-002
2.107561e+002	6.063841e-002
2.106020e+002	4.263382e-002
2.110122e+002	5.014244e-002
2.114888e+002	6.065262e-002
2.115007e+002	5.015193e-002
2.116288e+002	4.490395e-002
2.117402e+002	3.890557e-002
2.122168e+002	4.941575e-002
2.129922e+002	7.343293e-002
2.129543e+002	6.068106e-002
2.124683e+002	2.766871e-002
2.130278e+002	4.193083e-002
2.137368e+002	6.294645e-002
2.141138e+002	6.895431e-002
2.140261e+002	5.395126e-002
2.137559e+002	3.069395e-002
2.141163e+002	3.595141e-002
2.145431e+002	4.421043e-002
2.147874e+002	4.421518e-002
2.147329e+002	3.071292e-002
2.157240e+002	6.448515e-002
2.158686e+002	5.998756e-002
2.163452e+002	7.049773e-002
2.163239e+002	5.849626e-002
2.163026e+002	4.649478e-002
2.161320e+002	2.773980e-002
2.165422e+002	3.524843e-002
2.172677e+002	5.701444e-002
2.177941e+002	6.977578e-002
2.177728e+002	5.777431e-002
2.174528e+002	3.226584e-002
2.174813e+002	2.251552e-002
2.182732e+002	4.728308e-002
2.186668e+002	5.404132e-002
2.186787e+002	4.354062e-002
2.189893e+002	4.654692e-002
2.189846e+002	3.529582e-002
2.192953e+002	3.830211e-002
2.195893e+002	4.055803e-002
2.199663e+002	4.656588e-002
2.199616e+002	3.531479e-002
2.201892e+002	3.456913e-002
2.203671e+002	3.157232e-002
2.207773e+002	3.908095e-002
2.213369e+002	5.334308e-002
2.213820e+002	4.434315e-002
2.218586e+002	5.485333e-002
2.221526e+002	5.710924e-002
2.220317e+002	4.060543e-002
2.223092e+002	4.211095e-002
2.224538e+002	3.761334e-002
2.229305e+002	4.812354e-002
2.232411e+002	5.112983e-002
2.232032e+002	3.837795e-002
2.236134e+002	4.588659e-002
2.243223e+002	6.690221e-002
2.244836e+002	6.315501e-002
2.244457e+002	5.040313e-002
2.248559e+002	5.791177e-002
2.246687e+002	3.840639e-002
2.251950e+002	5.116775e-002
2.255057e+002	5.417404e-002
2.260155e+002	6.618499e-002
2.262099e+002	6.393857e-002
2.264210e+002	6.244254e-002
2.266818e+002	6.319766e-002
2.270588e+002	6.920552e-002
2.266226e+002	3.844431e-002
2.267673e+002	3.394672e-002
2.270281e+002	3.470185e-002
2.271728e+002	3.020426e-002
2.271183e+002	1.670200e-002
2.278770e+002	3.996879e-002
2.283370e+002	4.972859e-002
2.287639e+002	5.798760e-002
2.286098e+002	3.998301e-002
2.290864e+002	5.049319e-002
2.295298e+002	5.950260e-002
2.298072e+002	6.100811e-002
2.299685e+002	5.726091e-002
2.302459e+002	5.876642e-002
2.306561e+002	6.627505e-002
2.308672e+002	6.477901e-002
2.310119e+002	6.028142e-002
2.313225e+002	6.328772e-002
2.313178e+002	5.203663e-002
2.317446e+002	6.029565e-002
2.324037e+002	7.906011e-002
2.328306e+002	8.731955e-002
2.327429e+002	7.231608e-002
2.329041e+002	6.856888e-002
2.330986e+002	6.632245e-002
2.331271e+002	5.657214e-002
2.329896e+002	3.931793e-002
2.334496e+002	4.907773e-002
2.340424e+002	6.484063e-002
2.338219e+002	4.383449e-002
2.344147e+002	5.959739e-002
2.350573e+002	7.761147e-002
2.349862e+002	6.335881e-002
2.346827e+002	3.860073e-002
2.353917e+002	5.961635e-002
2.352210e+002	4.086137e-002
2.348844e+002	1.460251e-002
2.356929e+002	4.012047e-002
2.362857e+002	5.588337e-002
2.362976e+002	4.538267e-002
2.372555e+002	7.765412e-002
2.374167e+002	7.390691e-002
