    nm         	nN
0.000000e+000	3.024059e-001
6.167973e-002	2.941562e-001
-7.579723e-002	2.769020e-001
-1.468821e-001	2.626496e-001
-1.183944e-001	2.528991e-001
-2.060750e-001	2.378964e-001
-2.771598e-001	2.236440e-001
-3.316591e-001	2.101415e-001
-2.367894e-001	2.033924e-001
-2.580877e-001	1.913910e-001
-2.461955e-001	1.808902e-001
-3.670669e-001	1.643868e-001
-3.717701e-001	1.531357e-001
-3.764827e-001	1.418842e-001
-4.143768e-001	1.291325e-001
-5.020573e-001	1.141297e-001
-6.063336e-001	9.837664e-002
-5.778453e-001	8.862624e-002
-6.655357e-001	7.362305e-002
-6.868346e-001	6.162163e-002
-7.579195e-001	4.736922e-002
-8.290044e-001	3.311681e-002
-9.166856e-001	1.811405e-002
-9.213979e-001	6.862531e-003
-7.933371e-001	1.614137e-003
-8.478263e-001	-1.188794e-002
-8.525294e-001	-2.313901e-002
-9.402100e-001	-3.814176e-002
-9.781040e-001	-5.089351e-002
-9.496255e-001	-6.064436e-002
-1.004115e+000	-7.414643e-002
-1.091796e+000	-8.914919e-002
-1.179476e+000	-1.041519e-001
-1.167584e+000	-1.146527e-001
-1.188882e+000	-1.266541e-001
-1.226786e+000	-1.394063e-001
-1.264680e+000	-1.521580e-001
-1.319170e+000	-1.656601e-001
-1.290682e+000	-1.754105e-001
-1.361768e+000	-1.896629e-001
-1.349884e+000	-2.001641e-001
-1.437565e+000	-2.151669e-001
-1.475458e+000	-2.279186e-001
-1.513353e+000	-2.406703e-001
-1.601033e+000	-2.556731e-001
-1.622333e+000	-2.676745e-001
-1.527472e+000	-2.744240e-001
-1.548770e+000	-2.864254e-001
-1.570069e+000	-2.984269e-001
-1.624558e+000	-3.119289e-001
-1.562879e+000	-3.201787e-001
-1.534392e+000	-3.299291e-001
-1.555700e+000	-3.419309e-001
-1.626785e+000	-3.561834e-001
-1.614893e+000	-3.666841e-001
-1.702573e+000	-3.816868e-001
-1.690681e+000	-3.921876e-001
-1.695383e+000	-4.034386e-001
-1.766479e+000	-4.176915e-001
-1.787777e+000	-4.296929e-001
-1.792480e+000	-4.409440e-001
-1.730801e+000	-4.491937e-001
-1.801886e+000	-4.634461e-001
-1.823185e+000	-4.754476e-001
-1.877684e+000	-4.889501e-001
-1.915578e+000	-5.017018e-001
-1.953472e+000	-5.144536e-001
-2.007961e+000	-5.279556e-001
-1.996069e+000	-5.384564e-001
-2.017377e+000	-5.504582e-001
-1.905912e+000	-5.564570e-001
-1.943806e+000	-5.692087e-001
-1.931914e+000	-5.797095e-001
-2.019594e+000	-5.947122e-001
-1.974510e+000	-6.037123e-001
-2.029010e+000	-6.172148e-001
-2.100097e+000	-6.314673e-001
-2.171181e+000	-6.457196e-001
-2.242265e+000	-6.599721e-001
-2.130800e+000	-6.659708e-001
-2.118907e+000	-6.764715e-001
-2.239789e+000	-6.929754e-001
-2.310873e+000	-7.072278e-001
-2.099837e+000	-7.087246e-001
-2.204110e+000	-7.244776e-001
-2.159028e+000	-7.334777e-001
-2.113945e+000	-7.424778e-001
-2.102052e+000	-7.529785e-001
-2.056977e+000	-7.619790e-001
-2.061681e+000	-7.732301e-001
-2.033194e+000	-7.829805e-001
-2.021300e+000	-7.934813e-001
-1.959621e+000	-8.017310e-001
-1.848154e+000	-8.077297e-001
-1.886049e+000	-8.204815e-001
-1.990337e+000	-8.362350e-001
-2.078016e+000	-8.512377e-001
-2.115911e+000	-8.639895e-001
-2.087421e+000	-8.737399e-001
-2.141913e+000	-8.872420e-001
-2.295985e+000	-9.052465e-001
-2.217711e+000	-9.127460e-001
-2.189221e+000	-9.224964e-001
-2.061161e+000	-9.277448e-001
-2.099054e+000	-9.404965e-001
-2.153544e+000	-9.539985e-001
-1.942504e+000	-9.554952e-001
-1.681679e+000	-9.547410e-001
-1.553619e+000	-9.599894e-001
-1.707691e+000	-9.779939e-001
-1.762181e+000	-9.914960e-001
-1.600930e+000	-9.952438e-001
-1.456273e+000	-9.997418e-001
-1.494166e+000	-1.012494e+000
-1.415892e+000	-1.019993e+000
-1.188256e+000	-1.020739e+000
-7.780750e-001	-1.013232e+000
6.112573e-001	-9.614546e-001
2.548240e+000	-8.849160e-001
4.269477e+000	-8.181320e-001
4.729451e+000	-8.083736e-001
5.239209e+000	-7.963643e-001
5.616203e+000	-7.903577e-001
8.714881e+000	-6.612953e-001
1.413694e+001	-4.271857e-001
1.866284e+001	-2.335940e-001
2.015174e+001	-1.773146e-001
2.061172e+001	-1.675563e-001
2.024191e+001	-1.953147e-001
2.070188e+001	-1.855564e-001
2.139419e+001	-1.652934e-001
2.188735e+001	-1.540345e-001
2.226435e+001	-1.480278e-001
2.220986e+001	-1.615299e-001
2.225494e+001	-1.705300e-001
2.248258e+001	-1.712764e-001
2.274340e+001	-1.705221e-001
2.268891e+001	-1.840242e-001
2.260122e+001	-1.990274e-001
2.267950e+001	-2.065268e-001
2.343820e+001	-1.832620e-001
2.459518e+001	-1.419897e-001
2.615046e+001	-8.270886e-002
2.647767e+001	-7.895324e-002
2.705381e+001	-6.394261e-002
2.726485e+001	-6.543933e-002
2.719376e+001	-7.969175e-002
2.760395e+001	-7.218446e-002
2.766563e+001	-8.043420e-002
2.779369e+001	-8.568259e-002
2.803792e+001	-8.567866e-002
2.758514e+001	-1.171888e-001
2.779618e+001	-1.186855e-001
2.815657e+001	-1.134292e-001
2.840080e+001	-1.134253e-001
2.889397e+001	-1.021663e-001
2.887267e+001	-1.141677e-001
2.888456e+001	-1.246685e-001
2.909560e+001	-1.261652e-001
2.937302e+001	-1.246606e-001
2.950107e+001	-1.299094e-001
3.006063e+001	-1.156487e-001
3.015549e+001	-1.223977e-001
2.978568e+001	-1.501566e-001
2.994693e+001	-1.539043e-001
3.019116e+001	-1.539004e-001
3.036901e+001	-1.568978e-001
3.034771e+001	-1.688992e-001
3.034301e+001	-1.801503e-001
3.023873e+001	-1.959034e-001
3.088125e+001	-1.778914e-001
3.170633e+001	-1.516257e-001
3.279694e+001	-1.133543e-001
3.315734e+001	-1.080980e-001
3.373348e+001	-9.308738e-002
3.331388e+001	-1.230968e-001
3.314322e+001	-1.418517e-001
3.376915e+001	-1.245896e-001
3.416274e+001	-1.178326e-001
3.437378e+001	-1.193294e-001
3.473418e+001	-1.140731e-001
3.549287e+001	-9.080877e-002
3.553795e+001	-9.980885e-002
3.556644e+001	-1.095593e-001
3.582727e+001	-1.088050e-001
3.597193e+001	-1.133030e-001
3.626594e+001	-1.110481e-001
3.659315e+001	-1.072925e-001
3.647228e+001	-1.237959e-001
3.663353e+001	-1.275436e-001
3.674499e+001	-1.335428e-001
3.725475e+001	-1.215331e-001
3.739941e+001	-1.260311e-001
3.736151e+001	-1.387833e-001
3.752276e+001	-1.425310e-001
3.791634e+001	-1.357741e-001
3.826015e+001	-1.312681e-001
3.825545e+001	-1.425192e-001
3.893117e+001	-1.230061e-001
3.992220e+001	-8.923712e-002
4.026600e+001	-8.473118e-002
4.107449e+001	-5.921542e-002
4.121913e+001	-6.371392e-002
4.139698e+001	-6.671132e-002
4.157483e+001	-6.970872e-002
4.191863e+001	-6.520277e-002
4.234542e+001	-5.694470e-002
4.229092e+001	-7.044722e-002
4.226962e+001	-8.244863e-002
4.189982e+001	-1.102071e-001
4.313978e+001	-6.518305e-002
4.338401e+001	-6.517911e-002
4.322995e+001	-8.318320e-002
4.276057e+001	-1.154436e-001
4.303799e+001	-1.139390e-001
4.384647e+001	-8.842372e-002
4.390814e+001	-9.667345e-002
4.425195e+001	-9.216750e-002
4.406470e+001	-1.116723e-001
4.440850e+001	-1.071663e-001
4.456975e+001	-1.109140e-001
4.466462e+001	-1.176631e-001
4.477609e+001	-1.236618e-001
4.492074e+001	-1.281599e-001
4.523135e+001	-1.251546e-001
4.554197e+001	-1.221493e-001
4.568662e+001	-1.266474e-001
4.611340e+001	-1.183898e-001
4.617508e+001	-1.266395e-001
4.646910e+001	-1.243846e-001
4.646439e+001	-1.356361e-001
4.680819e+001	-1.311301e-001
4.683667e+001	-1.408805e-001
4.703112e+001	-1.431276e-001
4.714258e+001	-1.491264e-001
4.733703e+001	-1.513734e-001
4.769743e+001	-1.461171e-001
4.760975e+001	-1.611199e-001
4.745568e+001	-1.791240e-001
4.794884e+001	-1.678650e-001
4.849180e+001	-1.543550e-001
4.873602e+001	-1.543511e-001
4.854877e+001	-1.738558e-001
4.832832e+001	-1.948613e-001
4.882149e+001	-1.836023e-001
4.921508e+001	-1.768453e-001
4.985760e+001	-1.588334e-001
5.099800e+001	-1.183109e-001
5.198902e+001	-8.454192e-002
5.243240e+001	-7.553397e-002
5.317451e+001	-5.301954e-002
5.292086e+001	-7.552609e-002
5.299913e+001	-8.302548e-002
5.372463e+001	-6.126184e-002
5.428419e+001	-4.700109e-002
5.398076e+001	-7.175864e-002
5.385989e+001	-8.826205e-002
5.427007e+001	-8.075477e-002
5.418239e+001	-9.575751e-002
5.416109e+001	-1.077589e-001
5.402362e+001	-1.250127e-001
5.441721e+001	-1.182557e-001
5.482740e+001	-1.107484e-001
5.517120e+001	-1.062425e-001
5.510012e+001	-1.204949e-001
5.527796e+001	-1.234923e-001
5.580431e+001	-1.107327e-001
5.631408e+001	-9.872338e-002
5.733829e+001	-6.345371e-002
5.718423e+001	-8.145779e-002
5.726250e+001	-8.895719e-002
5.697568e+001	-1.129640e-001
5.803309e+001	-7.619361e-002
5.859263e+001	-6.193331e-002
5.862112e+001	-7.168373e-002
5.944620e+001	-4.541763e-002
5.987298e+001	-3.716000e-002
5.993466e+001	-4.540975e-002
6.021208e+001	-4.390513e-002
6.057248e+001	-3.864885e-002
6.055118e+001	-5.065025e-002
6.087839e+001	-4.689464e-002
6.163708e+001	-2.363032e-002
6.163238e+001	-3.488140e-002
6.176044e+001	-4.012980e-002
6.195488e+001	-4.237686e-002
6.204975e+001	-4.912593e-002
6.204504e+001	-6.037745e-002
6.255480e+001	-4.836771e-002
6.289861e+001	-4.386176e-002
6.317603e+001	-4.235714e-002
6.310494e+001	-5.660955e-002
6.329939e+001	-5.885662e-002
6.339425e+001	-6.560613e-002
6.421933e+001	-3.934003e-002
6.411506e+001	-5.509312e-002
6.434269e+001	-5.583951e-002
6.430479e+001	-6.859170e-002
6.428348e+001	-8.059312e-002
6.507538e+001	-5.582769e-002
6.490471e+001	-7.458256e-002
6.450171e+001	-1.038417e-001
6.509445e+001	-8.808068e-002
6.577017e+001	-6.856804e-002
6.598120e+001	-7.006477e-002
6.605948e+001	-7.756417e-002
6.615435e+001	-8.431325e-002
6.701262e+001	-5.654648e-002
6.758876e+001	-4.153584e-002
6.723554e+001	-6.854439e-002
6.749637e+001	-6.779011e-002
6.818868e+001	-4.752669e-002
6.834993e+001	-5.127442e-002
6.856097e+001	-5.277115e-002
6.825754e+001	-7.752869e-002
6.868432e+001	-6.927106e-002
6.858005e+001	-8.502415e-002
6.859194e+001	-9.552489e-002
6.895234e+001	-9.026861e-002
6.957826e+001	-7.300696e-002
6.957356e+001	-8.425804e-002
6.973482e+001	-8.800578e-002
6.986288e+001	-9.325418e-002
7.000753e+001	-9.775224e-002
7.011900e+001	-1.037510e-001
7.072833e+001	-8.723967e-002
7.085639e+001	-9.248807e-002
7.121679e+001	-8.723178e-002
7.164357e+001	-7.897416e-002
7.148950e+001	-9.697824e-002
7.128565e+001	-1.172333e-001
7.171244e+001	-1.089757e-001
7.212262e+001	-1.014684e-001
7.244983e+001	-9.771281e-002
7.206343e+001	-1.262216e-001
7.249021e+001	-1.179640e-001
7.295018e+001	-1.082057e-001
7.321101e+001	-1.074514e-001
7.362119e+001	-9.994411e-002
7.373266e+001	-1.059428e-001
7.336284e+001	-1.337017e-001
7.383942e+001	-1.231927e-001
7.376833e+001	-1.374455e-001
7.358107e+001	-1.569503e-001
7.425678e+001	-1.374376e-001
7.435165e+001	-1.441867e-001
7.477843e+001	-1.359291e-001
7.525501e+001	-1.254200e-001
7.530009e+001	-1.344205e-001
7.605878e+001	-1.111558e-001
7.641918e+001	-1.058995e-001
7.580044e+001	-1.449134e-001
7.617743e+001	-1.389067e-001
7.620591e+001	-1.486571e-001
7.616802e+001	-1.614089e-001
7.651182e+001	-1.569029e-001
7.677265e+001	-1.561487e-001
7.680114e+001	-1.658991e-001
7.769260e+001	-1.366321e-001
7.710705e+001	-1.741449e-001
7.748404e+001	-1.681383e-001
7.774486e+001	-1.673840e-001
7.790612e+001	-1.711317e-001
7.824992e+001	-1.666258e-001
7.812905e+001	-1.831292e-001
7.863881e+001	-1.711199e-001
7.865070e+001	-1.816206e-001
7.955875e+001	-1.516033e-001
8.109744e+001	-9.307281e-002
8.162380e+001	-8.031317e-002
8.218334e+001	-6.605287e-002
8.229480e+001	-7.205161e-002
8.277137e+001	-6.154298e-002
8.286624e+001	-6.829205e-002
8.282835e+001	-8.104380e-002
8.280705e+001	-9.304520e-002
8.348276e+001	-7.353256e-002
8.357763e+001	-8.028163e-002
8.352314e+001	-9.378371e-002
8.419885e+001	-7.427108e-002
8.422735e+001	-8.402148e-002
8.458774e+001	-7.876518e-002
8.499793e+001	-7.125790e-002
8.557408e+001	-5.624682e-002
8.571872e+001	-6.074533e-002
8.556466e+001	-7.874942e-002
8.541060e+001	-9.675351e-002
8.583738e+001	-8.849588e-002
8.619778e+001	-8.323960e-002
8.634243e+001	-8.773766e-002
8.676921e+001	-7.948004e-002
8.648239e+001	-1.034868e-001
8.725767e+001	-7.947215e-002
8.740233e+001	-8.397023e-002
8.736443e+001	-9.672196e-002
8.787419e+001	-8.471267e-002
8.798566e+001	-9.071140e-002
8.794777e+001	-1.034631e-001
8.819200e+001	-1.034592e-001
8.827027e+001	-1.109586e-001
8.858088e+001	-1.079533e-001
8.869235e+001	-1.139521e-001
8.895317e+001	-1.131978e-001
8.942974e+001	-1.026891e-001
8.969057e+001	-1.019349e-001
8.963607e+001	-1.154370e-001
8.986371e+001	-1.161834e-001
9.040666e+001	-1.026734e-001
9.010324e+001	-1.274305e-001
9.033086e+001	-1.281773e-001
9.032615e+001	-1.394284e-001
9.055379e+001	-1.401748e-001
9.073164e+001	-1.431722e-001
9.095927e+001	-1.439186e-001
9.140265e+001	-1.349106e-001
9.151412e+001	-1.409094e-001
9.150941e+001	-1.521604e-001
9.175364e+001	-1.521565e-001
9.211404e+001	-1.469002e-001
9.227529e+001	-1.506479e-001
9.288462e+001	-1.341366e-001
9.276375e+001	-1.506400e-001
9.277564e+001	-1.611408e-001
9.272115e+001	-1.746429e-001
9.316453e+001	-1.656349e-001
9.354152e+001	-1.596283e-001
9.347044e+001	-1.738807e-001
9.371467e+001	-1.738768e-001
9.357720e+001	-1.911305e-001
9.372186e+001	-1.956286e-001
9.343502e+001	-2.196358e-001
9.414392e+001	-1.986225e-001
9.463709e+001	-1.873631e-001
9.474856e+001	-1.933618e-001
9.519194e+001	-1.843539e-001
9.498808e+001	-2.046094e-001
9.471785e+001	-2.278658e-001
9.516123e+001	-2.188578e-001
9.562120e+001	-2.090995e-001
9.578245e+001	-2.128473e-001
9.581093e+001	-2.225977e-001
9.567346e+001	-2.398515e-001
9.689684e+001	-1.955773e-001
9.709127e+001	-1.978248e-001
9.706998e+001	-2.098262e-001
9.699889e+001	-2.240787e-001
9.732610e+001	-2.203230e-001
9.796862e+001	-2.023111e-001
9.791413e+001	-2.158132e-001
9.834091e+001	-2.075555e-001
9.831962e+001	-2.195569e-001
9.858044e+001	-2.188027e-001
9.870850e+001	-2.240511e-001
9.873699e+001	-2.338015e-001
9.869910e+001	-2.465532e-001
9.907609e+001	-2.405466e-001
9.887223e+001	-2.608017e-001
9.973050e+001	-2.330354e-001
9.964282e+001	-2.480381e-001
9.925641e+001	-2.765473e-001
9.974958e+001	-2.652879e-001
1.001100e+002	-2.600316e-001
1.000721e+002	-2.727838e-001
1.002167e+002	-2.772819e-001
1.002784e+002	-2.855316e-001
1.005724e+002	-2.832767e-001
1.011818e+002	-2.667654e-001
1.013098e+002	-2.720138e-001
1.013881e+002	-2.795132e-001
1.015991e+002	-2.810099e-001
1.019595e+002	-2.757536e-001
1.040459e+002	-1.924616e-001
1.059829e+002	-1.159231e-001
1.073722e+002	-6.414609e-002
1.071683e+002	-8.440118e-002
1.072632e+002	-9.115025e-002
1.074577e+002	-9.339731e-002
1.076687e+002	-9.489404e-002
1.083610e+002	-7.463107e-002
1.092857e+002	-4.386296e-002
1.099614e+002	-2.435031e-002
1.106869e+002	-2.586669e-003
1.108979e+002	-4.083401e-003
1.110758e+002	-7.080791e-003
1.124651e+002	4.469668e-002
1.124106e+002	3.119459e-002
1.122565e+002	1.319050e-002
1.118701e+002	-1.531870e-002
1.125624e+002	4.944262e-003
1.123586e+002	-1.531082e-002
1.121713e+002	-3.481557e-002
1.131458e+002	-1.796905e-003
1.137551e+002	1.471483e-002
1.134351e+002	-1.079304e-002
1.136295e+002	-1.304010e-002
1.132099e+002	-4.304954e-002
1.132716e+002	-5.129928e-002
1.138975e+002	-3.403764e-002
1.140920e+002	-3.628470e-002
1.144358e+002	-3.177875e-002
1.147630e+002	-2.802313e-002
1.153391e+002	-1.301250e-002
1.150191e+002	-3.851993e-002
1.157114e+002	-1.825695e-002
1.153416e+002	-4.601539e-002
1.155692e+002	-4.676179e-002
1.162782e+002	-2.574847e-002
1.162071e+002	-4.000089e-002
1.165675e+002	-3.474460e-002
1.169279e+002	-2.948832e-002
1.173380e+002	-2.198103e-002
1.178478e+002	-9.971730e-003
1.182414e+002	-3.214780e-003
1.185188e+002	-1.710162e-003
1.184145e+002	-1.746325e-002
1.185426e+002	-2.271165e-002
1.187536e+002	-2.420838e-002
1.189979e+002	-2.420443e-002
1.194744e+002	-1.369581e-002
1.200008e+002	-9.361701e-004
1.203612e+002	4.320099e-003
1.205556e+002	2.073043e-003
1.207169e+002	-1.674682e-003
1.208615e+002	-6.172742e-003
1.211556e+002	-3.917801e-003
1.216321e+002	6.590823e-003
1.220091e+002	1.259788e-002
1.217389e+002	-1.065898e-002
1.213525e+002	-3.916775e-002
1.220448e+002	-1.890478e-002
1.224882e+002	-9.896821e-003
1.226660e+002	-1.289421e-002
1.229600e+002	-1.063927e-002
1.230383e+002	-1.813867e-002
1.237804e+002	4.375299e-003
1.242404e+002	1.413403e-002
1.239204e+002	-1.137383e-002
1.235008e+002	-4.138327e-002
1.236122e+002	-4.738200e-002
1.241386e+002	-3.462237e-002
1.245156e+002	-2.861576e-002
1.247432e+002	-2.936214e-002
1.251866e+002	-2.035419e-002
1.249993e+002	-3.985895e-002
1.255257e+002	-2.709932e-002
1.261682e+002	-9.087338e-003
1.263295e+002	-1.283507e-002
1.265903e+002	-1.208079e-002
1.265856e+002	-2.333187e-002
1.270290e+002	-1.432391e-002
1.273230e+002	-1.206897e-002
1.277332e+002	-4.561672e-003
1.276953e+002	-1.731342e-002
1.280889e+002	-1.055646e-002
1.277190e+002	-3.831491e-002
1.278471e+002	-4.356331e-002
1.282573e+002	-3.605602e-002
1.280866e+002	-5.481044e-002
1.291275e+002	-1.879044e-002
1.297202e+002	-3.029471e-003
1.296989e+002	-1.503088e-002
1.297274e+002	-2.478128e-002
1.299384e+002	-2.627801e-002
1.307469e+002	-7.626955e-004
1.313562e+002	1.574905e-002
1.310860e+002	-7.507810e-003
1.309319e+002	-2.551191e-002
1.315745e+002	-7.499925e-003
1.315532e+002	-1.950134e-002
1.318140e+002	-1.874706e-002
1.324731e+002	1.523354e-005
1.325348e+002	-8.234489e-003
1.329284e+002	-1.477539e-003
1.331892e+002	-7.232669e-004
1.330351e+002	-1.872735e-002
1.330138e+002	-3.072876e-002
1.330921e+002	-3.822817e-002
1.337346e+002	-2.021619e-002
1.341116e+002	-1.420957e-002
1.343061e+002	-1.645663e-002
1.351311e+002	9.809014e-003
1.352094e+002	2.309603e-003
1.354204e+002	8.128826e-004
1.361460e+002	2.257697e-002
1.360085e+002	5.322777e-003
1.361034e+002	-1.426287e-003
1.362812e+002	-4.423678e-003
1.363927e+002	-1.042242e-002
1.367365e+002	-5.916461e-003
1.369143e+002	-8.913863e-003
1.369262e+002	-1.941460e-002
1.374526e+002	-6.654973e-003
1.374811e+002	-1.640538e-002
1.376423e+002	-2.015310e-002
1.382848e+002	-2.141130e-003
1.385290e+002	-2.137193e-003
1.391716e+002	1.587521e-002
1.394822e+002	1.888050e-002
1.392617e+002	-2.125359e-003
1.396553e+002	4.631579e-003
1.396008e+002	-8.870486e-003
1.399944e+002	-2.113536e-003
1.405374e+002	1.139643e-002
1.400846e+002	-2.011368e-002
1.402624e+002	-2.311107e-002
1.402743e+002	-3.361181e-002
1.407509e+002	-2.310319e-002
1.411113e+002	-1.784691e-002
1.414717e+002	-1.259062e-002
1.418321e+002	-7.334336e-003
1.416946e+002	-2.458809e-002
1.419389e+002	-2.458415e-002
1.418512e+002	-3.958689e-002
1.423941e+002	-2.607693e-002
1.431694e+002	-2.062273e-003
1.431647e+002	-1.331336e-002
1.427285e+002	-4.407313e-002
1.435868e+002	-1.630681e-002
1.439306e+002	-1.180085e-002
1.441084e+002	-1.479825e-002
1.440871e+002	-2.679966e-002
1.441986e+002	-3.279839e-002
1.447250e+002	-2.003876e-002
1.449194e+002	-2.228583e-002
1.451470e+002	-2.303222e-002
1.461049e+002	9.236102e-003
1.458678e+002	-1.251965e-002
1.461785e+002	-9.514368e-003
1.461737e+002	-2.076544e-002
1.460363e+002	-3.801919e-002
1.465958e+002	-2.375889e-002
1.469396e+002	-1.925295e-002
1.474162e+002	-8.744314e-003
1.476936e+002	-7.239708e-003
1.480208e+002	-3.484085e-003
1.473855e+002	-4.324788e-002
1.471484e+002	-6.500408e-002
1.480565e+002	-3.498632e-002
1.489148e+002	-7.219987e-003
1.493083e+002	-4.630378e-004
1.492041e+002	-1.621612e-002
1.490832e+002	-3.271955e-002
1.490453e+002	-4.547129e-002
1.492895e+002	-4.546734e-002
1.497661e+002	-3.495871e-002
1.501763e+002	-2.745143e-002
1.506031e+002	-1.919380e-002
1.507643e+002	-2.294154e-002
1.509754e+002	-2.443826e-002
1.511864e+002	-2.593499e-002
1.512813e+002	-3.268405e-002
1.514093e+002	-3.793246e-002
1.519025e+002	-2.667349e-002
1.525616e+002	-7.911185e-003
1.527892e+002	-8.657571e-003
1.530999e+002	-5.652295e-003
1.533939e+002	-3.397342e-003
1.535551e+002	-7.145079e-003
1.535338e+002	-1.914648e-002
1.534461e+002	-3.414924e-002
1.536738e+002	-3.489563e-002
1.540674e+002	-2.813868e-002
1.545937e+002	-1.537904e-002
1.551367e+002	-1.869078e-003
1.554307e+002	3.858514e-004
1.561230e+002	2.064927e-002
1.558860e+002	-1.106921e-003
1.561800e+002	1.148020e-003
1.561753e+002	-1.010304e-002
1.565855e+002	-2.595756e-003
1.568297e+002	-2.591819e-003
1.564931e+002	-2.884959e-002
1.569530e+002	-1.909129e-002
1.565998e+002	-4.609940e-002
1.571926e+002	-3.033842e-002
1.576194e+002	-2.208080e-002
1.584444e+002	4.184840e-003
1.588712e+002	1.244292e-002
1.589993e+002	7.194064e-003
1.595256e+002	1.995414e-002
1.598196e+002	2.220909e-002
1.594166e+002	-7.050450e-003
1.593953e+002	-1.905186e-002
1.595068e+002	-2.505060e-002
1.601493e+002	-7.038627e-003
1.605097e+002	-1.782335e-003
1.605548e+002	-1.078241e-002
1.605335e+002	-2.278382e-002
1.607943e+002	-2.202954e-002
1.612709e+002	-1.152092e-002
1.615815e+002	-8.515640e-003
1.619087e+002	-4.760017e-003
1.622359e+002	-1.004406e-003
1.625631e+002	2.751204e-003
1.623261e+002	-1.900455e-002
1.629354e+002	-2.493242e-003
1.630469e+002	-8.491982e-003
1.630090e+002	-2.124372e-002
1.634690e+002	-1.148543e-002
1.634809e+002	-2.198617e-002
1.636919e+002	-2.348289e-002
1.644008e+002	-2.469584e-003
1.646450e+002	-2.465647e-003
1.648561e+002	-3.962368e-003
1.648182e+002	-1.671412e-002
1.647803e+002	-2.946586e-002
1.651739e+002	-2.270891e-002
1.654679e+002	-2.045396e-002
1.660606e+002	-4.692994e-003
1.661389e+002	-1.219239e-002
1.664329e+002	-9.937451e-003
1.662623e+002	-2.869187e-002
1.663903e+002	-3.394026e-002
1.668005e+002	-2.643298e-002
1.669452e+002	-3.093104e-002
1.674383e+002	-1.967208e-002
1.677655e+002	-1.591647e-002
1.685574e+002	8.848510e-003
1.684199e+002	-8.405239e-003
1.684650e+002	-1.740531e-002
1.685765e+002	-2.340405e-002
1.690033e+002	-1.514642e-002
1.688824e+002	-3.164984e-002
1.687781e+002	-4.740293e-002
1.693709e+002	-3.164196e-002
1.697147e+002	-2.713600e-002
1.702576e+002	-1.362604e-002
1.703027e+002	-2.262611e-002
1.708291e+002	-9.866480e-003
1.710069e+002	-1.286387e-002
1.714503e+002	-3.855916e-003
1.715451e+002	-1.060498e-002
1.721047e+002	3.655305e-003
1.717681e+002	-2.260245e-002
1.717468e+002	-3.460387e-002
1.718748e+002	-3.985226e-002
1.725174e+002	-2.184029e-002
1.727118e+002	-2.408735e-002
1.735369e+002	2.178293e-003
1.736483e+002	-3.820425e-003
1.735607e+002	-1.882318e-002
1.735394e+002	-3.082459e-002
1.743478e+002	-5.309271e-003
1.744925e+002	-9.807331e-003
1.742886e+002	-3.006243e-002
1.750971e+002	-4.547102e-003
1.751256e+002	-1.429752e-002
1.757018e+002	7.131035e-004
1.756473e+002	-1.278896e-002
1.752609e+002	-4.129773e-002
1.758038e+002	-2.778777e-002
1.762970e+002	-1.652880e-002
1.763255e+002	-2.627921e-002
1.769016e+002	-1.126857e-002
1.772952e+002	-4.511622e-003
1.772075e+002	-1.951437e-002
1.780326e+002	6.751273e-003
1.780943e+002	-1.498461e-003
1.781061e+002	-1.199920e-002
1.779853e+002	-2.850261e-002
1.783291e+002	-2.399667e-002
1.784240e+002	-3.074573e-002
1.791163e+002	-1.048276e-002
1.790452e+002	-2.473517e-002
1.793890e+002	-2.022922e-002
1.795336e+002	-2.472728e-002
1.799438e+002	-1.722000e-002
1.799889e+002	-2.622007e-002
1.810131e+002	9.049591e-003
1.808093e+002	-1.120549e-002
1.809042e+002	-1.795456e-002
1.807833e+002	-3.445797e-002
1.815254e+002	-1.194400e-002
1.822509e+002	9.819635e-003
1.822296e+002	-2.181761e-003
1.822581e+002	-1.193217e-002
1.820542e+002	-3.218726e-002
1.828959e+002	-5.171277e-003
1.824265e+002	-3.743172e-002
1.825048e+002	-4.493112e-002
1.836120e+002	-5.909777e-003
1.836736e+002	-1.415952e-002
1.834864e+002	-3.366428e-002
1.838302e+002	-2.915832e-002
1.836263e+002	-4.941342e-002
1.840033e+002	-4.340679e-002
1.846956e+002	-2.314382e-002
1.848071e+002	-2.914255e-002
1.850181e+002	-3.063928e-002
1.853453e+002	-2.688366e-002
1.864027e+002	9.886669e-003
1.864976e+002	3.137594e-003
1.867086e+002	1.640873e-003
1.861729e+002	-3.362090e-002
1.866992e+002	-2.086127e-002
1.873251e+002	-3.599636e-003
1.869387e+002	-3.210841e-002
1.869008e+002	-4.486015e-002
1.871949e+002	-4.260521e-002
1.874059e+002	-4.410193e-002
1.879654e+002	-2.984163e-002
1.884586e+002	-1.858267e-002
1.890845e+002	-1.321026e-003
1.889470e+002	-1.857479e-002
1.892411e+002	-1.631983e-002
1.897840e+002	-2.809872e-003
1.901278e+002	1.696073e-003
1.902725e+002	-2.801987e-003
1.903507e+002	-1.030139e-002
1.902962e+002	-2.380347e-002
1.908558e+002	-9.543165e-003
1.912162e+002	-4.286885e-003
1.913442e+002	-9.535279e-003
1.912399e+002	-2.528837e-002
1.915340e+002	-2.303342e-002
1.921765e+002	-5.021448e-003
1.919560e+002	-2.602687e-002
1.927147e+002	-2.762558e-003
1.931249e+002	4.744715e-003
1.925227e+002	-3.351840e-002
1.929661e+002	-2.451043e-002
1.933099e+002	-2.000448e-002
1.941848e+002	8.512160e-003
1.938150e+002	-1.924626e-002
1.933622e+002	-5.075637e-002
1.941375e+002	-2.674173e-002
1.950621e+002	4.025923e-003
1.948915e+002	-1.472848e-002
1.952684e+002	-8.721870e-003
1.955624e+002	-6.466917e-003
1.959560e+002	2.900209e-004
1.965322e+002	1.530110e-002
1.957475e+002	-3.121613e-002
1.959087e+002	-3.496387e-002
1.967172e+002	-9.448548e-003
1.967789e+002	-1.769828e-002
1.965750e+002	-3.795337e-002
1.971346e+002	-2.369307e-002
1.975282e+002	-1.693612e-002
1.976728e+002	-2.143418e-002
1.974689e+002	-4.168927e-002
1.983106e+002	-1.467329e-002
1.990029e+002	5.589678e-003
1.993965e+002	1.234664e-002
1.992756e+002	-4.156776e-003
1.996028e+002	-4.011536e-004
1.998471e+002	-3.972165e-004
2.000747e+002	-1.143603e-003
1.997547e+002	-2.665105e-002
1.995010e+002	-4.915714e-002
2.001933e+002	-2.889416e-002
2.011346e+002	2.623831e-003
2.016277e+002	1.388323e-002
2.019881e+002	1.913951e-002
2.020000e+002	8.638331e-003
2.019455e+002	-4.863733e-003
2.021731e+002	-5.610131e-003
2.022680e+002	-1.235919e-002
2.025454e+002	-1.085459e-002
2.028560e+002	-7.849301e-003
2.028016e+002	-2.135139e-002
2.030458e+002	-2.134744e-002
2.034062e+002	-1.609116e-002
2.031027e+002	-4.084826e-002
2.033138e+002	-4.234499e-002
2.038899e+002	-2.733435e-002
2.044826e+002	-1.157338e-002
2.043286e+002	-2.957747e-002
2.051703e+002	-2.561478e-003
2.060617e+002	2.670595e-002
2.057749e+002	2.698740e-003
2.057038e+002	-1.155366e-002
2.061140e+002	-4.046376e-003
2.068229e+002	1.696737e-002
2.065194e+002	-7.790163e-003
2.063820e+002	-2.504391e-002
2.065432e+002	-2.879165e-002
2.068538e+002	-2.578636e-002
2.075959e+002	-3.272384e-003
2.080891e+002	7.986563e-003
2.081507e+002	-2.631591e-004
2.074656e+002	-4.227796e-002
2.079422e+002	-3.176933e-002
2.084685e+002	-1.900970e-002
2.092106e+002	3.504275e-003
2.097038e+002	1.476368e-002
2.094170e+002	-9.243518e-003
2.094952e+002	-1.674293e-002
2.094905e+002	-2.799400e-002
2.100003e+002	-1.598471e-002
2.109581e+002	1.628406e-002
2.113019e+002	2.079001e-002
2.109155e+002	-7.719192e-003
2.106950e+002	-2.872463e-002
2.111052e+002	-2.121733e-002
2.114822e+002	-1.521072e-002
2.116269e+002	-1.970878e-002
2.116554e+002	-2.945919e-002
2.118830e+002	-3.020558e-002
2.126085e+002	-8.441932e-003
2.125706e+002	-2.119367e-002
2.134454e+002	7.322971e-003
2.132416e+002	-1.293211e-002
2.131705e+002	-2.718453e-002
2.136803e+002	-1.517522e-002
2.134598e+002	-3.618066e-002
2.141189e+002	-1.741834e-002
2.144793e+002	-1.216206e-002
2.144248e+002	-2.566414e-002
2.151171e+002	-5.401165e-003
2.150959e+002	-1.740257e-002
2.149252e+002	-3.615700e-002
2.148541e+002	-5.040941e-002
2.158285e+002	-1.739075e-002
2.159566e+002	-2.263914e-002
2.165493e+002	-6.878177e-003
2.167770e+002	-7.624563e-003
2.175357e+002	1.564019e-002
2.174646e+002	1.387316e-003
2.171611e+002	-2.336977e-002
2.173058e+002	-2.786783e-002
2.178487e+002	-1.435787e-002
2.180100e+002	-1.810559e-002
2.181049e+002	-2.485467e-002
2.191125e+002	9.664655e-003
2.193235e+002	8.167934e-003
2.193022e+002	-3.833472e-003
2.195962e+002	-1.578520e-003
2.200728e+002	8.930092e-003
2.200681e+002	-2.320969e-003
2.205613e+002	8.937978e-003
2.200919e+002	-2.332246e-002
2.199378e+002	-4.132654e-002
2.208292e+002	-1.205955e-002
2.211399e+002	-9.054272e-003
2.214173e+002	-7.549654e-003
2.219768e+002	6.710631e-003
2.218892e+002	-8.292103e-003
2.216853e+002	-2.854719e-002
2.220955e+002	-2.103991e-002
2.226218e+002	-8.280280e-003
2.225839e+002	-2.103202e-002
2.229111e+002	-1.727641e-002
2.230724e+002	-2.102414e-002
2.237813e+002	-1.082714e-005
2.239094e+002	-5.259221e-003
2.236723e+002	-2.701498e-002
2.241323e+002	-1.725669e-002
2.247250e+002	-1.495725e-003
2.247037e+002	-1.349713e-002
2.254790e+002	1.051750e-002
2.249101e+002	-2.624494e-002
2.251709e+002	-2.549067e-002
2.254151e+002	-2.548672e-002
2.255100e+002	-3.223578e-002
2.257708e+002	-3.148151e-002
2.261644e+002	-2.472456e-002
2.263256e+002	-2.847228e-002
2.276984e+002	2.255485e-002
2.278596e+002	1.880711e-002
2.269587e+002	-3.296246e-002
2.274519e+002	-2.170350e-002
2.282438e+002	3.061472e-003
2.279570e+002	-2.094528e-002
2.274876e+002	-5.320572e-002
2.284122e+002	-2.243806e-002
2.284905e+002	-2.993747e-002
2.288841e+002	-2.318051e-002
2.291449e+002	-2.242624e-002
2.294555e+002	-1.942095e-002
2.293180e+002	-3.667471e-002
2.301597e+002	-9.658716e-003
2.302546e+002	-1.640779e-002
2.304158e+002	-2.015552e-002
2.306435e+002	-2.090191e-002
2.310370e+002	-1.414495e-002
2.311817e+002	-1.864302e-002
2.312600e+002	-2.614242e-002
2.320353e+002	-2.127774e-003
2.318978e+002	-1.938152e-002
2.325403e+002	-1.369553e-003
2.332990e+002	2.189519e-002
2.328628e+002	-8.865015e-003
2.336879e+002	1.740107e-002
2.339321e+002	1.740502e-002
2.338278e+002	1.651483e-003
2.333750e+002	-2.985862e-002
2.338682e+002	-1.859965e-002
2.347597e+002	1.066733e-002
2.346720e+002	-4.335412e-003
2.346175e+002	-1.783749e-002
2.355753e+002	1.443128e-002
2.361349e+002	2.869157e-002
2.360140e+002	1.218771e-002
2.359429e+002	-2.064688e-003
2.356395e+002	-2.682178e-002
2.360663e+002	-1.856417e-002
2.364267e+002	-1.330787e-002
2.365879e+002	-1.705561e-002
2.366994e+002	-2.305434e-002
2.369436e+002	-2.305040e-002
2.375529e+002	-6.539102e-003
2.374818e+002	-2.079151e-002
2.379916e+002	-8.782221e-003
2.386839e+002	1.148075e-002
2.382809e+002	-1.777835e-002
2.378447e+002	-4.853812e-002
2.385038e+002	-2.977581e-002
2.391795e+002	-1.026317e-002
2.397225e+002	3.246781e-003
2.392531e+002	-2.901365e-002
2.395471e+002	-2.675870e-002
2.401731e+002	-9.497064e-003
2.406662e+002	1.761883e-003
2.410764e+002	9.269178e-003
2.404245e+002	-3.124494e-002
2.409674e+002	-1.773497e-002
2.414108e+002	-8.727020e-003
2.421861e+002	1.528806e-002
2.423639e+002	1.229023e-002
2.420937e+002	-1.096619e-002
2.426200e+002	1.793426e-003
2.423498e+002	-2.146299e-002
2.427600e+002	-1.395571e-002
