0.000000e+000	3.566433e+002
-1.806481e-002	3.528443e+002
-3.340778e-003	3.495203e+002
-1.033662e-001	3.445338e+002
-1.214176e-001	3.407350e+002
-1.066936e-001	3.374110e+002
-1.903284e-001	3.326620e+002
-1.592157e-001	3.295755e+002
-1.772671e-001	3.257767e+002
-1.297638e-001	3.229277e+002
-1.969965e-001	3.184163e+002
-1.822725e-001	3.150923e+002
-1.839506e-001	3.115307e+002
-3.167533e-001	3.060693e+002
-3.020274e-001	3.027454e+002
-1.889407e-001	3.008466e+002
-2.725774e-001	2.960975e+002
-2.906441e-001	2.922985e+002
-2.103348e-001	2.899248e+002
-1.628334e-001	2.870757e+002
-2.464682e-001	2.823267e+002
-2.973142e-001	2.780527e+002
-3.317696e-001	2.740162e+002
-3.006397e-001	2.709299e+002
-3.842764e-001	2.661809e+002
-4.843018e-001	2.611944e+002
-3.876019e-001	2.590581e+002
-4.712405e-001	2.543090e+002
-4.893053e-001	2.505100e+002
-5.401513e-001	2.462361e+002
-5.746048e-001	2.421996e+002
-5.762694e-001	2.386382e+002
-6.271135e-001	2.343643e+002
-5.959989e-001	2.312778e+002
-5.648852e-001	2.281913e+002
-5.993263e-001	2.241550e+002
-6.993507e-001	2.191685e+002
-6.026680e-001	2.170320e+002
-5.715544e-001	2.139455e+002
-6.387861e-001	2.094342e+002
-6.240611e-001	2.061102e+002
-6.093352e-001	2.027863e+002
-5.946111e-001	1.994623e+002
-5.798862e-001	1.961384e+002
-6.143416e-001	1.921019e+002
-5.832279e-001	1.890154e+002
-5.029185e-001	1.866417e+002
-5.865543e-001	1.818927e+002
-6.046210e-001	1.780936e+002
-5.734920e-001	1.750073e+002
-5.587671e-001	1.716834e+002
-4.292907e-001	1.700221e+002
-3.817893e-001	1.671730e+002
-1.211605e-001	1.674119e+002
-8.089058e-003	1.655128e+002
2.304089e-002	1.624266e+002
1.689040e-001	1.610026e+002
3.147681e-001	1.595787e+002
1.983540e-001	1.543548e+002
1.638986e-001	1.503183e+002
1.786236e-001	1.469943e+002
2.261412e-001	1.441455e+002
1.261158e-001	1.391590e+002
2.883695e-001	1.379726e+002
2.703172e-001	1.341737e+002
2.194731e-001	1.298998e+002
2.669754e-001	1.270507e+002
2.980891e-001	1.239642e+002
3.783995e-001	1.215905e+002
4.422895e-001	1.189789e+002
3.422641e-001	1.139924e+002
4.389621e-001	1.118562e+002
4.700768e-001	1.087697e+002
3.864400e-001	1.040206e+002
3.847773e-001	1.004592e+002
4.650713e-001	9.808532e+001
5.125880e-001	9.523649e+001
5.437026e-001	9.215000e+001
6.567894e-001	9.025120e+001
6.551247e-001	8.668981e+001
6.534467e-001	8.312821e+001
6.845766e-001	8.004194e+001
6.828986e-001	7.648034e+001
5.337071e-001	7.078149e+001
5.156404e-001	6.698244e+001
3.828223e-001	6.152083e+001
4.795223e-001	5.938457e+001
6.253845e-001	5.796065e+001
6.729031e-001	5.511182e+001
4.253355e-001	4.798764e+001
4.072841e-001	4.418881e+001
6.842863e-001	4.466491e+001
6.498309e-001	4.062841e+001
8.612784e-001	4.015472e+001
8.760044e-001	3.683078e+001
8.415490e-001	3.279428e+001
9.382317e-001	3.065781e+001
1.166068e+000	3.042156e+001
1.262766e+000	2.828530e+001
1.113561e+000	2.258623e+001
1.062717e+000	1.831229e+001
1.274149e+000	1.783838e+001
1.305264e+000	1.475189e+001
1.139668e+000	8.815379e+000
1.203576e+000	6.204005e+000
1.169120e+000	2.167506e+000
1.151069e+000	-1.631317e+000
1.149389e+000	-5.192921e+000
1.082156e+000	-9.704310e+000
1.211632e+000	-1.136567e+001
1.619789e+000	-8.989346e+000
1.995152e+000	-7.088132e+000
2.190198e+000	-7.799495e+000
2.204922e+000	-1.112343e+001
2.416371e+000	-1.159712e+001
2.267164e+000	-1.729619e+001
2.298279e+000	-2.038267e+001
2.247435e+000	-2.465662e+001
2.278548e+000	-2.774310e+001
2.194928e+000	-3.249194e+001
2.455542e+000	-3.225329e+001
2.666974e+000	-3.272721e+001
2.550560e+000	-3.795116e+001
2.778398e+000	-3.818740e+001
3.071804e+000	-3.747364e+001
3.020960e+000	-4.174758e+001
3.068461e+000	-4.459663e+001
3.083187e+000	-4.792056e+001
3.081524e+000	-5.148194e+001
3.276568e+000	-5.219331e+001
3.242113e+000	-5.622980e+001
3.601087e+000	-5.456603e+001
3.828925e+000	-5.480228e+001
3.515789e+000	-6.287647e+001
3.678055e+000	-6.406272e+001
3.774738e+000	-6.619921e+001
4.117326e+000	-6.477289e+001
4.492689e+000	-6.287167e+001
4.950027e+000	-5.978278e+001
5.325391e+000	-5.788156e+001
5.586004e+000	-5.764292e+001
5.502383e+000	-6.239176e+001
5.615469e+000	-6.429057e+001
5.433472e+000	-7.046475e+001
5.661310e+000	-7.070099e+001
5.708812e+000	-7.355003e+001
5.723535e+000	-7.687397e+001
6.525123e+000	-6.879738e+001
7.031641e+000	-6.499593e+001
6.948004e+000	-6.974498e+001
7.552869e+000	-6.451863e+001
9.042956e+000	-4.646663e+001
9.549459e+000	-4.266541e+001
1.025268e+001	-3.601393e+001
1.062806e+001	-3.411250e+001
1.095425e+001	-3.292384e+001
1.126404e+001	-3.197264e+001
1.147549e+001	-3.244633e+001
1.163774e+001	-3.363280e+001
1.125903e+001	-4.265700e+001
1.132294e+001	-4.526838e+001
1.197699e+001	-3.932947e+001
1.212287e+001	-4.075316e+001
1.230152e+001	-4.170198e+001
1.192282e+001	-5.072617e+001
1.308504e+001	-3.742443e+001
1.362434e+001	-3.314809e+001
1.396692e+001	-3.172176e+001
1.434229e+001	-2.982055e+001
1.422587e+001	-3.504450e+001
1.392913e+001	-4.288125e+001
1.466514e+001	-3.575466e+001
1.527001e+001	-3.052831e+001
1.508803e+001	-3.670227e+001
1.495521e+001	-4.216388e+001
1.569123e+001	-3.503730e+001
1.600102e+001	-3.408609e+001
1.598295e+001	-3.788514e+001
1.648947e+001	-3.408369e+001
1.670090e+001	-3.455761e+001
1.743692e+001	-2.743102e+001
1.789424e+001	-2.434235e+001
1.813847e+001	-2.434115e+001
1.812042e+001	-2.813998e+001
1.805317e+001	-3.265159e+001
1.864165e+001	-2.766269e+001
1.854162e+001	-3.264919e+001
1.811375e+001	-4.238573e+001
1.884975e+001	-3.525936e+001
1.870055e+001	-4.095843e+001
1.915788e+001	-3.786954e+001
1.945129e+001	-3.715578e+001
1.928569e+001	-4.309229e+001
1.966106e+001	-4.119107e+001
1.947908e+001	-4.736503e+001
2.010033e+001	-4.190123e+001
2.039373e+001	-4.118747e+001
2.037568e+001	-4.498630e+001
2.048876e+001	-4.688534e+001
2.107723e+001	-4.189643e+001
2.071493e+001	-5.068296e+001
2.145093e+001	-4.355660e+001
2.161320e+001	-4.474285e+001
2.187381e+001	-4.450421e+001
2.154429e+001	-5.281585e+001
2.116558e+001	-6.184005e+001
2.180324e+001	-5.613858e+001
2.229335e+001	-5.257480e+001
2.201301e+001	-6.017387e+001
2.207691e+001	-6.278524e+001
2.235393e+001	-6.230894e+001
2.223752e+001	-6.753288e+001
2.261288e+001	-6.563167e+001
2.262761e+001	-6.895560e+001
2.298658e+001	-6.729184e+001
2.313245e+001	-6.871576e+001
2.344224e+001	-6.776455e+001
2.327664e+001	-7.370107e+001
2.352087e+001	-7.369986e+001
2.371591e+001	-7.441122e+001
2.364868e+001	-7.892261e+001
2.384373e+001	-7.963397e+001
2.512070e+001	-6.466967e+001
2.566000e+001	-6.039332e+001
2.588784e+001	-6.062956e+001
2.641074e+001	-5.659067e+001
2.711397e+001	-4.993920e+001
2.707951e+001	-5.397569e+001
2.722538e+001	-5.539961e+001
2.771549e+001	-5.183583e+001
2.810726e+001	-4.969695e+001
2.838426e+001	-4.922086e+001
2.857932e+001	-4.993200e+001
2.874157e+001	-5.111847e+001
2.893662e+001	-5.182983e+001
2.916445e+001	-5.206608e+001
2.962179e+001	-4.897719e+001
3.012829e+001	-4.517596e+001
3.009384e+001	-4.921245e+001
3.028889e+001	-4.992359e+001
3.022165e+001	-5.443520e+001
3.076094e+001	-5.015886e+001
3.079207e+001	-5.324513e+001
3.138055e+001	-4.825622e+001
3.183787e+001	-4.516755e+001
3.160671e+001	-5.205407e+001
3.221157e+001	-4.682773e+001
3.278366e+001	-4.207627e+001
3.347049e+001	-3.566224e+001
3.386225e+001	-3.352358e+001
3.472940e+001	-2.449698e+001
3.461299e+001	-2.972093e+001
3.459492e+001	-3.351998e+001
3.511783e+001	-2.948108e+001
3.539484e+001	-2.900477e+001
3.536039e+001	-3.304126e+001
3.560461e+001	-3.304006e+001
3.565212e+001	-3.588911e+001
3.628977e+001	-3.018764e+001
3.664875e+001	-2.852387e+001
3.695854e+001	-2.757267e+001
3.656345e+001	-3.683431e+001
3.661097e+001	-3.968314e+001
3.687158e+001	-3.944449e+001
3.744367e+001	-3.469303e+001
3.758953e+001	-3.611695e+001
3.744033e+001	-4.181601e+001
3.781571e+001	-3.991458e+001
3.815828e+001	-3.848848e+001
3.843530e+001	-3.801216e+001
3.835166e+001	-4.276122e+001
3.856311e+001	-4.323491e+001
3.824997e+001	-5.130911e+001
3.836306e+001	-5.320792e+001
3.900070e+001	-4.750668e+001
3.873676e+001	-5.486809e+001
3.898098e+001	-5.486689e+001
3.919242e+001	-5.534080e+001
3.928910e+001	-5.747728e+001
3.933662e+001	-6.032610e+001
4.013820e+001	-5.224951e+001
4.018570e+001	-5.509855e+001
4.031518e+001	-5.675992e+001
4.037909e+001	-5.937129e+001
4.042661e+001	-6.222012e+001
4.057247e+001	-6.364404e+001
4.139044e+001	-5.533000e+001
4.204449e+001	-4.939108e+001
4.322310e+001	-3.585190e+001
4.330341e+001	-3.822560e+001
4.256405e+001	-5.247518e+001
4.293943e+001	-5.057374e+001
4.436394e+001	-3.347197e+001
4.606714e+001	-1.233228e+001
4.657364e+001	-8.531052e+000
4.671950e+001	-9.954973e+000
4.642277e+001	-1.779150e+001
4.688011e+001	-1.470261e+001
4.715711e+001	-1.422651e+001
4.684399e+001	-2.230048e+001
4.707181e+001	-2.253695e+001
4.718489e+001	-2.443577e+001
4.744551e+001	-2.419712e+001
4.801759e+001	-1.944566e+001
4.842575e+001	-1.706934e+001
4.889948e+001	-1.374300e+001
4.897977e+001	-1.611693e+001
4.919120e+001	-1.659084e+001
4.948461e+001	-1.587708e+001
4.920427e+001	-2.347616e+001
4.941571e+001	-2.394985e+001
5.021729e+001	-1.587348e+001
5.057626e+001	-1.420971e+001
5.052542e+001	-1.848365e+001
5.055655e+001	-2.156992e+001
5.063684e+001	-2.394385e+001
5.145482e+001	-1.562981e+001
5.197771e+001	-1.159113e+001
5.251702e+001	-7.314569e+000
5.235141e+001	-1.325130e+001
5.230056e+001	-1.752525e+001
5.287265e+001	-1.277379e+001
5.267427e+001	-1.918541e+001
5.313160e+001	-1.609652e+001
5.332664e+001	-1.680788e+001
5.339055e+001	-1.941926e+001
5.374953e+001	-1.775549e+001
5.407571e+001	-1.656683e+001
5.454944e+001	-1.324050e+001
5.451500e+001	-1.727677e+001
5.446415e+001	-2.155072e+001
5.544604e+001	-1.086177e+001
5.534602e+001	-1.584827e+001
5.490174e+001	-2.582248e+001
5.534269e+001	-2.297104e+001
5.540660e+001	-2.558241e+001
5.573278e+001	-2.439375e+001
5.638682e+001	-1.845485e+001
5.622123e+001	-2.439136e+001
5.638350e+001	-2.557761e+001
5.649657e+001	-2.747665e+001
5.695391e+001	-2.438776e+001
5.846038e+001	-6.098311e+000
5.855707e+001	-8.234791e+000
5.834229e+001	-1.488386e+001
5.827506e+001	-1.939525e+001
5.807667e+001	-2.580688e+001
5.848483e+001	-2.343055e+001
5.931919e+001	-1.487906e+001
5.931753e+001	-1.844044e+001
5.933225e+001	-2.176438e+001
5.977321e+001	-1.891293e+001
6.013218e+001	-1.724917e+001
6.040918e+001	-1.677307e+001
6.027638e+001	-2.223447e+001
6.040585e+001	-2.389584e+001
6.104349e+001	-1.819459e+001
6.073037e+001	-2.626857e+001
6.090903e+001	-2.721737e+001
6.067785e+001	-3.410411e+001
6.093848e+001	-3.386524e+001
6.175646e+001	-2.555120e+001
6.234493e+001	-2.056230e+001
6.209736e+001	-2.768648e+001
6.209570e+001	-3.124787e+001
6.245467e+001	-2.958410e+001
6.251858e+001	-3.219548e+001
6.294313e+001	-2.958170e+001
6.281031e+001	-3.504331e+001
6.336601e+001	-3.052930e+001
6.369219e+001	-2.934065e+001
6.403478e+001	-2.791433e+001
6.445932e+001	-2.530055e+001
6.442487e+001	-2.933705e+001
6.473466e+001	-2.838584e+001
6.438875e+001	-3.693493e+001
6.502641e+001	-3.123346e+001
6.510670e+001	-3.360739e+001
6.502307e+001	-3.835645e+001
6.580826e+001	-3.051730e+001
6.598692e+001	-3.146611e+001
6.564099e+001	-4.001542e+001
6.636062e+001	-3.312628e+001
6.634255e+001	-3.692533e+001
6.684907e+001	-3.312388e+001
6.673264e+001	-3.834804e+001
6.671459e+001	-4.214688e+001
6.733584e+001	-3.668308e+001
6.731779e+001	-4.048191e+001
6.739808e+001	-4.285583e+001
6.797017e+001	-3.810438e+001
6.770622e+001	-4.546601e+001
6.803240e+001	-4.427736e+001
6.817826e+001	-4.570128e+001
6.865199e+001	-4.237494e+001
6.892900e+001	-4.189862e+001
6.920602e+001	-4.142231e+001
6.907320e+001	-4.688393e+001
6.936661e+001	-4.617017e+001
6.977477e+001	-4.379384e+001
6.993702e+001	-4.498031e+001
7.013207e+001	-4.569167e+001
7.034351e+001	-4.616536e+001
7.007956e+001	-5.352700e+001
7.068442e+001	-4.830065e+001
7.109258e+001	-4.592432e+001
7.151712e+001	-4.331054e+001
7.130235e+001	-4.995962e+001
7.110398e+001	-5.637102e+001
7.175802e+001	-5.043211e+001
7.195307e+001	-5.114347e+001
7.252515e+001	-4.639201e+001
7.260545e+001	-4.876594e+001
7.284967e+001	-4.876474e+001
7.306111e+001	-4.923865e+001
7.286272e+001	-5.565028e+001
7.289385e+001	-5.873654e+001
7.364626e+001	-5.137251e+001
7.330033e+001	-5.992182e+001
7.392159e+001	-5.445780e+001
7.511660e+001	-4.068116e+001
7.652473e+001	-2.381662e+001
7.685091e+001	-2.262796e+001
7.743939e+001	-1.763906e+001
7.750329e+001	-2.025044e+001
7.769834e+001	-2.096180e+001
7.754913e+001	-2.666086e+001
7.800647e+001	-2.357197e+001
7.767694e+001	-3.188361e+001
7.777363e+001	-3.402009e+001
7.882110e+001	-2.238092e+001
7.899975e+001	-2.332972e+001
7.885055e+001	-2.902879e+001
7.917675e+001	-2.783991e+001
7.973243e+001	-2.332612e+001
7.969798e+001	-2.736262e+001
8.002417e+001	-2.617374e+001
8.062904e+001	-2.094739e+001
8.061099e+001	-2.474622e+001
8.052735e+001	-2.949528e+001
8.091910e+001	-2.735662e+001
8.137644e+001	-2.426773e+001
8.126003e+001	-2.949168e+001
8.142228e+001	-3.067815e+001
8.160094e+001	-3.162696e+001
8.243531e+001	-2.307525e+001
8.248281e+001	-2.592429e+001
8.267786e+001	-2.663565e+001
8.239752e+001	-3.423473e+001
8.267453e+001	-3.375842e+001
8.314826e+001	-3.043208e+001
8.303183e+001	-3.565625e+001
8.325967e+001	-3.589250e+001
8.371700e+001	-3.280361e+001
8.448580e+001	-2.520213e+001
8.481198e+001	-2.401348e+001
8.481032e+001	-2.757486e+001
8.489062e+001	-2.994879e+001
8.485616e+001	-3.398528e+001
8.542825e+001	-2.923383e+001
8.586920e+001	-2.638238e+001
8.567081e+001	-3.279401e+001
8.591503e+001	-3.279281e+001
8.601172e+001	-3.492929e+001
8.650185e+001	-3.136529e+001
8.682803e+001	-3.017663e+001
8.694111e+001	-3.207544e+001
8.680830e+001	-3.753706e+001
8.713450e+001	-3.634819e+001
8.765739e+001	-3.230951e+001
8.745901e+001	-3.872092e+001
8.750652e+001	-4.156996e+001
8.786549e+001	-3.990619e+001
8.797858e+001	-4.180500e+001
8.828837e+001	-4.085380e+001
8.813917e+001	-4.655286e+001
8.876044e+001	-4.108884e+001
8.882434e+001	-4.370022e+001
8.870791e+001	-4.892439e+001
8.923082e+001	-4.488549e+001
8.995045e+001	-3.799635e+001
9.032581e+001	-3.609514e+001
9.006186e+001	-4.345677e+001
9.009297e+001	-4.654326e+001
9.055031e+001	-4.345437e+001
9.081092e+001	-4.321572e+001
9.095680e+001	-4.463942e+001
9.095513e+001	-4.820102e+001
9.149442e+001	-4.392468e+001
9.111573e+001	-5.294866e+001
9.150748e+001	-5.081000e+001
9.152220e+001	-5.413394e+001
9.173365e+001	-5.460763e+001
9.240409e+001	-4.843127e+001
9.238602e+001	-5.223032e+001
9.272861e+001	-5.080400e+001
9.274333e+001	-5.412793e+001
9.311869e+001	-5.222672e+001
9.329735e+001	-5.317553e+001
9.314815e+001	-5.887459e+001
9.358909e+001	-5.602315e+001
9.398084e+001	-5.388449e+001
9.412673e+001	-5.530819e+001
9.402670e+001	-6.029469e+001
9.356604e+001	-7.050634e+001
9.369551e+001	-7.216770e+001
9.418563e+001	-6.860392e+001
9.500360e+001	-6.028988e+001
9.552651e+001	-5.625099e+001
9.560680e+001	-5.862492e+001
9.540842e+001	-6.503655e+001
9.599690e+001	-6.004764e+001
9.566737e+001	-6.835928e+001
9.584603e+001	-6.930809e+001
9.613943e+001	-6.859432e+001
9.672790e+001	-6.360542e+001
9.749670e+001	-5.600394e+001
9.703604e+001	-6.621559e+001
9.716551e+001	-6.787696e+001
9.763924e+001	-6.455063e+001
9.808017e+001	-6.169940e+001
9.784901e+001	-6.858592e+001
9.820798e+001	-6.692215e+001
9.832107e+001	-6.882097e+001
9.843414e+001	-7.072000e+001
1.001209e+002	-4.981798e+001
1.014799e+002	-3.366600e+001
1.018061e+002	-3.247734e+001
1.019028e+002	-3.461360e+001
1.016388e+002	-4.197524e+001
1.017191e+002	-4.434917e+001
1.025207e+002	-3.627257e+001
1.032895e+002	-2.867109e+001
1.029927e+002	-3.650783e+001
1.029583e+002	-4.054434e+001
1.036451e+002	-3.413031e+001
1.039549e+002	-3.317911e+001
1.038549e+002	-3.816560e+001
1.041811e+002	-3.697673e+001
1.045728e+002	-3.483807e+001
1.044072e+002	-4.077458e+001
1.037827e+002	-5.336136e+001
1.044367e+002	-4.742245e+001
1.056317e+002	-3.364559e+001
1.057120e+002	-3.601952e+001
1.061038e+002	-3.388086e+001
1.056595e+002	-4.385507e+001
1.067234e+002	-3.197823e+001
1.080495e+002	-1.630157e+001
1.082118e+002	-1.748783e+001
1.087019e+002	-1.392405e+001
1.091756e+002	-1.059771e+001
1.098952e+002	-3.708570e+000
1.097788e+002	-8.932742e+000
1.102525e+002	-5.606407e+000
1.105459e+002	-4.892646e+000
1.103640e+002	-1.106660e+001
1.107065e+002	-9.640500e+000
1.108852e+002	-1.058931e+001
1.117196e+002	-2.037601e+000
1.111933e+002	-1.319948e+001
1.110769e+002	-1.842343e+001
1.115342e+002	-1.533454e+001
1.127784e+002	-8.453479e-001
1.126456e+002	-6.306963e+000
1.128898e+002	-6.305764e+000
1.133144e+002	-3.691767e+000
1.136078e+002	-2.978227e+000
1.130488e+002	-1.461500e+001
1.139323e+002	-5.350734e+000
1.137011e+002	-1.223747e+001
1.143880e+002	-5.823447e+000
1.145830e+002	-6.534810e+000
1.152043e+002	-1.070789e+000
1.150879e+002	-6.294961e+000
1.153485e+002	-6.056094e+000
1.157239e+002	-4.154880e+000
1.157222e+002	-7.716259e+000
1.159828e+002	-7.477613e+000
1.158500e+002	-1.293923e+001
1.158975e+002	-1.578805e+001
1.161253e+002	-1.602430e+001
1.165827e+002	-1.293563e+001
1.172859e+002	-6.284157e+000
1.173498e+002	-8.895532e+000
1.171350e+002	-1.554460e+001
1.176907e+002	-1.103059e+001
1.186398e+002	-8.165387e-001
1.186546e+002	-4.140475e+000
1.182922e+002	-1.292723e+001
1.182742e+002	-1.672606e+001
1.186659e+002	-1.458740e+001
1.193856e+002	-7.698257e+000
1.197773e+002	-5.559596e+000
1.190380e+002	-1.980894e+001
1.193970e+002	-1.814518e+001
1.199527e+002	-1.363117e+001
1.202460e+002	-1.291763e+001
1.206706e+002	-1.030363e+001
1.209476e+002	-9.827535e+000
1.208476e+002	-1.481404e+001
1.208295e+002	-1.861287e+001
1.214180e+002	-1.362396e+001
1.220393e+002	-8.160167e+000
1.218409e+002	-1.457179e+001
1.220031e+002	-1.575805e+001
1.230014e+002	-4.831430e+000
1.229014e+002	-9.817935e+000
1.232768e+002	-7.916720e+000
1.234391e+002	-9.102974e+000
1.238964e+002	-6.014083e+000
1.245668e+002	1.622687e-001
1.241553e+002	-9.336820e+000
1.242028e+002	-1.218586e+001
1.251684e+002	-1.734141e+000
1.250519e+002	-6.958089e+000
1.249027e+002	-1.265715e+001
1.250650e+002	-1.384363e+001
1.257354e+002	-7.667050e+000
1.258321e+002	-9.803530e+000
1.257649e+002	-1.431492e+001
1.260911e+002	-1.312627e+001
1.264500e+002	-1.146250e+001
1.271205e+002	-5.285921e+000
1.275942e+002	-1.959582e+000
1.272319e+002	-1.074634e+001
1.273450e+002	-1.264515e+001
1.281302e+002	-4.806226e+000
1.279318e+002	-1.121785e+001
1.283891e+002	-8.128959e+000
1.290104e+002	-2.664942e+000
1.290907e+002	-5.038869e+000
1.292857e+002	-5.750232e+000
1.293005e+002	-9.074165e+000
1.295611e+002	-8.835518e+000
1.303135e+002	-1.471486e+000
1.305577e+002	-1.470287e+000
1.304905e+002	-5.981676e+000
1.305216e+002	-9.068165e+000
1.304379e+002	-1.381722e+001
1.304691e+002	-1.690349e+001
1.309756e+002	-1.310226e+001
1.310559e+002	-1.547619e+001
1.312837e+002	-1.571243e+001
1.316263e+002	-1.428611e+001
1.329197e+002	9.156390e-001
1.327705e+002	-4.783420e+000
1.324573e+002	-1.285761e+001
1.324557e+002	-1.641900e+001
1.331589e+002	-9.767522e+000
1.339277e+002	-2.166043e+000
1.335162e+002	-1.166514e+001
1.332031e+002	-1.973933e+001
1.338243e+002	-1.427531e+001
1.347406e+002	-4.536372e+000
1.344439e+002	-1.237290e+001
1.347373e+002	-1.165914e+001
1.348176e+002	-1.403306e+001
1.350618e+002	-1.403186e+001
1.349126e+002	-1.973093e+001
1.358126e+002	-1.022921e+001
1.362863e+002	-6.902876e+000
1.362354e+002	-1.117704e+001
1.361354e+002	-1.616354e+001
1.367731e+002	-1.046208e+001
1.371812e+002	-8.085749e+000
1.374255e+002	-8.084550e+000
1.372435e+002	-1.425851e+001
1.374385e+002	-1.496987e+001
1.379123e+002	-1.164353e+001
1.386646e+002	-4.279499e+000
1.381876e+002	-1.472882e+001
1.383171e+002	-1.639019e+001
1.395613e+002	-1.900768e+000
1.395924e+002	-4.987258e+000
1.393448e+002	-1.211144e+001
1.398513e+002	-8.309995e+000
1.395218e+002	-1.662163e+001
1.393562e+002	-2.255814e+001
1.400266e+002	-1.638178e+001
1.405659e+002	-1.210544e+001
1.404495e+002	-1.732939e+001
1.407757e+002	-1.614074e+001
1.414298e+002	-1.020160e+001
1.420674e+002	-4.500364e+000
1.421805e+002	-6.399176e+000
1.425395e+002	-4.735410e+000
1.428329e+002	-4.021648e+000
1.423230e+002	-1.494586e+001
1.426656e+002	-1.351954e+001
1.435164e+002	-4.730609e+000
1.438753e+002	-3.066839e+000
1.443491e+002	2.594923e-001
1.440359e+002	-7.814697e+000
1.439359e+002	-1.280120e+001
1.440490e+002	-1.470001e+001
1.440965e+002	-1.754883e+001
1.442915e+002	-1.826019e+001
1.437325e+002	-2.989697e+001
1.451243e+002	-1.327009e+001
1.459750e+002	-4.481160e+000
1.457930e+002	-1.065512e+001
1.462504e+002	-7.566225e+000
1.468552e+002	-2.339876e+000
1.466732e+002	-8.513832e+000
1.468847e+002	-8.987748e+000
1.478010e+002	7.514103e-001
1.477010e+002	-4.235090e+000
1.472731e+002	-1.397185e+001
1.474354e+002	-1.515810e+001
1.480402e+002	-9.931751e+000
1.484648e+002	-7.317978e+000
1.488893e+002	-4.704202e+000
1.488221e+002	-9.215591e+000
1.491975e+002	-7.314377e+000
1.490482e+002	-1.301344e+001
1.492433e+002	-1.372480e+001
1.493892e+002	-1.514850e+001
1.500104e+002	-9.684703e+000
1.498776e+002	-1.514610e+001
1.503514e+002	-1.181976e+001
1.504152e+002	-1.443136e+001
1.510365e+002	-8.967341e+000
1.510348e+002	-1.252872e+001
1.513774e+002	-1.110262e+001
1.512938e+002	-1.585146e+001
1.518331e+002	-1.157512e+001
1.519953e+002	-1.276159e+001
1.529117e+002	-3.022430e+000
1.529428e+002	-6.108919e+000
1.530559e+002	-8.007734e+000
1.532345e+002	-8.956540e+000
1.535279e+002	-8.242780e+000
1.535099e+002	-1.204183e+001
1.539508e+002	-9.190386e+000
1.542934e+002	-7.764284e+000
1.541114e+002	-1.393824e+001
1.546015e+002	-1.037446e+001
1.552228e+002	-4.910442e+000
1.552375e+002	-8.234378e+000
1.555309e+002	-7.520617e+000
1.556440e+002	-9.419653e+000
1.556096e+002	-1.345593e+001
1.561324e+002	-9.417252e+000
1.557702e+002	-1.820378e+001
1.566209e+002	-9.414849e+000
1.574881e+002	-3.882494e-001
1.572241e+002	-7.749883e+000
1.572224e+002	-1.131126e+001
1.579585e+002	-4.184678e+000
1.583994e+002	-1.333458e+000
1.587584e+002	3.303087e-001
1.583797e+002	-8.693889e+000
1.582796e+002	-1.368039e+001
1.590648e+002	-5.841246e+000
1.594074e+002	-4.415144e+000
1.596188e+002	-4.888835e+000
1.593713e+002	-1.201302e+001
1.598122e+002	-9.161578e+000
1.602368e+002	-6.547805e+000
1.600056e+002	-1.343432e+001
1.606924e+002	-7.020518e+000
1.606580e+002	-1.105701e+001
1.610006e+002	-9.630693e+000
1.615071e+002	-5.829240e+000
1.618661e+002	-4.165473e+000
1.625365e+002	2.010878e+000
1.625184e+002	-1.787945e+000
1.623200e+002	-8.199569e+000
1.622856e+002	-1.223606e+001
1.629396e+002	-6.297152e+000
1.631839e+002	-6.295953e+000
1.629527e+002	-1.318247e+001
1.634592e+002	-9.381243e+000
1.632772e+002	-1.555520e+001
1.634723e+002	-1.626656e+001
1.633395e+002	-2.172795e+001
1.640099e+002	-1.555160e+001
1.645492e+002	-1.127526e+001
1.648426e+002	-1.056149e+001
1.655622e+002	-3.672577e+000
1.656425e+002	-6.046504e+000
1.657556e+002	-7.945320e+000
1.660654e+002	-6.994111e+000
1.664571e+002	-4.855229e+000
1.669636e+002	-1.054000e+000
1.666177e+002	-9.603087e+000
1.665013e+002	-1.482703e+001
1.671226e+002	-9.363238e+000
1.673012e+002	-1.031204e+001
1.673815e+002	-1.268597e+001
1.675110e+002	-1.434734e+001
1.676077e+002	-1.648360e+001
1.677863e+002	-1.743241e+001
1.675879e+002	-2.384403e+001
1.684715e+002	-1.457999e+001
1.685682e+002	-1.671625e+001
1.686976e+002	-1.837761e+001
1.694336e+002	-1.125125e+001
1.694320e+002	-1.481263e+001
1.699876e+002	-1.029884e+001
1.705925e+002	-5.072272e+000
1.701974e+002	-1.433414e+001
1.704089e+002	-1.480783e+001
1.712104e+002	-6.731239e+000
1.710284e+002	-1.290542e+001
1.711907e+002	-1.409167e+001
1.719759e+002	-6.252744e+000
1.720889e+002	-8.151559e+000
1.723824e+002	-7.437798e+000
1.725118e+002	-9.099166e+000
1.728380e+002	-7.910511e+000
1.728691e+002	-1.099700e+001
1.729002e+002	-1.408327e+001
1.736035e+002	-7.431795e+000
1.736346e+002	-1.051828e+001
1.732395e+002	-1.977993e+001
1.738280e+002	-1.479103e+001
1.743509e+002	-1.075213e+001
1.742508e+002	-1.573863e+001
1.739869e+002	-2.310026e+001
1.749196e+002	-1.312366e+001
1.760162e+002	-7.719230e-001
1.761785e+002	-1.958397e+000
1.763244e+002	-3.382098e+000
1.764538e+002	-5.043467e+000
1.763538e+002	-1.002997e+001
1.760079e+002	-1.857928e+001
1.769078e+002	-9.077559e+000
1.775127e+002	-3.851210e+000
1.769700e+002	-1.525054e+001
1.773618e+002	-1.311166e+001
1.781306e+002	-5.510177e+000
1.781453e+002	-8.834113e+000
1.785043e+002	-7.170346e+000
1.782240e+002	-1.476942e+001
1.789764e+002	-7.405391e+000
1.792206e+002	-7.404192e+000
1.793173e+002	-9.540672e+000
1.797746e+002	-6.451784e+000
1.794123e+002	-1.523854e+001
1.798860e+002	-1.191220e+001
1.802286e+002	-1.048588e+001
1.804236e+002	-1.119724e+001
1.805039e+002	-1.357117e+001
1.811415e+002	-7.869703e+000
1.815497e+002	-5.493374e+000
1.809907e+002	-1.713015e+001
1.814972e+002	-1.332870e+001
1.823315e+002	-4.777214e+000
1.821004e+002	-1.166373e+001
1.823938e+002	-1.095019e+001
1.820970e+002	-1.878671e+001
1.823085e+002	-1.926063e+001
1.822576e+002	-2.353457e+001
1.829608e+002	-1.688310e+001
1.836805e+002	-9.993959e+000
1.836460e+002	-1.403046e+001
1.846115e+002	-3.578958e+000
1.841672e+002	-1.355317e+001
1.842311e+002	-1.616454e+001
1.849507e+002	-9.275622e+000
1.854901e+002	-4.999057e+000
1.857834e+002	-4.285517e+000
1.858965e+002	-6.184329e+000
1.859768e+002	-8.558260e+000
1.858932e+002	-1.330709e+001
1.853342e+002	-2.494387e+001
1.861193e+002	-1.710494e+001
1.865931e+002	-1.377861e+001
1.868209e+002	-1.401485e+001
1.877700e+002	-3.800801e+000
1.880798e+002	-2.849593e+000
1.877831e+002	-1.068612e+001
1.871093e+002	-2.398546e+001
1.880092e+002	-1.448397e+001
1.884010e+002	-1.234508e+001
1.886780e+002	-1.186899e+001
1.893484e+002	-5.692411e+000
1.895762e+002	-5.928880e+000
1.902139e+002	-2.274153e-001
1.901630e+002	-4.501357e+000
1.904073e+002	-4.500158e+000
1.906515e+002	-4.498959e+000
1.904695e+002	-1.067292e+001
1.907301e+002	-1.043427e+001
1.914005e+002	-4.257911e+000
1.912349e+002	-1.019442e+001
1.911677e+002	-1.470581e+001
1.919529e+002	-6.866886e+000
1.926069e+002	-9.279748e-001
1.919659e+002	-1.375220e+001
1.918987e+002	-1.826359e+001
1.918806e+002	-2.206264e+001
1.923543e+002	-1.873630e+001
1.927953e+002	-1.588508e+001
1.938592e+002	-4.008240e+000
1.937427e+002	-9.232412e+000
1.938394e+002	-1.136867e+001
1.946246e+002	-3.529748e+000
1.944754e+002	-9.228811e+000
1.946049e+002	-1.089018e+001
1.948491e+002	-1.088898e+001
1.950933e+002	-1.088778e+001
1.952064e+002	-1.278659e+001
1.955162e+002	-1.183539e+001
1.953670e+002	-1.753445e+001
1.958407e+002	-1.420811e+001
1.962325e+002	-1.206923e+001
1.967882e+002	-7.555440e+000
1.968357e+002	-1.040426e+001
1.970963e+002	-1.016561e+001
1.970946e+002	-1.372699e+001
1.976995e+002	-8.500645e+000
1.977306e+002	-1.158691e+001
1.977125e+002	-1.538597e+001
1.983830e+002	-9.209606e+000
1.988075e+002	-6.595609e+000
1.985927e+002	-1.324468e+001
1.988861e+002	-1.253114e+001
1.990976e+002	-1.300483e+001
1.992434e+002	-1.442875e+001
1.997500e+002	-1.062730e+001
1.997155e+002	-1.466380e+001
2.006482e+002	-4.687193e+000
2.002203e+002	-1.442395e+001
2.007104e+002	-1.086017e+001
2.004629e+002	-1.798413e+001
2.011169e+002	-1.204523e+001
2.013776e+002	-1.180658e+001
2.017038e+002	-1.061770e+001
2.017677e+002	-1.322908e+001
2.024709e+002	-6.577607e+000
2.030266e+002	-2.063816e+000
2.030085e+002	-5.862867e+000
2.031052e+002	-7.999127e+000
2.026773e+002	-1.773589e+001
2.033969e+002	-1.084697e+001
2.041001e+002	-4.195496e+000
2.044919e+002	-2.056614e+000
2.038837e+002	-1.440595e+001
2.044066e+002	-1.036705e+001
2.048967e+002	-6.803272e+000
2.047639e+002	-1.226467e+001
2.050245e+002	-1.202602e+001
2.056130e+002	-7.037118e+000
2.060048e+002	-4.898232e+000
2.059211e+002	-9.647290e+000
2.056736e+002	-1.677148e+001
2.063276e+002	-1.083256e+001
2.066210e+002	-1.011880e+001
2.069472e+002	-8.929931e+000
2.070439e+002	-1.106641e+001
2.075832e+002	-6.790067e+000
2.075159e+002	-1.130146e+001
2.072684e+002	-1.842564e+001
2.076273e+002	-1.676188e+001
2.085765e+002	-6.547598e+000
2.090010e+002	-3.933822e+000
2.089174e+002	-8.682879e+000
2.093255e+002	-6.306550e+000
2.095534e+002	-6.542798e+000
2.096173e+002	-9.154393e+000
2.098779e+002	-8.915526e+000
2.099090e+002	-1.200202e+001
2.104155e+002	-8.200566e+000
2.106269e+002	-8.674478e+000
2.111007e+002	-5.348143e+000
2.103285e+002	-2.007261e+001
2.109990e+002	-1.389603e+001
2.114071e+002	-1.151970e+001
2.122743e+002	-2.493323e+000
2.122726e+002	-6.054702e+000
2.123037e+002	-9.141191e+000
2.122529e+002	-1.341513e+001
2.124151e+002	-1.460139e+001
2.129380e+002	-1.056249e+001
2.130675e+002	-1.222386e+001
2.130822e+002	-1.554779e+001
2.136379e+002	-1.103400e+001
2.138658e+002	-1.127025e+001
2.140116e+002	-1.269417e+001
2.148952e+002	-3.430126e+000
2.153197e+002	-8.163504e-001
2.152361e+002	-5.565186e+000
2.152672e+002	-8.651676e+000
2.155442e+002	-8.175358e+000
2.157392e+002	-8.886720e+000
2.154917e+002	-1.601090e+001
2.156703e+002	-1.695971e+001
2.162588e+002	-1.197081e+001
2.174046e+002	1.093486e+000
2.166489e+002	-1.339353e+001
2.167620e+002	-1.529234e+001
2.166128e+002	-2.099140e+001
2.180045e+002	-4.364528e+000
2.185110e+002	-5.630786e-001
2.180995e+002	-1.006239e+001
2.183929e+002	-9.348630e+000
2.184568e+002	-1.196000e+001
2.188158e+002	-1.029624e+001
2.185190e+002	-1.813276e+001
2.191567e+002	-1.243152e+001
2.193517e+002	-1.314266e+001
2.195140e+002	-1.432913e+001
2.201353e+002	-8.865114e+000
2.205926e+002	-5.776447e+000
2.202795e+002	-1.385042e+001
2.207696e+002	-1.028664e+001
2.212761e+002	-6.485183e+000
2.213400e+002	-9.096782e+000
2.221416e+002	-1.020188e+000
2.223530e+002	-1.493883e+000
2.223349e+002	-5.292931e+000
2.224644e+002	-6.954299e+000
2.228398e+002	-5.053085e+000
2.228381e+002	-8.614465e+000
2.228692e+002	-1.170095e+001
2.227692e+002	-1.668746e+001
2.233085e+002	-1.241111e+001
2.237330e+002	-9.797117e+000
2.243871e+002	-3.858206e+000
2.248116e+002	-1.244433e+000
2.252034e+002	8.942241e-001
