0.000000e+000	3.436456e+002
3.044413e-002	3.405494e+002
6.088827e-002	3.374532e+002
1.523910e-001	3.352417e+002
1.522915e-001	3.317029e+002
1.674714e-001	3.283856e+002
1.979175e-001	3.252894e+002
1.825691e-001	3.215298e+002
1.977337e-001	3.182122e+002
1.671193e-001	3.142314e+002
9.071233e-002	3.095871e+002
1.058770e-001	3.062695e+002
1.515891e-001	3.033945e+002
2.125616e-001	3.007406e+002
1.972113e-001	2.969809e+002
2.887159e-001	2.947694e+002
1.512370e-001	2.892403e+002
1.206225e-001	2.852594e+002
1.510666e-001	2.821632e+002
2.120257e-001	2.795092e+002
1.814112e-001	2.755283e+002
1.508006e-001	2.715475e+002
2.423014e-001	2.693360e+002
2.422019e-001	2.657972e+002
1.810591e-001	2.613741e+002
1.351824e-001	2.571721e+002
1.961415e-001	2.545180e+002
1.349987e-001	2.500949e+002
1.501786e-001	2.467775e+002
1.195661e-001	2.427967e+002
1.347307e-001	2.394792e+002
1.651768e-001	2.363830e+002
1.040340e-001	2.319598e+002
1.039345e-001	2.284211e+002
1.343786e-001	2.253249e+002
1.648237e-001	2.222287e+002
1.952688e-001	2.191326e+002
1.035814e-001	2.142669e+002
1.492906e-001	2.113918e+002
1.492074e-001	2.078534e+002
1.949166e-001	2.049783e+002
2.100813e-001	2.016608e+002
2.557905e-001	1.987858e+002
1.946487e-001	1.943626e+002
1.487548e-001	1.901604e+002
1.791998e-001	1.870642e+002
2.096449e-001	1.839680e+002
1.332380e-001	1.793237e+002
1.026092e-001	1.753427e+002
1.483184e-001	1.724677e+002
3.008797e-001	1.711408e+002
3.007955e-001	1.676023e+002
2.396374e-001	1.631789e+002
2.395532e-001	1.596404e+002
2.242048e-001	1.558807e+002
3.157085e-001	1.536692e+002
4.529894e-001	1.521209e+002
4.223759e-001	1.481401e+002
3.764973e-001	1.439381e+002
3.458694e-001	1.399571e+002
3.610494e-001	1.366397e+002
4.678172e-001	1.346493e+002
4.219395e-001	1.304474e+002
2.081369e-001	1.238124e+002
2.385820e-001	1.207162e+002
2.842903e-001	1.178412e+002
2.841917e-001	1.143024e+002
3.756944e-001	1.120909e+002
3.756102e-001	1.085524e+002
2.839372e-001	1.036869e+002
3.601623e-001	1.012540e+002
5.127236e-001	9.992714e+001
7.110774e-001	9.926374e+001
6.041421e-001	9.417710e+001
4.056027e-001	8.776328e+001
5.276357e-001	8.599407e+001
6.191384e-001	8.378254e+001
5.885239e-001	7.980171e+001
8.021457e-001	7.935948e+001
8.325745e-001	7.626308e+001
9.546056e-001	7.449386e+001
8.018758e-001	6.874374e+001
1.091819e+000	6.940732e+001
1.427556e+000	7.073438e+001
1.320618e+000	6.564774e+001
1.274726e+000	6.144553e+001
1.534139e+000	6.166678e+001
1.640906e+000	5.967641e+001
1.625557e+000	5.591675e+001
1.823913e+000	5.525335e+001
1.869621e+000	5.237833e+001
1.976375e+000	5.038774e+001
2.281597e+000	5.127270e+001
2.296761e+000	4.795513e+001
2.464587e+000	4.684941e+001
2.479767e+000	4.353207e+001
2.281229e+000	3.711824e+001
2.342202e+000	3.446439e+001
2.464235e+000	3.269518e+001
2.632060e+000	3.158945e+001
2.922003e+000	3.225303e+001
2.937183e+000	2.893569e+001
3.089744e+000	2.760881e+001
3.715506e+000	3.313794e+001
3.730686e+000	2.982060e+001
3.440562e+000	2.207980e+001
3.333624e+000	1.699316e+001
3.364071e+000	1.389699e+001
3.547160e+000	1.301242e+001
3.821839e+000	1.345484e+001
3.943855e+000	1.168541e+001
3.989565e+000	8.810390e+000
4.233713e+000	8.810478e+000
4.371010e+000	7.262433e+000
4.722009e+000	8.810653e+000
4.782984e+000	6.156797e+000
4.645518e+000	6.278379e-001
5.210223e+000	5.272328e+000
5.072758e+000	-2.566311e-001
5.316906e+000	-2.565400e-001
5.438924e+000	-2.025971e+000
5.454104e+000	-5.343314e+000
5.423491e+000	-9.324138e+000
5.438671e+000	-1.264148e+001
5.804935e+000	-1.087210e+001
6.125408e+000	-9.766198e+000
6.094778e+000	-1.374725e+001
6.476323e+000	-1.175648e+001
6.583076e+000	-1.374707e+001
6.460875e+000	-1.905487e+001
6.582908e+000	-2.082408e+001
6.491235e+000	-2.568955e+001
6.979617e+000	-2.215087e+001
7.773289e+000	-1.418895e+001
7.696882e+000	-1.883327e+001
7.559416e+000	-2.436223e+001
7.803565e+000	-2.436214e+001
7.788201e+000	-2.812203e+001
8.047615e+000	-2.790078e+001
8.032266e+000	-3.166044e+001
8.184826e+000	-3.298732e+001
8.245800e+000	-3.564118e+001
8.642594e+000	-3.342947e+001
8.886743e+000	-3.342938e+001
8.871394e+000	-3.718905e+001
9.481893e+000	-3.188107e+001
9.329162e+000	-3.763120e+001
9.802279e+000	-3.431368e+001
1.000063e+001	-3.497708e+001
9.954741e+000	-3.917929e+001
1.024470e+001	-3.851549e+001
1.025986e+001	-4.183306e+001
1.045822e+001	-4.249645e+001
1.074816e+001	-4.183288e+001
1.088546e+001	-4.338092e+001
1.097696e+001	-4.559245e+001
1.088529e+001	-5.045793e+001
1.122103e+001	-4.913087e+001
1.099196e+001	-5.598702e+001
1.151087e+001	-5.200602e+001
1.141920e+001	-5.687150e+001
1.148017e+001	-5.952535e+001
1.161747e+001	-6.107340e+001
1.178529e+001	-6.217912e+001
1.222788e+001	-5.930393e+001
1.231938e+001	-6.151546e+001
1.244142e+001	-6.328466e+001
1.230394e+001	-6.881384e+001
1.242597e+001	-7.058305e+001
1.282276e+001	-6.837135e+001
1.294479e+001	-7.014055e+001
1.274627e+001	-7.655416e+001
1.303621e+001	-7.589059e+001
1.326510e+001	-7.611167e+001
1.357030e+001	-7.522693e+001
1.422660e+001	-6.925546e+001
1.517293e+001	-5.908170e+001
1.514232e+001	-6.306253e+001
1.547805e+001	-6.173548e+001
1.572220e+001	-6.173538e+001
1.570683e+001	-6.549527e+001
1.611891e+001	-6.306218e+001
1.576772e+001	-7.168763e+001
1.596608e+001	-7.235103e+001
1.669869e+001	-6.527376e+001
1.685125e+001	-6.660063e+001
1.675958e+001	-7.146612e+001
1.723270e+001	-6.814860e+001
1.761423e+001	-6.615804e+001
1.756835e+001	-7.036004e+001
1.796515e+001	-6.814833e+001
1.750711e+001	-7.832192e+001
1.793445e+001	-7.566766e+001
1.848389e+001	-7.124434e+001
1.843801e+001	-7.544632e+001
1.862110e+001	-7.633089e+001
1.915528e+001	-7.212872e+001
1.927731e+001	-7.389793e+001
1.932302e+001	-7.677294e+001
2.046779e+001	-6.372408e+001
2.181100e+001	-4.780011e+001
2.223832e+001	-4.514608e+001
2.248247e+001	-4.514599e+001
2.228395e+001	-5.155960e+001
2.232964e+001	-5.443484e+001
2.319966e+001	-4.536689e+001
2.318430e+001	-4.912655e+001
2.420696e+001	-3.784698e+001
2.495484e+001	-3.054855e+001
2.579432e+001	-2.192292e+001
2.655746e+001	-1.440333e+001
2.735115e+001	-6.441188e+000
2.759530e+001	-6.441100e+000
2.742731e+001	-1.241238e+001
2.761038e+001	-1.329717e+001
2.780874e+001	-1.396056e+001
2.864822e+001	-5.334938e+000
2.873972e+001	-7.546470e+000
2.866331e+001	-1.219078e+001
2.863268e+001	-1.617183e+001
2.883104e+001	-1.683523e+001
2.912098e+001	-1.617166e+001
2.950251e+001	-1.418111e+001
3.026567e+001	-6.661292e+000
3.046403e+001	-7.324689e+000
3.041815e+001	-1.152668e+001
3.066230e+001	-1.152659e+001
3.090645e+001	-1.152650e+001
3.144062e+001	-7.324337e+000
3.173056e+001	-6.660762e+000
3.182206e+001	-8.872294e+000
3.147088e+001	-1.749774e+001
3.163871e+001	-1.860347e+001
3.217288e+001	-1.440130e+001
3.285972e+001	-7.987296e+000
3.232536e+001	-1.926669e+001
3.269162e+001	-1.749730e+001
3.310368e+001	-1.506443e+001
3.316466e+001	-1.771829e+001
3.328669e+001	-1.948750e+001
3.383613e+001	-1.506417e+001
3.441611e+001	-1.019830e+001
3.433969e+001	-1.484283e+001
3.388167e+001	-2.501619e+001
3.466008e+001	-1.727544e+001
3.491949e+001	-1.705419e+001
3.447672e+001	-2.700661e+001
3.449190e+001	-3.032395e+001
3.447655e+001	-3.408361e+001
3.516337e+001	-2.766983e+001
3.577388e+001	-2.236163e+001
3.588065e+001	-2.435200e+001
3.589582e+001	-2.766956e+001
3.604838e+001	-2.899645e+001
3.621620e+001	-3.010217e+001
3.649088e+001	-2.965976e+001
3.716245e+001	-2.346691e+001
3.722341e+001	-2.612099e+001
3.668907e+001	-3.740016e+001
3.685689e+001	-3.850588e+001
3.710104e+001	-3.850580e+001
3.725359e+001	-3.983290e+001
3.774198e+001	-3.629400e+001
3.855092e+001	-2.811092e+001
3.832187e+001	-3.496685e+001
3.899342e+001	-2.877423e+001
3.916125e+001	-2.987995e+001
3.906958e+001	-3.474543e+001
3.906949e+001	-3.828393e+001
3.917625e+001	-4.027452e+001
3.914563e+001	-4.425535e+001
3.905396e+001	-4.912082e+001
3.909966e+001	-5.199606e+001
3.946593e+001	-5.022645e+001
3.990852e+001	-4.735126e+001
4.012215e+001	-4.779350e+001
4.117533e+001	-3.607160e+001
4.195374e+001	-2.833085e+001
4.134306e+001	-4.071605e+001
4.180092e+001	-3.761947e+001
4.202981e+001	-3.784055e+001
4.215182e+001	-3.960998e+001
4.250284e+001	-3.806153e+001
4.361708e+001	-2.545499e+001
4.457867e+001	-1.506029e+001
4.479228e+001	-1.550253e+001
4.500590e+001	-1.594476e+001
4.558589e+001	-1.107889e+001
4.537208e+001	-1.771388e+001
4.538726e+001	-2.103122e+001
4.560088e+001	-2.147346e+001
4.602821e+001	-1.881943e+001
4.639447e+001	-1.705004e+001
4.712710e+001	-9.972551e+000
4.718808e+001	-1.262641e+001
4.657739e+001	-2.501161e+001
4.669941e+001	-2.678104e+001
4.692830e+001	-2.700211e+001
4.732510e+001	-2.479018e+001
4.743186e+001	-2.678078e+001
4.753862e+001	-2.877114e+001
4.781330e+001	-2.832873e+001
4.805745e+001	-2.832864e+001
4.848479e+001	-2.567439e+001
4.901896e+001	-2.147222e+001
4.866778e+001	-3.009767e+001
4.862190e+001	-3.429966e+001
4.889658e+001	-3.385725e+001
4.941549e+001	-2.987625e+001
4.911012e+001	-3.783799e+001
4.935426e+001	-3.783790e+001
5.004108e+001	-3.142412e+001
5.030050e+001	-3.120287e+001
5.037673e+001	-3.363556e+001
5.051403e+001	-3.518361e+001
5.052921e+001	-3.850095e+001
5.106339e+001	-3.429878e+001
5.171968e+001	-2.832732e+001
5.187224e+001	-2.965421e+001
5.217745e+001	-2.876947e+001
5.248265e+001	-2.788473e+001
5.242151e+001	-3.230789e+001
5.260460e+001	-3.319244e+001
5.261978e+001	-3.650978e+001
5.290972e+001	-3.584621e+001
5.326072e+001	-3.429799e+001
5.329117e+001	-3.739417e+001
5.352005e+001	-3.761524e+001
5.335204e+001	-4.358675e+001
5.431364e+001	-3.319183e+001
5.452726e+001	-3.363406e+001
5.475615e+001	-3.385514e+001
5.503082e+001	-3.341272e+001
5.512233e+001	-3.562426e+001
5.510696e+001	-3.938414e+001
5.492370e+001	-4.557659e+001
5.561052e+001	-3.916280e+001
5.579361e+001	-4.004736e+001
5.605303e+001	-3.982611e+001
5.600715e+001	-4.402810e+001
5.609865e+001	-4.623963e+001
5.707551e+001	-3.562355e+001
5.731966e+001	-3.562346e+001
5.750275e+001	-3.650802e+001
5.818957e+001	-3.009424e+001
5.870849e+001	-2.611323e+001
5.834205e+001	-3.495962e+001
5.837250e+001	-3.805580e+001
5.934934e+001	-2.743994e+001
5.963928e+001	-2.677637e+001
6.005136e+001	-2.434327e+001
6.069239e+001	-1.859298e+001
6.168451e+001	-7.755731e+000
6.183707e+001	-9.082615e+000
6.185225e+001	-1.239996e+001
6.240170e+001	-7.976628e+000
6.261531e+001	-8.418865e+000
6.293578e+001	-7.312965e+000
6.311888e+001	-8.197525e+000
6.322564e+001	-1.018789e+001
6.298131e+001	-1.726521e+001
6.288964e+001	-2.213069e+001
6.339329e+001	-1.837084e+001
6.389693e+001	-1.461100e+001
6.427847e+001	-1.262023e+001
6.435470e+001	-1.505315e+001
6.424776e+001	-2.013979e+001
6.479721e+001	-1.571646e+001
6.510241e+001	-1.483173e+001
6.510233e+001	-1.837023e+001
6.546859e+001	-1.660084e+001
6.540745e+001	-2.102399e+001
6.565160e+001	-2.102391e+001
6.630788e+001	-1.505245e+001
6.656730e+001	-1.483120e+001
6.638404e+001	-2.102364e+001
6.670452e+001	-1.991774e+001
6.717763e+001	-1.660023e+001
6.765075e+001	-1.328271e+001
6.798650e+001	-1.195543e+001
6.794060e+001	-1.615764e+001
6.755891e+001	-2.522519e+001
6.807782e+001	-2.124419e+001
6.841356e+001	-1.991713e+001
6.876455e+001	-1.836891e+001
6.899344e+001	-1.858998e+001
6.966501e+001	-1.239713e+001
6.971070e+001	-1.527237e+001
7.006170e+001	-1.372415e+001
7.021426e+001	-1.505104e+001
7.016839e+001	-1.925302e+001
7.067203e+001	-1.549318e+001
7.090092e+001	-1.571426e+001
7.119086e+001	-1.505068e+001
7.140448e+001	-1.549292e+001
7.167915e+001	-1.505051e+001
7.166381e+001	-1.881017e+001
7.189269e+001	-1.903125e+001
7.198420e+001	-2.124277e+001
7.239625e+001	-1.880991e+001
7.209086e+001	-2.677187e+001
7.311352e+001	-1.549230e+001
7.323555e+001	-1.726151e+001
7.300650e+001	-2.411744e+001
7.373911e+001	-1.704017e+001
7.378483e+001	-1.991519e+001
7.346416e+001	-2.809832e+001
7.373885e+001	-2.765590e+001
7.433410e+001	-2.256887e+001
7.451718e+001	-2.345343e+001
7.462395e+001	-2.544379e+001
7.476123e+001	-2.699206e+001
7.488327e+001	-2.876127e+001
7.523427e+001	-2.721305e+001
7.546315e+001	-2.743412e+001
7.627210e+001	-1.925082e+001
7.621096e+001	-2.367397e+001
7.630246e+001	-2.588550e+001
7.662293e+001	-2.477960e+001
7.694340e+001	-2.367371e+001
7.705017e+001	-2.566408e+001
7.683636e+001	-3.229907e+001
7.704999e+001	-3.274130e+001
7.700411e+001	-3.694330e+001
7.706507e+001	-3.959737e+001
7.798087e+001	-2.986593e+001
7.814870e+001	-3.097166e+001
7.805703e+001	-3.583713e+001
7.830118e+001	-3.583704e+001
7.883535e+001	-3.163488e+001
7.940005e+001	-2.699039e+001
7.993425e+001	-2.278800e+001
8.002575e+001	-2.499953e+001
7.972036e+001	-3.296149e+001
7.982712e+001	-3.495187e+001
7.994916e+001	-3.672107e+001
8.071230e+001	-2.920148e+001
8.060537e+001	-3.428811e+001
8.100216e+001	-3.207641e+001
8.104787e+001	-3.495142e+001
8.153625e+001	-3.141274e+001
8.167355e+001	-3.296079e+001
8.155135e+001	-3.826859e+001
8.159704e+001	-4.114383e+001
8.260443e+001	-3.008542e+001
8.287911e+001	-2.964301e+001
8.300114e+001	-3.141222e+001
8.292474e+001	-3.605653e+001
8.341311e+001	-3.251785e+001
8.367252e+001	-3.229660e+001
8.422197e+001	-2.787327e+001
8.448138e+001	-2.765202e+001
8.313800e+001	-5.065300e+001
8.388588e+001	-4.335457e+001
8.458798e+001	-3.671940e+001
8.530533e+001	-2.986329e+001
8.527471e+001	-3.384412e+001
8.525937e+001	-3.760378e+001
8.556457e+001	-3.671904e+001
8.571713e+001	-3.804593e+001
8.542701e+001	-4.578673e+001
8.545745e+001	-4.888291e+001
8.579319e+001	-4.755585e+001
8.625104e+001	-4.445950e+001
8.655625e+001	-4.357476e+001
8.689199e+001	-4.224770e+001
8.709034e+001	-4.291110e+001
8.690709e+001	-4.910354e+001
8.702911e+001	-5.087275e+001
8.719692e+001	-5.197869e+001
8.750214e+001	-5.109374e+001
8.771577e+001	-5.153597e+001
8.814309e+001	-4.888194e+001
8.817352e+001	-5.197834e+001
8.777656e+001	-6.126705e+001
8.814282e+001	-5.949767e+001
8.887544e+001	-5.242040e+001
8.945542e+001	-4.755453e+001
8.936373e+001	-5.242022e+001
8.905836e+001	-6.038196e+001
8.913459e+001	-6.281466e+001
8.962298e+001	-5.927598e+001
9.038612e+001	-5.175638e+001
9.038604e+001	-5.529489e+001
9.050807e+001	-5.706410e+001
9.095066e+001	-5.418890e+001
9.122533e+001	-5.374649e+001
9.111839e+001	-5.883313e+001
9.124043e+001	-6.060234e+001
9.128614e+001	-6.347736e+001
9.174399e+001	-6.038100e+001
9.166757e+001	-6.502553e+001
9.162169e+001	-6.922753e+001
9.169793e+001	-7.166022e+001
9.223211e+001	-6.745805e+001
9.236940e+001	-6.900609e+001
9.229299e+001	-7.365041e+001
9.270505e+001	-7.121753e+001
9.333082e+001	-6.568841e+001
9.325441e+001	-7.033272e+001
9.334591e+001	-7.254425e+001
9.355953e+001	-7.298648e+001
9.355945e+001	-7.652499e+001
9.398677e+001	-7.387095e+001
9.438357e+001	-7.165925e+001
9.461245e+001	-7.188032e+001
9.433759e+001	-7.939996e+001
9.433750e+001	-8.293846e+001
9.453586e+001	-8.360186e+001
9.507004e+001	-7.939970e+001
9.749706e+001	-4.777278e+001
9.905397e+001	-2.875254e+001
9.922180e+001	-2.985827e+001
9.943542e+001	-3.030050e+001
9.938954e+001	-3.450249e+001
9.980160e+001	-3.206962e+001
9.963360e+001	-3.804090e+001
1.002441e+002	-3.273293e+001
1.003814e+002	-3.428097e+001
1.005950e+002	-3.472321e+001
1.010681e+002	-3.140569e+001
1.010681e+002	-3.494420e+001
1.013580e+002	-3.428062e+001
1.012510e+002	-3.936748e+001
1.015563e+002	-3.848252e+001
1.019225e+002	-3.671314e+001
1.023041e+002	-3.472259e+001
1.021818e+002	-4.003061e+001
1.026855e+002	-3.627055e+001
1.029144e+002	-3.649163e+001
1.032196e+002	-3.560689e+001
1.035401e+002	-3.450099e+001
1.031736e+002	-4.334760e+001
1.035704e+002	-4.113589e+001
1.036619e+002	-4.334743e+001
1.037839e+002	-4.511663e+001
1.038602e+002	-4.754933e+001
1.043944e+002	-4.334716e+001
1.047759e+002	-4.135662e+001
1.048521e+002	-4.378931e+001
1.053252e+002	-4.047179e+001
1.055541e+002	-4.069287e+001
1.058135e+002	-4.047162e+001
1.060577e+002	-4.047153e+001
1.061645e+002	-4.246190e+001
1.061186e+002	-4.666388e+001
1.066222e+002	-4.290404e+001
1.067137e+002	-4.511558e+001
1.067747e+002	-4.776943e+001
1.066525e+002	-5.307745e+001
1.068814e+002	-5.329853e+001
1.072477e+002	-5.152892e+001
1.077666e+002	-4.754792e+001
1.088808e+002	-3.494138e+001
1.096439e+002	-2.742178e+001
1.104987e+002	-1.857499e+001
1.106513e+002	-1.990188e+001
1.106054e+002	-2.410387e+001
1.104984e+002	-2.919073e+001
1.110021e+002	-2.543066e+001
1.110173e+002	-2.874822e+001
1.109103e+002	-3.383486e+001
1.117040e+002	-2.587272e+001
1.116123e+002	-3.073842e+001
1.121160e+002	-2.697858e+001
1.123906e+002	-2.653616e+001
1.124211e+002	-2.963235e+001
1.133216e+002	-2.012207e+001
1.131842e+002	-2.565103e+001
1.129856e+002	-3.206486e+001
1.134893e+002	-2.830502e+001
1.136571e+002	-2.941074e+001
1.139623e+002	-2.852600e+001
1.138554e+002	-3.361264e+001
1.147864e+002	-2.366004e+001
1.148321e+002	-2.653528e+001
1.153205e+002	-2.299638e+001
1.157326e+002	-2.056351e+001
1.155798e+002	-2.631386e+001
1.152439e+002	-3.471792e+001
1.158392e+002	-2.963111e+001
1.160223e+002	-3.051567e+001
1.164343e+002	-2.808280e+001
1.161289e+002	-3.604454e+001
1.159609e+002	-4.201605e+001
1.165409e+002	-3.715017e+001
1.174109e+002	-2.808245e+001
1.181893e+002	-2.034147e+001
1.177771e+002	-2.985157e+001
1.178075e+002	-3.294774e+001
1.180059e+002	-3.361114e+001
1.178379e+002	-3.958265e+001
1.183568e+002	-3.560142e+001
1.183262e+002	-3.958247e+001
1.189825e+002	-3.361079e+001
1.194403e+002	-3.051443e+001
1.196692e+002	-3.073551e+001
1.198218e+002	-3.206239e+001
1.197606e+002	-3.648554e+001
1.195774e+002	-4.267821e+001
1.198978e+002	-4.157231e+001
1.208594e+002	-3.117739e+001
1.204472e+002	-4.068749e+001
1.207524e+002	-3.980275e+001
1.211187e+002	-3.803315e+001
1.212254e+002	-4.002374e+001
1.213627e+002	-4.157178e+001
1.217748e+002	-3.913891e+001
1.217136e+002	-4.356207e+001
1.218967e+002	-4.444663e+001
1.226752e+002	-3.670565e+001
1.229346e+002	-3.648440e+001
1.235451e+002	-3.117642e+001
1.232091e+002	-3.958071e+001
1.233922e+002	-4.046527e+001
1.234532e+002	-4.311912e+001
1.234379e+002	-4.687879e+001
1.236515e+002	-4.732103e+001
1.241704e+002	-4.334002e+001
1.248420e+002	-3.714718e+001
1.260783e+002	-2.277134e+001
1.264904e+002	-2.033847e+001
1.273451e+002	-1.149168e+001
1.273908e+002	-1.436692e+001
1.280777e+002	-7.952914e+000
1.282149e+002	-9.500963e+000
1.282149e+002	-1.303946e+001
1.284132e+002	-1.370308e+001
1.291153e+002	-7.067916e+000
1.293442e+002	-7.288988e+000
1.293136e+002	-1.126982e+001
1.296188e+002	-1.038508e+001
1.297866e+002	-1.149080e+001
1.303818e+002	-6.403989e+000
1.301833e+002	-1.281760e+001
1.306717e+002	-9.278918e+000
1.315722e+002	2.313551e-001
1.321064e+002	4.433518e+000
1.321216e+002	1.116178e+000
1.317704e+002	-7.509268e+000
1.322283e+002	-4.412913e+000
1.321977e+002	-8.393740e+000
1.321212e+002	-1.303805e+001
1.318769e+002	-2.011537e+001
1.320905e+002	-2.055761e+001
1.327774e+002	-1.414382e+001
1.334031e+002	-8.614462e+000
1.336168e+002	-9.056698e+000
1.345478e+002	8.958955e-001
1.349294e+002	2.886442e+000
1.351277e+002	2.223046e+000
1.352955e+002	1.117322e+000
1.345474e+002	-1.325856e+001
1.347458e+002	-1.392195e+001
1.354632e+002	-7.065625e+000
1.357684e+002	-6.180885e+000
1.357378e+002	-1.016171e+001
1.362261e+002	-6.623034e+000
1.368977e+002	-4.304114e-001
1.373708e+002	2.887323e+000
1.374623e+002	6.757915e-001
1.376760e+002	2.335587e-001
1.375232e+002	-5.516784e+000
1.372789e+002	-1.259388e+001
1.376146e+002	-1.126682e+001
1.384846e+002	-2.199089e+000
1.386372e+002	-3.525974e+000
1.390645e+002	-8.719423e-001
1.397361e+002	5.320900e+000
1.395223e+002	-1.314091e+000
1.389269e+002	-1.347813e+001
1.388047e+002	-1.878593e+001
1.397663e+002	-8.391007e+000
1.403768e+002	-3.083032e+000
1.408346e+002	1.354242e-002
1.408345e+002	-3.525180e+000
1.408344e+002	-7.063684e+000
1.412923e+002	-3.967329e+000
1.423760e+002	8.196888e+000
1.419332e+002	-1.755534e+000
1.419026e+002	-5.736358e+000
1.418567e+002	-9.938349e+000
1.420093e+002	-1.126523e+001
1.424366e+002	-8.611199e+000
1.428029e+002	-6.841815e+000
1.429555e+002	-8.168699e+000
1.433065e+002	-6.620479e+000
1.437643e+002	-3.524124e+000
1.436421e+002	-8.831920e+000
1.437794e+002	-1.037997e+001
1.446799e+002	-8.699142e-001
1.442524e+002	-1.060095e+001
1.442981e+002	-1.347619e+001
1.450155e+002	-6.619862e+000
1.453970e+002	-4.629315e+000
1.453206e+002	-9.273630e+000
1.456106e+002	-8.610055e+000
1.465722e+002	1.784863e+000
1.466942e+002	1.565832e-002
1.463125e+002	-9.052115e+000
1.466787e+002	-7.282728e+000
1.469992e+002	-6.176832e+000
1.463733e+002	-1.878320e+001
1.466021e+002	-1.900427e+001
1.467089e+002	-2.099464e+001
1.476553e+002	-1.082088e+001
1.483115e+002	-4.849419e+000
1.483115e+002	-8.387922e+000
1.486777e+002	-6.618539e+000
1.495477e+002	2.449407e+000
1.488607e+002	-1.104160e+001
1.495628e+002	-4.406656e+000
1.495627e+002	-7.945156e+000
1.493184e+002	-1.502247e+001
1.497305e+002	-1.258938e+001
1.502952e+002	-7.944893e+000
1.508294e+002	-3.742730e+000
1.511804e+002	-2.194507e+000
1.514092e+002	-2.415579e+000
1.509054e+002	-1.325265e+001
1.513022e+002	-1.104072e+001
1.515616e+002	-1.081947e+001
1.518058e+002	-1.081938e+001
1.524315e+002	-5.290244e+000
1.525688e+002	-6.838292e+000
1.521413e+002	-1.656955e+001
1.526603e+002	-1.258832e+001
1.529044e+002	-1.258824e+001
1.536981e+002	-4.626318e+000
1.536369e+002	-9.049470e+000
1.536521e+002	-1.236681e+001
1.538810e+002	-1.258788e+001
1.545526e+002	-6.395263e+000
1.550715e+002	-2.414256e+000
1.547508e+002	-1.059716e+001
1.549339e+002	-1.148172e+001
1.553002e+002	-9.712339e+000
1.555596e+002	-9.491088e+000
1.562617e+002	-2.856142e+000
1.562463e+002	-6.615806e+000
1.558646e+002	-1.568358e+001
1.568873e+002	-4.404011e+000
1.571772e+002	-3.740435e+000
1.576656e+002	-2.015334e-001
1.577724e+002	-2.192128e+000
1.575128e+002	-9.490382e+000
1.580775e+002	-4.845892e+000
1.580163e+002	-9.269044e+000
1.583368e+002	-8.163148e+000
1.583825e+002	-1.103816e+001
1.591762e+002	-3.076246e+000
1.589014e+002	-1.059566e+001
1.588707e+002	-1.457671e+001
1.592065e+002	-1.324965e+001
1.598628e+002	-7.277970e+000
1.603969e+002	-3.075804e+000
1.605037e+002	-5.066175e+000
1.606563e+002	-6.393056e+000
1.605341e+002	-1.170085e+001
1.604424e+002	-1.656655e+001
1.617245e+002	-1.527230e+000
1.616939e+002	-5.508057e+000
1.620144e+002	-4.402158e+000
1.624722e+002	-1.305803e+000
1.624416e+002	-5.286630e+000
1.623194e+002	-1.059443e+001
1.626552e+002	-9.267370e+000
1.629604e+002	-8.382634e+000
1.639983e+002	3.118095e+000
1.638303e+002	-2.853408e+000
1.639065e+002	-5.286100e+000
1.638606e+002	-9.488091e+000
1.644864e+002	-3.958953e+000
1.645474e+002	-6.612809e+000
1.642267e+002	-1.479593e+001
1.645625e+002	-1.346887e+001
1.648829e+002	-1.236276e+001
1.650966e+002	-1.280499e+001
1.649744e+002	-1.811301e+001
1.653254e+002	-1.656479e+001
1.663327e+002	-5.506383e+000
1.665616e+002	-5.727455e+000
1.665768e+002	-9.044795e+000
1.663172e+002	-1.634328e+001
1.668514e+002	-1.214089e+001
1.676603e+002	-3.957809e+000
1.674465e+002	-1.059258e+001
1.674464e+002	-1.413130e+001
1.681027e+002	-8.159621e+000
1.681942e+002	-1.037115e+001
1.684994e+002	-9.486414e+000
1.687130e+002	-9.928650e+000
1.695830e+002	-8.609241e-001
1.698119e+002	-1.081997e+000
1.696286e+002	-7.274444e+000
1.695980e+002	-1.125527e+001
1.698422e+002	-1.125518e+001
1.706664e+002	-2.850941e+000
1.706968e+002	-5.947117e+000
1.705441e+002	-1.169724e+001
1.707424e+002	-1.236064e+001
1.713682e+002	-6.831502e+000
1.717497e+002	-4.840958e+000
1.720549e+002	-3.956219e+000
1.720701e+002	-7.273563e+000
1.719479e+002	-1.258136e+001
1.719936e+002	-1.545660e+001
1.725125e+002	-1.147538e+001
1.730467e+002	-7.273209e+000
1.729092e+002	-1.280217e+001
1.731686e+002	-1.258092e+001
1.742981e+002	2.467805e-001
1.745881e+002	9.103524e-001
1.748169e+002	6.892799e-001
1.743436e+002	-9.705462e+000
1.745878e+002	-9.705374e+000
1.750762e+002	-6.166695e+000
1.753203e+002	-6.166607e+000
1.752744e+002	-1.036859e+001
1.758086e+002	-6.166428e+000
1.757322e+002	-1.081074e+001
1.760985e+002	-9.041360e+000
1.767090e+002	-3.733386e+000
1.770905e+002	-1.742839e+000
1.767698e+002	-9.925742e+000
1.768003e+002	-1.302192e+001
1.769986e+002	-1.368554e+001
1.774870e+002	-1.014664e+001
1.781891e+002	-3.511692e+000
1.781127e+002	-8.156007e+000
1.780363e+002	-1.280032e+001
1.784331e+002	-1.058861e+001
1.784329e+002	-1.412734e+001
1.788755e+002	-1.125192e+001
1.791044e+002	-1.147300e+001
1.794249e+002	-1.036710e+001
1.800964e+002	-4.174474e+000
1.802337e+002	-5.722518e+000
1.801115e+002	-1.103032e+001
1.805236e+002	-8.597447e+000
1.812562e+002	-1.520176e+000
1.810577e+002	-7.933787e+000
1.807218e+002	-1.633807e+001
1.813017e+002	-1.147220e+001
1.814390e+002	-1.302025e+001
1.812710e+002	-1.899175e+001
1.822784e+002	-7.933345e+000
1.823394e+002	-1.058720e+001
1.829651e+002	-5.058062e+000
1.832398e+002	-4.615651e+000
1.830565e+002	-1.080810e+001
1.831328e+002	-1.324101e+001
1.834075e+002	-1.279838e+001
1.837126e+002	-1.191364e+001
1.837431e+002	-1.501005e+001
1.845826e+002	-6.384420e+000
1.845214e+002	-1.080757e+001
1.846587e+002	-1.235562e+001
1.852997e+002	-6.605317e+000
1.854218e+002	-8.374525e+000
1.858338e+002	-5.941654e+000
1.863374e+002	-2.181811e+000
1.859863e+002	-1.080704e+001
1.861083e+002	-1.257625e+001
1.863066e+002	-1.323987e+001
1.868256e+002	-9.258642e+000
1.869476e+002	-1.102785e+001
1.874207e+002	-7.710332e+000
1.872985e+002	-1.301813e+001
1.874358e+002	-1.456640e+001
1.877715e+002	-1.323934e+001
1.880920e+002	-1.213322e+001
1.880156e+002	-1.677775e+001
1.890535e+002	-5.277022e+000
1.895113e+002	-2.180667e+000
1.895723e+002	-4.834523e+000
1.896028e+002	-7.930703e+000
1.894653e+002	-1.345989e+001
1.895568e+002	-1.567142e+001
1.899383e+002	-1.368087e+001
1.904267e+002	-1.014197e+001
1.907471e+002	-9.036069e+000
1.909760e+002	-9.257145e+000
1.908691e+002	-1.434400e+001
1.906095e+002	-2.164226e+001
1.910521e+002	-1.876707e+001
1.917847e+002	-1.168957e+001
1.919983e+002	-1.213181e+001
1.920287e+002	-1.522821e+001
1.921508e+002	-1.699742e+001
1.924712e+002	-1.589152e+001
1.929902e+002	-1.191029e+001
1.927458e+002	-1.898761e+001
1.929747e+002	-1.920868e+001
1.933715e+002	-1.699698e+001
1.944399e+002	-5.053922e+000
1.946688e+002	-5.274994e+000
1.948366e+002	-6.380715e+000
1.953556e+002	-2.399712e+000
1.955234e+002	-3.505436e+000
1.953706e+002	-9.255558e+000
1.954163e+002	-1.213057e+001
1.953247e+002	-1.699627e+001
1.957062e+002	-1.500573e+001
1.959503e+002	-1.500564e+001
1.962708e+002	-1.389974e+001
1.967287e+002	-1.080316e+001
1.967133e+002	-1.456305e+001
1.968659e+002	-1.588993e+001
1.977206e+002	-7.043146e+000
1.975679e+002	-1.279327e+001
1.979036e+002	-1.146621e+001
1.982088e+002	-1.058147e+001
1.981171e+002	-1.544717e+001
1.978881e+002	-2.230310e+001
1.985138e+002	-1.677396e+001
1.991244e+002	-1.146577e+001
1.992922e+002	-1.257149e+001
1.997042e+002	-1.013862e+001
1.999636e+002	-9.917369e+000
2.003910e+002	-7.263338e+000
2.003451e+002	-1.146533e+001
2.006961e+002	-9.917102e+000
2.002991e+002	-1.920604e+001
2.007112e+002	-1.677317e+001
2.014132e+002	-1.013800e+001
2.016269e+002	-1.058024e+001
2.022832e+002	-4.608776e+000
2.025426e+002	-4.387525e+000
2.025272e+002	-8.147192e+000
2.022676e+002	-1.544567e+001
2.026186e+002	-1.389745e+001
2.033055e+002	-7.483442e+000
2.030459e+002	-1.478192e+001
2.034427e+002	-1.256999e+001
2.038089e+002	-1.080061e+001
2.040378e+002	-1.102168e+001
2.045415e+002	-7.261839e+000
2.047398e+002	-7.925236e+000
2.050145e+002	-7.482824e+000
2.052128e+002	-8.146221e+000
2.055944e+002	-6.155677e+000
2.060980e+002	-2.395834e+000
2.061132e+002	-5.713174e+000
2.059910e+002	-1.102097e+001
2.062657e+002	-1.057856e+001
2.062808e+002	-1.389612e+001
2.065402e+002	-1.367488e+001
2.067997e+002	-1.345362e+001
2.069217e+002	-1.522283e+001
2.071353e+002	-1.566507e+001
2.077916e+002	-9.693384e+000
2.077152e+002	-1.433792e+001
2.080967e+002	-1.234715e+001
2.088904e+002	-4.385234e+000
2.094093e+002	-4.042310e-001
2.089513e+002	-1.057759e+001
2.087222e+002	-1.743375e+001
2.095770e+002	-8.586958e+000
2.096990e+002	-1.035617e+001
2.098210e+002	-1.212537e+001
2.102941e+002	-8.807855e+000
2.109199e+002	-3.278721e+000
2.110724e+002	-4.605601e+000
2.113166e+002	-4.605513e+000
2.114386e+002	-6.374721e+000
2.113012e+002	-1.190368e+001
2.112400e+002	-1.632705e+001
2.114383e+002	-1.699045e+001
2.115604e+002	-1.875966e+001
2.121403e+002	-1.389401e+001
2.125372e+002	-1.168208e+001
2.127202e+002	-1.256664e+001
2.132697e+002	-8.143312e+000
2.133612e+002	-1.035484e+001
2.135443e+002	-1.123940e+001
2.135136e+002	-1.522045e+001
2.142005e+002	-8.806445e+000
2.147194e+002	-4.825442e+000
2.149177e+002	-5.488838e+000
2.145666e+002	-1.411429e+001
2.151008e+002	-9.911902e+000
2.156502e+002	-5.488575e+000
2.151464e+002	-1.632564e+001
2.152073e+002	-1.897950e+001
2.158483e+002	-1.322920e+001
2.162299e+002	-1.123843e+001
2.168862e+002	-5.266973e+000
2.166571e+002	-1.212290e+001
2.171302e+002	-8.805389e+000
2.173439e+002	-9.247624e+000
2.174659e+002	-1.101683e+001
2.175726e+002	-1.300720e+001
2.179694e+002	-1.079549e+001
2.183357e+002	-9.026110e+000
2.177250e+002	-2.141131e+001
2.179539e+002	-2.163239e+001
2.185491e+002	-1.654557e+001
2.189612e+002	-1.411270e+001
2.188085e+002	-1.986282e+001
2.193731e+002	-1.521834e+001
2.201210e+002	-7.919681e+000
2.200141e+002	-1.300632e+001
2.211741e+002	2.637043e-001
2.216015e+002	2.917735e+000
2.216166e+002	-3.998237e-001
2.210670e+002	-1.190016e+001
2.213264e+002	-1.167891e+001
2.216774e+002	-1.013068e+001
2.222421e+002	-5.486196e+000
2.221963e+002	-9.688183e+000
2.219367e+002	-1.698666e+001
2.225166e+002	-1.212079e+001
2.228219e+002	-1.123605e+001
2.233560e+002	-7.033889e+000
2.231117e+002	-1.411120e+001
2.236306e+002	-1.012998e+001
2.238900e+002	-9.908730e+000
2.241494e+002	-9.687478e+000
2.245615e+002	-7.254611e+000
2.245614e+002	-1.079311e+001
2.245918e+002	-1.388951e+001
2.251566e+002	-9.244804e+000
2.247748e+002	-1.831258e+001
