    nm         	pN
0.000000e+000	5.617017e+002
8.744872e-002	5.603695e+002
8.861669e-002	5.557171e+002
7.252388e-002	5.504006e+002
1.427162e-001	5.484043e+002
1.438841e-001	5.437520e+002
1.277913e-001	5.384355e+002
1.289535e-001	5.337829e+002
1.991516e-001	5.317868e+002
1.485416e-001	5.251421e+002
1.324531e-001	5.198257e+002
1.163588e-001	5.145092e+002
8.301104e-002	5.085287e+002
1.514892e-002	5.012201e+002
-9.453239e-004	4.959035e+002
3.473552e-002	4.925792e+002
1.386278e-003	4.865987e+002
-3.196296e-002	4.806181e+002
-9.983086e-002	4.733093e+002
-1.331787e-001	4.673288e+002
-9.749926e-002	4.640044e+002
-9.633057e-002	4.593521e+002
-1.296805e-001	4.533716e+002
-1.457733e-001	4.480550e+002
-2.136355e-001	4.407464e+002
-2.469847e-001	4.347659e+002
-1.767924e-001	4.327696e+002
-1.583673e-001	4.287813e+002
-2.262345e-001	4.214725e+002
-2.595844e-001	4.154919e+002
-3.101901e-001	4.088474e+002
-2.227356e-001	4.075153e+002
-2.560849e-001	4.015348e+002
-3.929771e-001	3.915699e+002
-4.435878e-001	3.849251e+002
-3.906513e-001	3.822649e+002
-4.412562e-001	3.756203e+002
-4.055761e-001	3.722960e+002
-3.871510e-001	3.683077e+002
-3.687273e-001	3.643194e+002
-3.157914e-001	3.616591e+002
-4.009136e-001	3.536863e+002
-4.170071e-001	3.483697e+002
-4.503564e-001	3.423892e+002
-4.319327e-001	3.384009e+002
-4.307640e-001	3.337486e+002
-3.260596e-001	3.330803e+002
-2.558608e-001	3.310842e+002
-3.237287e-001	3.237754e+002
-4.951316e-001	3.124826e+002
-5.629988e-001	3.051738e+002
-5.963480e-001	2.991933e+002
-6.296980e-001	2.932127e+002
-6.803036e-001	2.865681e+002
-6.446228e-001	2.832438e+002
-6.434606e-001	2.785913e+002
-6.422919e-001	2.739390e+002
-5.548432e-001	2.726067e+002
-6.227046e-001	2.652981e+002
-7.250839e-001	2.566613e+002
-7.929454e-001	2.493527e+002
-7.572645e-001	2.460284e+002
-6.870722e-001	2.440322e+002
-7.376779e-001	2.373876e+002
-8.228015e-001	2.294148e+002
-7.698642e-001	2.267545e+002
-6.996662e-001	2.247584e+002
-8.020455e-001	2.161216e+002
-8.871684e-001	2.081488e+002
-7.824589e-001	2.074808e+002
-7.812960e-001	2.028282e+002
-8.319024e-001	1.961836e+002
-8.134773e-001	1.921953e+002
-8.468265e-001	1.862148e+002
-9.664616e-001	1.769140e+002
-9.652994e-001	1.722614e+002
-9.296185e-001	1.689371e+002
-9.457063e-001	1.636208e+002
-9.617999e-001	1.583043e+002
-1.029667e+000	1.509955e+002
-9.249568e-001	1.503274e+002
-8.375023e-001	1.489954e+002
-9.226259e-001	1.410226e+002
-1.007743e+000	1.330500e+002
-1.058355e+000	1.264052e+002
-1.005418e+000	1.237449e+002
-1.004249e+000	1.190926e+002
-1.072111e+000	1.117840e+002
-1.088204e+000	1.064675e+002
-8.799524e-001	1.097837e+002
-6.889564e-001	1.124359e+002
-6.532755e-001	1.091116e+002
-6.175954e-001	1.057873e+002
-5.819203e-001	1.024628e+002
-6.670382e-001	9.449021e+001
-7.521611e-001	8.651740e+001
-7.682539e-001	8.120085e+001
-7.670859e-001	7.654854e+001
-5.933463e-001	7.853674e+001
-5.404091e-001	7.587646e+001
-6.082769e-001	6.856766e+001
-6.933941e-001	6.059508e+001
-6.232018e-001	5.859879e+001
-5.875209e-001	5.527450e+001
-5.173286e-001	5.327821e+001
-6.024458e-001	4.530562e+001
-6.357950e-001	3.932508e+001
-4.620612e-001	4.131306e+001
-4.263803e-001	3.798876e+001
-4.079559e-001	3.400044e+001
-3.377637e-001	3.200417e+001
-1.985413e-001	3.266413e+001
-3.181771e-001	2.336331e+001
-4.895807e-001	1.207047e+001
-4.366434e-001	9.410182e+000
-1.766173e-001	1.471865e+001
-8.916860e-002	1.338638e+001
5.005232e-002	1.404634e+001
-2.766651e-001	-3.223004e+000
-6.841404e-002	9.320978e-002
2.606364e-001	8.057712e+000
2.272871e-001	2.077155e+000
3.837703e-001	3.401361e+000
3.331661e-001	-3.243195e+000
9.272653e-002	-1.719251e+001
-6.142067e-002	-2.782135e+001
4.574636e-001	-1.255209e+001
6.657160e-001	-9.235861e+000
4.080201e-001	-2.384919e+001
5.817597e-001	-2.186099e+001
8.590422e-001	-1.588850e+001
8.429494e-001	-2.120505e+001
7.923437e-001	-2.784961e+001
1.173168e+000	-1.789286e+001
1.502218e+000	-9.928358e+000
1.658701e+000	-8.604152e+000
2.022269e+000	6.885821e-001
2.092463e+000	-1.307695e+000
1.903797e+000	-1.326476e+001
1.749650e+000	-2.389360e+001
1.595497e+000	-3.452266e+001
1.527635e+000	-4.183123e+001
1.822174e+000	-3.519474e+001
2.496373e+000	-1.394896e+001
3.067030e+000	3.312532e+000
3.085455e+000	-6.757633e-001
2.879527e+000	-1.329706e+001
3.053268e+000	-1.130886e+001
3.330549e+000	-5.336374e+000
3.245426e+000	-1.330918e+001
2.987738e+000	-2.792229e+001
3.006156e+000	-3.191082e+001
3.266182e+000	-2.660235e+001
3.836839e+000	-9.340835e+000
4.079604e+000	-4.696593e+000
3.925457e+000	-1.532543e+001
3.650506e+000	-3.060277e+001
3.651668e+000	-3.525531e+001
3.877182e+000	-3.127485e+001
4.119947e+000	-2.663061e+001
4.069341e+000	-3.327517e+001
3.915188e+000	-4.390423e+001
3.605724e+000	-6.050959e+001
3.658662e+000	-6.316987e+001
4.453665e+000	-3.727560e+001
5.007061e+000	-2.067831e+001
4.939198e+000	-2.798689e+001
4.974879e+000	-3.131119e+001
4.682666e+000	-4.725276e+001
4.735602e+000	-4.991305e+001
5.375290e+000	-2.999528e+001
5.859661e+000	-1.605404e+001
5.429395e+000	-3.730790e+001
5.206212e+000	-5.059321e+001
5.742351e+000	-3.465994e+001
5.916093e+000	-3.267173e+001
5.848230e+000	-3.998030e+001
5.832136e+000	-4.529685e+001
6.092162e+000	-3.998838e+001
6.386701e+000	-3.335188e+001
6.284322e+000	-4.198870e+001
6.216460e+000	-4.929727e+001
5.958765e+000	-6.391061e+001
5.959927e+000	-6.856314e+001
6.306240e+000	-5.993440e+001
6.531748e+000	-5.595416e+001
6.239541e+000	-7.189551e+001
6.050876e+000	-8.385259e+001
6.155587e+000	-8.452063e+001
6.001438e+000	-9.514947e+001
6.054375e+000	-9.780977e+001
6.435199e+000	-8.785302e+001
6.419105e+000	-9.316956e+001
6.627357e+000	-8.985333e+001
7.180759e+000	-7.325583e+001
7.061125e+000	-8.255665e+001
6.630857e+000	-1.038105e+002
6.666538e+000	-1.071348e+002
6.788504e+000	-1.071389e+002
6.755155e+000	-1.131194e+002
6.773573e+000	-1.171079e+002
7.016343e+000	-1.124635e+002
7.276369e+000	-1.071550e+002
7.122216e+000	-1.177841e+002
7.209671e+000	-1.191161e+002
7.262607e+000	-1.217764e+002
7.073942e+000	-1.337335e+002
7.006074e+000	-1.410423e+002
7.093528e+000	-1.423743e+002
7.077436e+000	-1.476909e+002
7.251175e+000	-1.457027e+002
8.046173e+000	-1.198086e+002
8.910206e+000	-9.125807e+001
9.463601e+000	-7.466078e+001
9.758139e+000	-6.802430e+001
1.019074e+001	-5.607529e+001
1.045076e+001	-5.076682e+001
1.086611e+001	-3.948183e+001
1.124693e+001	-2.952508e+001
1.136890e+001	-2.952912e+001
1.173246e+001	-2.023637e+001
1.206152e+001	-1.227164e+001
1.214897e+001	-1.360392e+001
1.182225e+001	-3.087328e+001
1.182341e+001	-3.552583e+001
1.192812e+001	-3.619387e+001
1.199831e+001	-3.819015e+001
1.225834e+001	-3.288169e+001
1.257013e+001	-2.558118e+001
1.243324e+001	-3.554601e+001
1.226183e+001	-4.683908e+001
1.214220e+001	-5.613989e+001
1.221240e+001	-5.813596e+001
1.243790e+001	-5.415573e+001
1.300856e+001	-3.689422e+001
1.337213e+001	-2.760147e+001
1.335604e+001	-3.291802e+001
1.327091e+001	-4.089082e+001
1.339288e+001	-4.089486e+001
1.346308e+001	-4.289092e+001
1.339521e+001	-5.019971e+001
1.318929e+001	-6.282080e+001
1.339754e+001	-5.950457e+001
1.381288e+001	-4.821958e+001
1.410742e+001	-4.158309e+001
1.412585e+001	-4.557140e+001
1.381638e+001	-6.217698e+001
1.380029e+001	-6.749330e+001
1.388774e+001	-6.882558e+001
1.392342e+001	-7.214988e+001
1.409716e+001	-7.016168e+001
1.463330e+001	-5.422840e+001
1.454818e+001	-6.220121e+001
1.442854e+001	-7.150203e+001
1.444696e+001	-7.549033e+001
1.479328e+001	-6.686159e+001
1.489799e+001	-6.752964e+001
1.460577e+001	-8.347121e+001
1.458969e+001	-8.878754e+001
1.509131e+001	-7.418228e+001
1.554117e+001	-6.156928e+001
1.583571e+001	-5.493278e+001
1.575058e+001	-6.290559e+001
1.538934e+001	-8.150319e+001
1.547680e+001	-8.283525e+001
1.563328e+001	-8.151126e+001
1.565170e+001	-8.549957e+001
1.579093e+001	-8.483960e+001
1.574032e+001	-9.148416e+001
1.546537e+001	-1.067615e+002
1.550105e+001	-1.100858e+002
1.600268e+001	-9.548055e+001
1.629721e+001	-8.884406e+001
1.659175e+001	-8.220757e+001
1.664469e+001	-8.486787e+001
1.647328e+001	-9.616093e+001
1.661251e+001	-9.550074e+001
1.666544e+001	-9.816103e+001
1.682192e+001	-9.683705e+001
1.715098e+001	-8.887232e+001
1.701408e+001	-9.883737e+001
1.684268e+001	-1.101302e+002
1.691287e+001	-1.121265e+002
1.700032e+001	-1.134586e+002
1.726034e+001	-1.081503e+002
1.748586e+001	-1.041698e+002
1.740074e+001	-1.121426e+002
1.753996e+001	-1.114827e+002
1.779998e+001	-1.061742e+002
1.792195e+001	-1.061782e+002
1.802666e+001	-1.068463e+002
1.820040e+001	-1.048583e+002
1.840865e+001	-1.015419e+002
1.863416e+001	-9.756162e+001
1.880790e+001	-9.557341e+001
1.886084e+001	-9.823370e+001
1.896554e+001	-9.890197e+001
1.870785e+001	-1.135151e+002
1.896787e+001	-1.082068e+002
1.984916e+001	-7.899228e+001
2.024724e+001	-6.837152e+001
2.047276e+001	-6.439106e+001
2.059472e+001	-6.439510e+001
2.035428e+001	-7.834443e+001
1.999305e+001	-9.694203e+001
2.023582e+001	-9.229757e+001
2.059939e+001	-8.300482e+001
2.077312e+001	-8.101683e+001
2.125749e+001	-6.707558e+001
2.172460e+001	-5.379857e+001
2.167399e+001	-6.044313e+001
2.181322e+001	-5.978316e+001
2.262548e+001	-3.322487e+001
2.314436e+001	-1.795561e+001
2.326633e+001	-1.795964e+001
2.288783e+001	-3.722126e+001
2.261288e+001	-5.249860e+001
2.283839e+001	-4.851836e+001
2.320196e+001	-3.922561e+001
2.335844e+001	-3.790141e+001
2.344589e+001	-3.923369e+001
2.375769e+001	-3.193297e+001
2.396594e+001	-2.861674e+001
2.377728e+001	-4.057382e+001
2.350233e+001	-5.585116e+001
2.377961e+001	-4.987867e+001
2.386706e+001	-5.121095e+001
2.390274e+001	-5.453525e+001
2.426631e+001	-4.524250e+001
2.450908e+001	-4.059805e+001
2.473458e+001	-3.661782e+001
2.504638e+001	-2.931731e+001
2.497852e+001	-3.662589e+001
2.489339e+001	-4.459869e+001
2.484279e+001	-5.124325e+001
2.482670e+001	-5.655980e+001
2.474158e+001	-6.453239e+001
2.467371e+001	-7.184117e+001
2.508905e+001	-6.055619e+001
2.576325e+001	-3.931040e+001
2.581619e+001	-4.197070e+001
2.567930e+001	-5.193553e+001
2.566320e+001	-5.725207e+001
2.581969e+001	-5.592787e+001
2.599342e+001	-5.393989e+001
2.623619e+001	-4.929542e+001
2.653073e+001	-4.265893e+001
2.672173e+001	-4.000671e+001
2.686095e+001	-3.934674e+001
2.708646e+001	-3.536650e+001
2.701860e+001	-4.267508e+001
2.698525e+001	-4.865564e+001
2.721075e+001	-4.467541e+001
2.748804e+001	-3.870292e+001
2.769629e+001	-3.538670e+001
2.769746e+001	-4.003901e+001
2.754330e+001	-5.066807e+001
2.768253e+001	-5.000788e+001
2.802884e+001	-4.137936e+001
2.813355e+001	-4.204741e+001
2.775506e+001	-6.130901e+001
2.766993e+001	-6.928182e+001
2.820608e+001	-5.334833e+001
2.834530e+001	-5.268835e+001
2.845001e+001	-5.335640e+001
2.852020e+001	-5.535269e+001
2.878023e+001	-5.004421e+001
2.916105e+001	-4.008746e+001
2.930027e+001	-3.942750e+001
2.930144e+001	-4.407981e+001
2.928535e+001	-4.939636e+001
2.939006e+001	-5.006440e+001
2.968460e+001	-4.342791e+001
3.018623e+001	-2.882265e+001
3.029093e+001	-2.949092e+001
3.036113e+001	-3.148699e+001
3.056938e+001	-2.817076e+001
3.046700e+001	-3.680757e+001
3.048543e+001	-4.079589e+001
3.060739e+001	-4.079992e+001
3.026341e+001	-5.873351e+001
3.009200e+001	-7.002658e+001
3.035203e+001	-6.471811e+001
3.054302e+001	-6.206589e+001
3.054419e+001	-6.671843e+001
3.085599e+001	-5.941771e+001
3.125407e+001	-4.879695e+001
3.135878e+001	-4.946499e+001
3.135994e+001	-5.411753e+001
3.180979e+001	-4.150453e+001
3.232867e+001	-2.623526e+001
3.229533e+001	-3.221560e+001
3.241730e+001	-3.221963e+001
3.259104e+001	-3.023165e+001
3.238511e+001	-4.285273e+001
3.240354e+001	-4.684103e+001
3.262905e+001	-4.286080e+001
3.282004e+001	-4.020859e+001
3.314910e+001	-3.224386e+001
3.315026e+001	-3.689640e+001
3.334126e+001	-3.424418e+001
3.303179e+001	-5.084975e+001
3.273958e+001	-6.679110e+001
3.327572e+001	-5.085784e+001
3.365655e+001	-4.090086e+001
3.388206e+001	-3.692063e+001
3.407305e+001	-3.426840e+001
3.400519e+001	-4.157720e+001
3.397184e+001	-4.755776e+001
3.405929e+001	-4.888982e+001
3.442286e+001	-3.959707e+001
3.457934e+001	-3.827286e+001
3.439068e+001	-5.022994e+001
3.430556e+001	-5.820274e+001
3.437575e+001	-6.019903e+001
3.435966e+001	-6.551535e+001
3.455065e+001	-6.286336e+001
3.479342e+001	-5.821889e+001
3.482910e+001	-6.154319e+001
3.488204e+001	-6.420349e+001
3.529738e+001	-5.291849e+001
3.579901e+001	-3.831325e+001
3.600726e+001	-3.499701e+001
3.576682e+001	-4.894633e+001
3.573347e+001	-5.492689e+001
3.599350e+001	-4.961842e+001
3.613272e+001	-4.895845e+001
3.620291e+001	-5.095474e+001
3.630762e+001	-5.162279e+001
3.637782e+001	-5.361884e+001
3.658607e+001	-5.030262e+001
3.674255e+001	-4.897863e+001
3.703709e+001	-4.234215e+001
3.734889e+001	-3.504143e+001
3.733280e+001	-4.035798e+001
3.721316e+001	-4.965880e+001
3.692096e+001	-6.560014e+001
3.707743e+001	-6.427616e+001
3.754454e+001	-5.099915e+001
3.730411e+001	-6.494824e+001
3.763316e+001	-5.698374e+001
3.829010e+001	-3.640196e+001
3.848110e+001	-3.374975e+001
3.825792e+001	-4.703484e+001
3.829360e+001	-5.035914e+001
3.845008e+001	-4.903516e+001
3.841673e+001	-5.501572e+001
3.831435e+001	-6.365253e+001
3.816020e+001	-7.428136e+001
3.829943e+001	-7.362140e+001
3.847316e+001	-7.163319e+001
3.833627e+001	-8.159824e+001
3.823389e+001	-9.023504e+001
3.849392e+001	-8.492658e+001
3.871943e+001	-8.094612e+001
3.920379e+001	-6.700510e+001
3.973993e+001	-5.107182e+001
3.946499e+001	-6.634916e+001
3.944890e+001	-7.166549e+001
3.950183e+001	-7.432578e+001
3.965831e+001	-7.300180e+001
4.021171e+001	-5.640430e+001
4.014385e+001	-6.371309e+001
4.024856e+001	-6.438114e+001
4.037052e+001	-6.438517e+001
4.023363e+001	-7.435000e+001
4.009673e+001	-8.431505e+001
4.011516e+001	-8.830336e+001
4.032341e+001	-8.498714e+001
4.044538e+001	-8.499117e+001
4.046380e+001	-8.897948e+001
4.034417e+001	-9.828030e+001
4.034533e+001	-1.029328e+002
4.074341e+001	-9.231186e+001
4.119327e+001	-7.969884e+001
4.112541e+001	-8.700742e+001
4.066062e+001	-1.095895e+002
4.057550e+001	-1.175621e+002
4.078376e+001	-1.142459e+002
4.094024e+001	-1.129219e+002
4.094140e+001	-1.175742e+002
4.121868e+001	-1.116020e+002
4.149596e+001	-1.056295e+002
4.166970e+001	-1.036413e+002
4.168812e+001	-1.076296e+002
4.170655e+001	-1.116181e+002
4.158691e+001	-1.209189e+002
4.126019e+001	-1.381883e+002
4.155473e+001	-1.315518e+002
4.209087e+001	-1.156185e+002
4.219558e+001	-1.162866e+002
4.216223e+001	-1.222671e+002
4.228420e+001	-1.222712e+002
4.268227e+001	-1.116504e+002
4.306311e+001	-1.016934e+002
4.325410e+001	-9.904121e+001
4.303092e+001	-1.123265e+002
4.277322e+001	-1.269398e+002
4.282617e+001	-1.295999e+002
4.313796e+001	-1.222994e+002
4.301832e+001	-1.316002e+002
4.257080e+001	-1.535181e+002
4.260648e+001	-1.568424e+002
4.309085e+001	-1.429014e+002
4.350619e+001	-1.316164e+002
4.326575e+001	-1.455657e+002
4.335320e+001	-1.468978e+002
4.371677e+001	-1.376050e+002
4.361439e+001	-1.462418e+002
4.328767e+001	-1.635114e+002
4.306449e+001	-1.767965e+002
4.297937e+001	-1.847693e+002
4.310133e+001	-1.847733e+002
4.315428e+001	-1.874334e+002
4.334527e+001	-1.847814e+002
4.360529e+001	-1.794730e+002
4.400338e+001	-1.688520e+002
4.402180e+001	-1.728405e+002
4.390216e+001	-1.821413e+002
4.400687e+001	-1.828094e+002
4.405981e+001	-1.854697e+002
4.426806e+001	-1.821534e+002
4.506306e+001	-1.562592e+002
4.620321e+001	-1.170838e+002
4.730884e+001	-7.923672e+001
4.787950e+001	-6.197521e+001
4.794969e+001	-6.397149e+001
4.767474e+001	-7.924883e+001
4.800379e+001	-7.128410e+001
4.885057e+001	-4.339780e+001
4.885173e+001	-4.805034e+001
4.847324e+001	-6.731195e+001
4.856069e+001	-6.864400e+001
4.857911e+001	-7.263253e+001
4.849399e+001	-8.060511e+001
4.901288e+001	-6.533585e+001
4.918661e+001	-6.334785e+001
4.849748e+001	-9.456250e+001
4.823979e+001	-1.091758e+002
4.868965e+001	-9.656261e+001
4.898419e+001	-8.992612e+001
4.903712e+001	-9.258641e+001
4.946972e+001	-8.063741e+001
4.953991e+001	-8.263369e+001
4.969640e+001	-8.130949e+001
4.990465e+001	-7.799327e+001
4.981953e+001	-8.596607e+001
4.968264e+001	-9.593090e+001
4.932140e+001	-1.145285e+002
4.920176e+001	-1.238293e+002
4.927196e+001	-1.258256e+002
4.968730e+001	-1.145406e+002
5.025795e+001	-9.727932e+001
5.050072e+001	-9.263487e+001
5.058817e+001	-9.396713e+001
5.074465e+001	-9.264294e+001
5.060776e+001	-1.026078e+002
5.105762e+001	-8.999476e+001
5.155924e+001	-7.538951e+001
5.169846e+001	-7.472954e+001
5.111288e+001	-1.019599e+002
5.083793e+001	-1.172372e+002
5.128778e+001	-1.046242e+002
5.134072e+001	-1.072845e+002
5.141091e+001	-1.092808e+002
5.177448e+001	-9.998807e+001
5.237966e+001	-8.139833e+001
5.303659e+001	-6.081678e+001
5.293422e+001	-6.945358e+001
5.252121e+001	-9.004321e+001
5.260866e+001	-9.137548e+001
5.281691e+001	-8.805926e+001
5.299065e+001	-8.607105e+001
5.316439e+001	-8.408284e+001
5.338990e+001	-8.010261e+001
5.352912e+001	-7.944263e+001
5.363383e+001	-8.011068e+001
5.344517e+001	-9.206776e+001
5.318747e+001	-1.066811e+002
5.325767e+001	-1.086771e+002
5.358672e+001	-1.007126e+002
5.377772e+001	-9.806042e+001
5.362357e+001	-1.086893e+002
5.367651e+001	-1.113495e+002
5.383298e+001	-1.100256e+002
5.395495e+001	-1.100296e+002
5.418046e+001	-1.060494e+002
5.406082e+001	-1.153502e+002
5.414828e+001	-1.166822e+002
5.446007e+001	-1.093818e+002
5.442672e+001	-1.153623e+002
5.423806e+001	-1.273194e+002
5.436002e+001	-1.273234e+002
5.444748e+001	-1.286555e+002
5.469025e+001	-1.240110e+002
5.467415e+001	-1.293275e+002
5.470984e+001	-1.326519e+002
5.514243e+001	-1.207029e+002
5.507457e+001	-1.280117e+002
5.511025e+001	-1.313360e+002
5.543930e+001	-1.233712e+002
5.535418e+001	-1.313440e+002
5.554518e+001	-1.286918e+002
5.601229e+001	-1.154148e+002
5.599620e+001	-1.207311e+002
5.579027e+001	-1.333524e+002
5.603304e+001	-1.287080e+002
5.598244e+001	-1.353525e+002
5.617343e+001	-1.327003e+002
5.608831e+001	-1.406731e+002
5.610673e+001	-1.446614e+002
5.638401e+001	-1.386889e+002
5.629889e+001	-1.466618e+002
5.588588e+001	-1.672516e+002
5.604236e+001	-1.659274e+002
5.650947e+001	-1.526504e+002
5.673498e+001	-1.486701e+002
5.668438e+001	-1.553147e+002
5.687537e+001	-1.526625e+002
5.727346e+001	-1.420415e+002
5.753348e+001	-1.367332e+002
5.744836e+001	-1.447058e+002
5.724244e+001	-1.573269e+002
5.717457e+001	-1.646357e+002
5.726203e+001	-1.659678e+002
5.748754e+001	-1.619875e+002
5.797191e+001	-1.480463e+002
5.862884e+001	-1.274647e+002
5.907870e+001	-1.148515e+002
5.892455e+001	-1.254806e+002
5.887394e+001	-1.321251e+002
5.918574e+001	-1.248246e+002
5.941125e+001	-1.208442e+002
5.953322e+001	-1.208482e+002
5.936181e+001	-1.321413e+002
5.934572e+001	-1.374578e+002
5.958849e+001	-1.328134e+002
5.991754e+001	-1.248489e+002
6.010853e+001	-1.221966e+002
6.000615e+001	-1.308334e+002
6.021440e+001	-1.275172e+002
6.059523e+001	-1.175602e+002
6.038932e+001	-1.301813e+002
6.033871e+001	-1.368261e+002
6.077130e+001	-1.248771e+002
6.085876e+001	-1.262092e+002
6.075638e+001	-1.348460e+002
6.079205e+001	-1.381703e+002
6.115562e+001	-1.288775e+002
6.143291e+001	-1.229051e+002
6.141681e+001	-1.282216e+002
6.119364e+001	-1.415067e+002
6.128109e+001	-1.428390e+002
6.140305e+001	-1.428430e+002
6.157679e+001	-1.408548e+002
6.171602e+001	-1.401948e+002
6.178621e+001	-1.421909e+002
6.206349e+001	-1.362184e+002
6.204740e+001	-1.415350e+002
6.177245e+001	-1.568123e+002
6.185990e+001	-1.581446e+002
6.201638e+001	-1.568204e+002
6.208658e+001	-1.588167e+002
6.184614e+001	-1.727658e+002
6.162296e+001	-1.860511e+002
6.181396e+001	-1.833988e+002
6.217752e+001	-1.741061e+002
6.255835e+001	-1.641494e+002
6.288740e+001	-1.561846e+002
6.302663e+001	-1.555247e+002
6.316585e+001	-1.548647e+002
6.323604e+001	-1.568607e+002
6.297835e+001	-1.714741e+002
6.296226e+001	-1.767906e+002
6.341211e+001	-1.641776e+002
6.315442e+001	-1.787907e+002
6.301752e+001	-1.887558e+002
6.329481e+001	-1.827833e+002
6.345129e+001	-1.814591e+002
6.346971e+001	-1.854476e+002
6.379877e+001	-1.774829e+002
6.428314e+001	-1.635417e+002
6.424979e+001	-1.695222e+002
6.421644e+001	-1.755028e+002
6.445920e+001	-1.708585e+002
6.454665e+001	-1.721906e+002
6.454782e+001	-1.768431e+002
6.463527e+001	-1.781752e+002
6.472272e+001	-1.795074e+002
6.453406e+001	-1.914645e+002
6.453522e+001	-1.961168e+002
6.443285e+001	-2.047536e+002
6.420967e+001	-2.180387e+002
6.471129e+001	-2.034335e+002
6.474697e+001	-2.067580e+002
6.457557e+001	-2.180509e+002
6.454222e+001	-2.240314e+002
6.456064e+001	-2.280199e+002
6.469987e+001	-2.273597e+002
6.471829e+001	-2.313483e+002
6.468493e+001	-2.373289e+002
6.463433e+001	-2.439734e+002
6.465275e+001	-2.479617e+002
6.487826e+001	-2.439815e+002
6.522458e+001	-2.353527e+002
6.512219e+001	-2.439896e+002
6.489902e+001	-2.572746e+002
6.515904e+001	-2.519661e+002
6.548809e+001	-2.440017e+002
6.579990e+001	-2.367009e+002
6.605991e+001	-2.313927e+002
6.611285e+001	-2.340530e+002
6.602773e+001	-2.420256e+002
6.606341e+001	-2.453499e+002
6.601281e+001	-2.519944e+002
6.568608e+001	-2.692640e+002
6.565273e+001	-2.752446e+002
6.584373e+001	-2.725923e+002
6.598295e+001	-2.719324e+002
6.596686e+001	-2.772489e+002
6.588174e+001	-2.852215e+002
6.621079e+001	-2.772570e+002
6.633276e+001	-2.772610e+002
6.628215e+001	-2.839056e+002
6.633509e+001	-2.865659e+002
6.637077e+001	-2.898902e+002
6.652725e+001	-2.885660e+002
6.671824e+001	-2.859140e+002
6.665038e+001	-2.932226e+002
6.647898e+001	-3.045156e+002
6.653191e+001	-3.071759e+002
6.675742e+001	-3.031955e+002
6.662052e+001	-3.131605e+002
6.641461e+001	-3.257816e+002
6.676092e+001	-3.171529e+002
6.712448e+001	-3.078602e+002
6.719468e+001	-3.098562e+002
6.736842e+001	-3.078682e+002
6.742135e+001	-3.105285e+002
6.728446e+001	-3.204933e+002
6.718209e+001	-3.291301e+002
6.726954e+001	-3.304622e+002
6.740876e+001	-3.298022e+002
6.756524e+001	-3.284782e+002
6.730755e+001	-3.430914e+002
6.722242e+001	-3.510641e+002
6.725811e+001	-3.543884e+002
6.727653e+001	-3.583767e+002
6.769186e+001	-3.470920e+002
6.798641e+001	-3.404553e+002
6.783226e+001	-3.510843e+002
6.798874e+001	-3.497604e+002
6.823151e+001	-3.451159e+002
6.806010e+001	-3.564090e+002
6.762983e+001	-3.776628e+002
6.759648e+001	-3.836434e+002
6.787376e+001	-3.776709e+002
6.801299e+001	-3.770109e+002
6.787609e+001	-3.869758e+002
6.767017e+001	-3.995968e+002
6.805099e+001	-3.896401e+002
6.817296e+001	-3.896441e+002
6.801881e+001	-4.002730e+002
6.815804e+001	-3.996130e+002
6.836629e+001	-3.962968e+002
6.916130e+001	-3.704025e+002
7.087093e+001	-3.093133e+002
7.308103e+001	-2.289666e+002
7.408311e+001	-1.951037e+002
7.442942e+001	-1.864750e+002
7.513814e+001	-1.639010e+002
7.555347e+001	-1.526162e+002
7.550287e+001	-1.592608e+002
7.555580e+001	-1.619211e+002
7.566052e+001	-1.625891e+002
7.600683e+001	-1.539604e+002
7.600799e+001	-1.586129e+002
7.611270e+001	-1.592810e+002
7.635547e+001	-1.546365e+002
7.685710e+001	-1.400313e+002
7.704809e+001	-1.373792e+002
7.723909e+001	-1.347270e+002
7.708494e+001	-1.453559e+002
7.715513e+001	-1.473522e+002
7.748419e+001	-1.393874e+002
7.798582e+001	-1.247822e+002
7.833212e+001	-1.161537e+002
7.881649e+001	-1.022124e+002
7.893846e+001	-1.022165e+002
7.859447e+001	-1.201500e+002
7.814695e+001	-1.420679e+002
7.814812e+001	-1.467205e+002
7.871878e+001	-1.294589e+002
7.904783e+001	-1.214942e+002
7.899722e+001	-1.281390e+002
7.899839e+001	-1.327913e+002
7.903407e+001	-1.361156e+002
7.872460e+001	-1.527212e+002
7.844965e+001	-1.679985e+002
7.908933e+001	-1.480808e+002
7.986708e+001	-1.228507e+002
8.017888e+001	-1.155500e+002
8.005924e+001	-1.248508e+002
7.969800e+001	-1.434486e+002
7.985448e+001	-1.421244e+002
8.025256e+001	-1.315037e+002
8.030550e+001	-1.341640e+002
8.030667e+001	-1.388163e+002
8.058395e+001	-1.328438e+002
8.063689e+001	-1.355041e+002
8.065531e+001	-1.394924e+002
8.072551e+001	-1.414887e+002
8.093375e+001	-1.381725e+002
8.155619e+001	-1.189187e+002
8.193701e+001	-1.089620e+002
8.162754e+001	-1.255675e+002
8.118002e+001	-1.474854e+002
8.150907e+001	-1.395207e+002
8.178636e+001	-1.335482e+002
8.209815e+001	-1.262477e+002
8.227189e+001	-1.242595e+002
8.234208e+001	-1.262558e+002
8.272291e+001	-1.162990e+002
8.289665e+001	-1.143108e+002
8.263896e+001	-1.289241e+002
8.236400e+001	-1.442015e+002
8.252049e+001	-1.428773e+002
8.278051e+001	-1.375690e+002
8.297150e+001	-1.349168e+002
8.300718e+001	-1.382411e+002
8.281852e+001	-1.501982e+002
8.285420e+001	-1.535225e+002
8.306245e+001	-1.502063e+002
8.365036e+001	-1.322807e+002
8.403119e+001	-1.223240e+002
8.410139e+001	-1.243200e+002
8.386095e+001	-1.382694e+002
8.367228e+001	-1.502264e+002
8.379425e+001	-1.502305e+002
8.401976e+001	-1.462500e+002
8.414173e+001	-1.462541e+002
8.434998e+001	-1.429378e+002
8.443743e+001	-1.442701e+002
8.438683e+001	-1.509147e+002
8.462959e+001	-1.462702e+002
8.476881e+001	-1.456102e+002
8.468369e+001	-1.535830e+002
8.463309e+001	-1.602276e+002
8.496215e+001	-1.522629e+002
8.523943e+001	-1.462904e+002
8.475738e+001	-1.695365e+002
8.451695e+001	-1.834858e+002
8.491503e+001	-1.728648e+002
8.520957e+001	-1.662284e+002
8.543508e+001	-1.622481e+002
8.567785e+001	-1.576037e+002
8.583433e+001	-1.562797e+002
8.588727e+001	-1.589400e+002
8.564683e+001	-1.728891e+002
8.559623e+001	-1.795336e+002
8.570093e+001	-1.802019e+002
8.575387e+001	-1.828620e+002
8.592760e+001	-1.808740e+002
8.591151e+001	-1.861905e+002
8.620606e+001	-1.795538e+002
8.656962e+001	-1.702611e+002
8.676062e+001	-1.676089e+002
8.693436e+001	-1.656209e+002
8.695278e+001	-1.696092e+002
8.683314e+001	-1.789100e+002
8.695511e+001	-1.789140e+002
8.716336e+001	-1.755978e+002
8.699195e+001	-1.868909e+002
8.659620e+001	-2.068165e+002
8.678720e+001	-2.041643e+002
8.711625e+001	-1.961998e+002
8.725547e+001	-1.955398e+002
8.734293e+001	-1.968718e+002
8.751667e+001	-1.948836e+002
8.760411e+001	-1.962159e+002
8.776060e+001	-1.948917e+002
8.765822e+001	-2.035285e+002
8.762487e+001	-2.095091e+002
8.772958e+001	-2.101771e+002
8.750640e+001	-2.234624e+002
8.747305e+001	-2.294430e+002
8.742244e+001	-2.360876e+002
8.737184e+001	-2.427321e+002
8.735574e+001	-2.480487e+002
8.780560e+001	-2.354357e+002
8.866963e+001	-2.068851e+002
8.955092e+001	-1.776708e+002
9.051849e+001	-1.451360e+002
9.146881e+001	-1.132654e+002
9.153900e+001	-1.152615e+002
9.102245e+001	-1.398356e+002
9.059218e+001	-1.610895e+002
9.112832e+001	-1.451562e+002
9.185430e+001	-1.219182e+002
9.213157e+001	-1.159457e+002
9.216726e+001	-1.192700e+002
9.216842e+001	-1.239225e+002
9.204879e+001	-1.332233e+002
9.204994e+001	-1.378759e+002
9.222369e+001	-1.358877e+002
9.251823e+001	-1.292512e+002
9.250213e+001	-1.345677e+002
9.265862e+001	-1.332435e+002
9.269429e+001	-1.365678e+002
9.267821e+001	-1.418844e+002
9.267937e+001	-1.465367e+002
9.285311e+001	-1.445487e+002
9.266444e+001	-1.565058e+002
9.257932e+001	-1.644783e+002
9.278757e+001	-1.611621e+002
9.327194e+001	-1.472211e+002
9.389437e+001	-1.279673e+002
9.406811e+001	-1.259794e+002
9.400024e+001	-1.332879e+002
9.374255e+001	-1.479013e+002
9.362292e+001	-1.572021e+002
9.377939e+001	-1.558781e+002
9.395313e+001	-1.538899e+002
9.395430e+001	-1.585422e+002
9.412803e+001	-1.565542e+002
9.438806e+001	-1.512458e+002
9.469986e+001	-1.439453e+002
9.447668e+001	-1.572304e+002
9.449510e+001	-1.612187e+002
9.503124e+001	-1.452854e+002
9.496338e+001	-1.525940e+002
9.484375e+001	-1.618948e+002
9.484491e+001	-1.665473e+002
9.526025e+001	-1.552623e+002
9.567559e+001	-1.439776e+002
9.564224e+001	-1.499581e+002
9.566066e+001	-1.539464e+002
9.581714e+001	-1.526222e+002
9.588734e+001	-1.546185e+002
9.587124e+001	-1.599351e+002
9.575161e+001	-1.692359e+002
9.575277e+001	-1.738882e+002
9.585748e+001	-1.745565e+002
9.613476e+001	-1.685840e+002
9.632576e+001	-1.659318e+002
9.658579e+001	-1.606233e+002
9.681130e+001	-1.566430e+002
9.682972e+001	-1.606314e+002
9.679637e+001	-1.666119e+002
9.690108e+001	-1.672800e+002
9.704030e+001	-1.666200e+002
9.726581e+001	-1.626397e+002
9.724972e+001	-1.679561e+002
9.721637e+001	-1.739366e+002
9.761445e+001	-1.633159e+002
9.775368e+001	-1.626559e+002
9.770307e+001	-1.693005e+002
9.746264e+001	-1.832496e+002
9.725671e+001	-1.958709e+002
9.755125e+001	-1.892342e+002
9.807014e+001	-1.739649e+002
9.819210e+001	-1.739690e+002
9.802070e+001	-1.852620e+002
9.874667e+001	-1.620240e+002
9.914475e+001	-1.514032e+002
9.897334e+001	-1.626963e+002
9.887096e+001	-1.713331e+002
9.887213e+001	-1.759854e+002
9.861444e+001	-1.905987e+002
9.833948e+001	-2.058761e+002
9.863402e+001	-1.992396e+002
9.898033e+001	-1.906108e+002
9.906778e+001	-1.919429e+002
9.903444e+001	-1.979235e+002
9.907012e+001	-2.012478e+002
9.951997e+001	-1.886348e+002
1.003150e+002	-1.627407e+002
1.007131e+002	-1.521197e+002
1.011457e+002	-1.401707e+002
1.012504e+002	-1.408388e+002
1.013033e+002	-1.434990e+002
1.015288e+002	-1.395188e+002
1.020304e+002	-1.249136e+002
1.021524e+002	-1.249176e+002
1.015668e+002	-1.521480e+002
1.014989e+002	-1.594568e+002
1.016899e+002	-1.568046e+002
1.018809e+002	-1.541523e+002
1.018303e+002	-1.607969e+002
1.019351e+002	-1.614649e+002
1.025575e+002	-1.422114e+002
1.030418e+002	-1.282702e+002
1.028704e+002	-1.395632e+002
1.027335e+002	-1.495281e+002
1.027347e+002	-1.541806e+002
1.025288e+002	-1.668017e+002
1.028924e+002	-1.575089e+002
1.031179e+002	-1.535287e+002
1.030845e+002	-1.595093e+002
1.031375e+002	-1.621693e+002
1.029315e+002	-1.747906e+002
1.030017e+002	-1.767867e+002
1.029684e+002	-1.827673e+002
1.031766e+002	-1.794510e+002
1.034884e+002	-1.721505e+002
1.036449e+002	-1.708263e+002
1.036806e+002	-1.741506e+002
1.039924e+002	-1.668501e+002
1.047356e+002	-1.429481e+002
1.046677e+002	-1.502569e+002
1.045136e+002	-1.608857e+002
1.045665e+002	-1.635460e+002
1.047575e+002	-1.608938e+002
1.049485e+002	-1.582416e+002
1.050532e+002	-1.589096e+002
1.046747e+002	-1.781715e+002
1.049865e+002	-1.708707e+002
1.056607e+002	-1.496250e+002
1.058862e+002	-1.456447e+002
1.056286e+002	-1.602581e+002
1.052328e+002	-1.801837e+002
1.051822e+002	-1.868285e+002
1.052179e+002	-1.901527e+002
1.054434e+002	-1.861723e+002
1.053065e+002	-1.961374e+002
1.055665e+002	-1.908289e+002
1.057748e+002	-1.875126e+002
1.054135e+002	-2.061103e+002
1.057598e+002	-1.974815e+002
1.064513e+002	-1.755717e+002
1.067804e+002	-1.676070e+002
1.075581e+002	-1.423770e+002
1.085774e+002	-1.078501e+002
1.092689e+002	-8.594010e+001
1.098223e+002	-6.934282e+001
1.097889e+002	-7.532338e+001
1.101870e+002	-6.470240e+001
1.103780e+002	-6.205018e+001
1.105000e+002	-6.205422e+001
1.107082e+002	-5.873799e+001
1.108820e+002	-5.675000e+001
1.107106e+002	-6.804285e+001
1.106945e+002	-7.335939e+001
1.105576e+002	-8.332422e+001
1.103344e+002	-9.660954e+001
1.104219e+002	-9.794160e+001
1.104575e+002	-1.012659e+002
1.101653e+002	-1.172075e+002
1.103563e+002	-1.145552e+002
1.108580e+002	-9.994999e+001
1.112906e+002	-8.800099e+001
1.119820e+002	-6.609120e+001
1.122938e+002	-5.879048e+001
1.119843e+002	-7.539606e+001
1.121926e+002	-7.207984e+001
1.125562e+002	-6.278709e+001
1.121604e+002	-8.271270e+001
1.119890e+002	-9.400578e+001
1.120074e+002	-9.799408e+001
1.122502e+002	-9.334983e+001
1.126483e+002	-8.272885e+001
1.124941e+002	-9.335791e+001
1.124435e+002	-1.000025e+002
1.125482e+002	-1.006705e+002
1.126874e+002	-1.000105e+002
1.130510e+002	-9.071780e+001
1.133110e+002	-8.540934e+001
1.135711e+002	-8.010086e+001
1.135032e+002	-8.740965e+001
1.135216e+002	-9.139797e+001
1.130223e+002	-1.153081e+002
1.129717e+002	-1.219526e+002
1.133698e+002	-1.113319e+002
1.137334e+002	-1.020391e+002
1.140624e+002	-9.407441e+001
1.142189e+002	-9.275043e+001
1.143926e+002	-9.076222e+001
1.151359e+002	-6.686018e+001
1.155167e+002	-5.690343e+001
1.157940e+002	-5.093095e+001
1.158124e+002	-5.491926e+001
1.157618e+002	-6.156383e+001
1.156422e+002	-7.086465e+001
1.158504e+002	-6.754841e+001
1.159896e+002	-6.688845e+001
1.158182e+002	-7.818151e+001
1.156813e+002	-8.814634e+001
1.158551e+002	-8.615813e+001
1.162704e+002	-7.487336e+001
1.168238e+002	-5.827586e+001
1.170148e+002	-5.562364e+001
1.171195e+002	-5.629169e+001
1.172760e+002	-5.496771e+001
1.171391e+002	-6.493254e+001
1.171748e+002	-6.825684e+001
1.167790e+002	-8.818268e+001
1.165386e+002	-1.021320e+002
1.171610e+002	-8.287825e+001
1.176972e+002	-6.694497e+001
1.174050e+002	-8.288632e+001
1.173716e+002	-8.886687e+001
1.176144e+002	-8.422263e+001
1.175810e+002	-9.020319e+001
1.176685e+002	-9.153524e+001
1.181356e+002	-7.825823e+001
1.184992e+002	-6.896549e+001
1.185866e+002	-7.029754e+001
1.184842e+002	-7.893435e+001
1.180712e+002	-9.952419e+001
1.178998e+002	-1.108170e+002
1.182289e+002	-1.028525e+002
1.186270e+002	-9.223155e+001
1.192839e+002	-7.165000e+001
1.195784e+002	-6.501329e+001
1.193725e+002	-7.763437e+001
1.189595e+002	-9.822422e+001
1.190642e+002	-9.889226e+001
1.191172e+002	-1.015526e+002
1.192219e+002	-1.022208e+002
1.194991e+002	-9.624834e+001
1.198972e+002	-8.562736e+001
1.202435e+002	-7.699862e+001
1.201584e+002	-8.497143e+001
1.204357e+002	-7.899895e+001
1.202298e+002	-9.162004e+001
1.199030e+002	-1.088896e+002
1.201631e+002	-1.035811e+002
1.204404e+002	-9.760866e+001
1.205623e+002	-9.761270e+001
1.208396e+002	-9.164022e+001
1.207027e+002	-1.016050e+002
1.205486e+002	-1.122341e+002
1.205497e+002	-1.168864e+002
1.207235e+002	-1.148984e+002
1.210870e+002	-1.056057e+002
1.213643e+002	-9.963320e+001
1.212102e+002	-1.102620e+002
1.210388e+002	-1.215551e+002
1.210054e+002	-1.275357e+002
1.211446e+002	-1.268757e+002
1.213701e+002	-1.228952e+002
1.219581e+002	-1.049697e+002
1.224424e+002	-9.102870e+001
1.226852e+002	-8.638423e+001
1.230315e+002	-7.775550e+001
1.229809e+002	-8.440029e+001
1.228613e+002	-9.370110e+001
1.228106e+002	-1.003457e+002
1.226565e+002	-1.109745e+002
1.227094e+002	-1.136348e+002
1.229177e+002	-1.103186e+002
1.228671e+002	-1.169631e+002
1.231271e+002	-1.116549e+002
1.232146e+002	-1.129869e+002
1.232675e+002	-1.156472e+002
1.232859e+002	-1.196355e+002
1.233389e+002	-1.222958e+002
1.231157e+002	-1.355811e+002
1.231686e+002	-1.382412e+002
1.233078e+002	-1.375812e+002
1.232400e+002	-1.448900e+002
1.232239e+002	-1.502064e+002
1.230352e+002	-1.621634e+002
1.232435e+002	-1.588472e+002
1.234172e+002	-1.568592e+002
1.234356e+002	-1.608475e+002
1.235921e+002	-1.595233e+002
1.238004e+002	-1.562071e+002
1.243538e+002	-1.396098e+002
1.247001e+002	-1.309811e+002
1.244942e+002	-1.436022e+002
1.245989e+002	-1.442702e+002
1.247381e+002	-1.436102e+002
1.247392e+002	-1.482628e+002
1.246714e+002	-1.555714e+002
1.250522e+002	-1.456146e+002
1.253122e+002	-1.403061e+002
1.254860e+002	-1.383179e+002
1.257460e+002	-1.330097e+002
1.256609e+002	-1.409823e+002
1.256793e+002	-1.449708e+002
1.257668e+002	-1.463028e+002
1.255091e+002	-1.609162e+002
1.251651e+002	-1.788498e+002
1.254251e+002	-1.735413e+002
1.254608e+002	-1.768656e+002
1.256690e+002	-1.735494e+002
1.264295e+002	-1.489833e+002
1.265170e+002	-1.503154e+002
1.265354e+002	-1.543039e+002
1.271751e+002	-1.343861e+002
1.268656e+002	-1.509917e+002
1.266079e+002	-1.656048e+002
1.265228e+002	-1.735776e+002
1.264722e+002	-1.802222e+002
1.264216e+002	-1.868668e+002
1.268542e+002	-1.749178e+002
1.276319e+002	-1.496877e+002
1.282026e+002	-1.324262e+002
1.279104e+002	-1.483678e+002
1.271522e+002	-1.822387e+002
1.267047e+002	-2.041565e+002
1.267921e+002	-2.054886e+002
1.272593e+002	-1.922116e+002
1.274503e+002	-1.895594e+002
1.272961e+002	-2.001884e+002
1.275044e+002	-1.968722e+002
1.280060e+002	-1.822669e+002
1.284731e+002	-1.689897e+002
1.285260e+002	-1.716500e+002
1.284754e+002	-1.782945e+002
1.281314e+002	-1.962281e+002
1.282362e+002	-1.968964e+002
1.284789e+002	-1.922519e+002
1.283420e+002	-2.022168e+002
1.282569e+002	-2.101896e+002
1.284824e+002	-2.062093e+002
1.284318e+002	-2.128539e+002
1.285193e+002	-2.141860e+002
1.284687e+002	-2.208305e+002
1.285389e+002	-2.228268e+002
1.286608e+002	-2.228308e+002
1.289554e+002	-2.161944e+002
1.291981e+002	-2.115499e+002
1.291993e+002	-2.162024e+002
1.293903e+002	-2.135502e+002
1.294432e+002	-2.162105e+002
1.294789e+002	-2.195348e+002
1.296699e+002	-2.168826e+002
1.299990e+002	-2.089181e+002
1.299311e+002	-2.162267e+002
1.296389e+002	-2.321680e+002
1.296400e+002	-2.368206e+002
1.300554e+002	-2.255355e+002
1.300911e+002	-2.288599e+002
1.299369e+002	-2.394889e+002
1.299381e+002	-2.441412e+002
1.298702e+002	-2.514500e+002
1.300785e+002	-2.481336e+002
1.307009e+002	-2.288800e+002
1.313406e+002	-2.089625e+002
1.310484e+002	-2.249038e+002
1.307734e+002	-2.401812e+002
1.310680e+002	-2.335447e+002
1.310864e+002	-2.375330e+002
1.309668e+002	-2.468338e+002
1.308644e+002	-2.554706e+002
1.310554e+002	-2.528184e+002
1.310048e+002	-2.594630e+002
1.309887e+002	-2.647795e+002
1.313005e+002	-2.574790e+002
1.314915e+002	-2.548268e+002
1.316479e+002	-2.535026e+002
1.314765e+002	-2.647957e+002
1.314777e+002	-2.694480e+002
1.314098e+002	-2.767568e+002
1.314110e+002	-2.814091e+002
1.316020e+002	-2.787571e+002
1.316549e+002	-2.814172e+002
1.316216e+002	-2.873977e+002
1.319851e+002	-2.781050e+002
1.320208e+002	-2.814293e+002
1.321428e+002	-2.814333e+002
1.320749e+002	-2.887421e+002
1.320416e+002	-2.947227e+002
1.319392e+002	-3.033595e+002
1.320094e+002	-3.053555e+002
1.321141e+002	-3.060236e+002
1.323051e+002	-3.033716e+002
1.327204e+002	-2.920866e+002
1.329114e+002	-2.894344e+002
1.328436e+002	-2.967430e+002
1.327757e+002	-3.040518e+002
1.329149e+002	-3.033918e+002
1.331404e+002	-2.994113e+002
1.334695e+002	-2.914468e+002
1.335915e+002	-2.914509e+002
1.336099e+002	-2.954392e+002
1.343186e+002	-2.728654e+002
1.361318e+002	-2.077917e+002
1.374445e+002	-1.619758e+002
1.381532e+002	-1.394021e+002
1.386203e+002	-1.261248e+002
1.393981e+002	-1.008948e+002
1.401931e+002	-7.500049e+001
1.409536e+002	-5.043444e+001
1.414724e+002	-3.516518e+001
1.416462e+002	-3.317720e+001
1.420270e+002	-2.322022e+001
1.421145e+002	-2.455250e+001
1.418050e+002	-4.115785e+001
1.417199e+002	-4.913065e+001
1.418246e+002	-4.979870e+001
1.420328e+002	-4.648247e+001
1.419477e+002	-5.445527e+001
1.423285e+002	-4.449830e+001
1.428302e+002	-2.989327e+001
1.434353e+002	-1.130352e+001
1.438334e+002	-6.827609e-001
1.438691e+002	-4.007057e+000
1.442327e+002	5.285677e+000
1.441130e+002	-4.015140e+000
1.434757e+002	-3.323776e+001
1.433906e+002	-4.121034e+001
1.435988e+002	-3.789411e+001
1.439451e+002	-2.926538e+001
1.438255e+002	-3.856620e+001
1.436713e+002	-4.919525e+001
1.440522e+002	-3.923850e+001
1.441569e+002	-3.990655e+001
1.444514e+002	-3.327006e+001
1.449013e+002	-2.065682e+001
1.449715e+002	-2.265311e+001
1.451107e+002	-2.199314e+001
1.454742e+002	-1.270039e+001
1.458896e+002	-1.415407e+000
1.455629e+002	-1.868499e+001
1.453052e+002	-3.329833e+001
1.457723e+002	-2.002108e+001
1.460323e+002	-1.471284e+001
1.461370e+002	-1.538088e+001
1.467422e+002	3.208633e+000
1.471403e+002	1.382962e+001
1.471069e+002	7.849063e+000
1.469183e+002	-4.107995e+000
1.469022e+002	-9.424543e+000
1.472485e+002	-7.958073e-001
1.471288e+002	-1.009663e+001
1.472335e+002	-1.076468e+001
1.473728e+002	-1.010471e+001
1.475120e+002	-9.444734e+000
1.473233e+002	-2.140181e+001
1.473590e+002	-2.472611e+001
1.477053e+002	-1.609737e+001
1.479481e+002	-1.145291e+001
1.479320e+002	-1.676946e+001
1.480367e+002	-1.743750e+001
1.482450e+002	-1.412128e+001
1.483669e+002	-1.412531e+001
1.484199e+002	-1.678561e+001
1.485073e+002	-1.811788e+001
1.486983e+002	-1.546566e+001
1.489066e+002	-1.214944e+001
1.490113e+002	-1.281749e+001
1.492023e+002	-1.016527e+001
1.490654e+002	-2.013010e+001
1.488595e+002	-3.275118e+001
1.491367e+002	-2.677870e+001
1.492932e+002	-2.545472e+001
1.496568e+002	-1.616197e+001
1.496234e+002	-2.214253e+001
1.495038e+002	-3.144335e+001
1.497293e+002	-2.746312e+001
1.500066e+002	-2.149063e+001
1.500250e+002	-2.547895e+001
1.502160e+002	-2.282672e+001
1.499411e+002	-3.810406e+001
1.498559e+002	-4.607687e+001
1.501332e+002	-4.010439e+001
1.502552e+002	-4.010842e+001
1.504462e+002	-3.745620e+001
1.507407e+002	-3.081971e+001
1.511906e+002	-1.820671e+001
1.514678e+002	-1.223423e+001
1.512964e+002	-2.352707e+001
1.515565e+002	-1.821883e+001
1.516612e+002	-1.888687e+001
1.511101e+002	-4.478900e+001
1.508006e+002	-6.139458e+001
1.510434e+002	-5.675012e+001
1.518557e+002	-3.019205e+001
1.524263e+002	-1.293053e+001
1.519788e+002	-3.484840e+001
1.517211e+002	-4.946173e+001
1.517223e+002	-5.411404e+001
1.520686e+002	-4.548553e+001
1.521388e+002	-4.748160e+001
1.525886e+002	-3.486859e+001
1.529867e+002	-2.424783e+001
1.527808e+002	-3.686891e+001
1.530063e+002	-3.288845e+001
1.530938e+002	-3.422073e+001
1.531812e+002	-3.555278e+001
1.533377e+002	-3.422881e+001
1.533906e+002	-3.688910e+001
1.533745e+002	-4.220542e+001
1.534447e+002	-4.420171e+001
1.538946e+002	-3.158870e+001
1.542064e+002	-2.428820e+001
1.540522e+002	-3.491704e+001
1.542087e+002	-3.359307e+001
1.545723e+002	-2.430032e+001
1.547805e+002	-2.098386e+001
1.548852e+002	-2.165213e+001
1.549554e+002	-2.364820e+001
1.554398e+002	-9.707173e+000
1.557689e+002	-1.742448e+000
1.557183e+002	-8.387014e+000
1.555468e+002	-1.968007e+001
1.554617e+002	-2.765288e+001
1.556527e+002	-2.500067e+001
1.559818e+002	-1.703593e+001
1.559312e+002	-2.368050e+001
1.561222e+002	-2.102828e+001
1.560888e+002	-2.700884e+001
1.558829e+002	-3.963014e+001
1.559358e+002	-4.229022e+001
1.565583e+002	-2.303668e+001
1.568700e+002	-1.573618e+001
1.568194e+002	-2.238074e+001
1.568551e+002	-2.570505e+001
1.568218e+002	-3.168561e+001
1.567194e+002	-4.032242e+001
1.568068e+002	-4.165447e+001
1.570669e+002	-3.634600e+001
1.573959e+002	-2.838149e+001
1.578975e+002	-1.377624e+001
1.580540e+002	-1.245225e+001
1.580379e+002	-1.776858e+001
1.581081e+002	-1.976487e+001
1.585580e+002	-7.151861e+000
1.589216e+002	2.140874e+000
1.586121e+002	-1.446447e+001
1.583889e+002	-2.774978e+001
1.581830e+002	-4.037086e+001
1.580288e+002	-5.099970e+001
1.582371e+002	-4.768347e+001
1.582555e+002	-5.167200e+001
1.583775e+002	-5.167604e+001
1.588619e+002	-3.773480e+001
1.592772e+002	-2.644980e+001
1.591576e+002	-3.575062e+001
1.593313e+002	-3.376264e+001
1.599710e+002	-1.384487e+001
1.600930e+002	-1.384891e+001
1.599561e+002	-2.381374e+001
1.601125e+002	-2.248976e+001
1.605796e+002	-9.212739e+000
1.605981e+002	-1.320105e+001
1.604267e+002	-2.449411e+001
1.607902e+002	-1.520137e+001
1.613609e+002	2.060128e+000
1.614828e+002	2.056092e+000
1.608455e+002	-2.716630e+001
1.603807e+002	-4.974840e+001
1.604337e+002	-5.240869e+001
1.608317e+002	-4.178771e+001
1.608674e+002	-4.511200e+001
1.606960e+002	-5.640507e+001
1.610423e+002	-4.777634e+001
1.615612e+002	-3.250707e+001
1.617867e+002	-2.852684e+001
1.618742e+002	-2.985889e+001
1.619099e+002	-3.318319e+001
1.621871e+002	-2.721072e+001
1.622918e+002	-2.787898e+001
1.623448e+002	-3.053927e+001
1.624322e+002	-3.187133e+001
1.623816e+002	-3.851589e+001
1.627970e+002	-2.723090e+001
1.632813e+002	-1.328987e+001
1.635068e+002	-9.309640e+000
1.637669e+002	-4.001175e+000
1.635609e+002	-1.662225e+001
1.633550e+002	-2.924334e+001
1.634770e+002	-2.924738e+001
1.637197e+002	-2.460313e+001
1.637554e+002	-2.792743e+001
1.638774e+002	-2.793147e+001
1.639994e+002	-2.793550e+001
1.642076e+002	-2.461928e+001
1.644159e+002	-2.130283e+001
1.645378e+002	-2.130687e+001
1.646771e+002	-2.064690e+001
1.643158e+002	-3.924450e+001
1.639718e+002	-5.717809e+001
1.646978e+002	-3.394029e+001
1.648025e+002	-3.460833e+001
1.644585e+002	-5.254193e+001
1.648911e+002	-4.059292e+001
1.648405e+002	-4.723749e+001
1.646519e+002	-5.919457e+001
1.651017e+002	-4.658155e+001
1.651547e+002	-4.924185e+001
1.654837e+002	-4.127713e+001
1.660199e+002	-2.534385e+001
1.661591e+002	-2.468388e+001
1.661257e+002	-3.066444e+001
1.661096e+002	-3.598076e+001
1.665595e+002	-2.336776e+001
1.671302e+002	-6.106250e+000
1.677181e+002	1.181904e+001
1.678918e+002	1.380725e+001
1.681173e+002	1.778748e+001
1.678078e+002	1.182124e+000
1.676882e+002	-8.118683e+000
1.678447e+002	-6.794700e+000
1.678286e+002	-1.211102e+001
1.680368e+002	-8.794801e+000
1.682278e+002	-6.142586e+000
1.676940e+002	-3.138094e+001
1.675917e+002	-4.001775e+001
1.677309e+002	-3.935755e+001
1.677666e+002	-4.268185e+001
1.683545e+002	-2.475655e+001
1.689251e+002	-7.495046e+000
1.686847e+002	-2.144415e+001
1.682717e+002	-4.203399e+001
1.684454e+002	-4.004601e+001
1.686364e+002	-3.739379e+001
1.685168e+002	-4.669461e+001
1.680692e+002	-6.861247e+001
1.678288e+002	-8.256179e+001
1.680543e+002	-7.858134e+001
1.688148e+002	-5.401530e+001
1.698169e+002	-2.015247e+001
1.704566e+002	-2.347029e-001
1.706994e+002	4.409530e+000
1.704417e+002	-1.020379e+001
1.699424e+002	-3.411390e+001
1.701161e+002	-3.212569e+001
1.707213e+002	-1.353617e+001
1.708950e+002	-1.154795e+001
1.706028e+002	-2.748930e+001
1.705004e+002	-3.612612e+001
1.707259e+002	-3.214589e+001
1.710895e+002	-2.285314e+001
1.714186e+002	-1.488840e+001
1.715923e+002	-1.290042e+001
1.717488e+002	-1.157622e+001
1.717844e+002	-1.490052e+001
1.716821e+002	-2.353733e+001
1.715797e+002	-3.217414e+001
1.717707e+002	-2.952192e+001
1.719099e+002	-2.886195e+001
1.720319e+002	-2.886599e+001
1.721021e+002	-3.086227e+001
1.728281e+002	-7.624248e+000
1.732779e+002	4.988747e+000
1.727613e+002	-1.958536e+001
1.726072e+002	-3.021420e+001
1.729363e+002	-2.224970e+001
1.729547e+002	-2.623800e+001
1.726970e+002	-4.085133e+001
1.728535e+002	-3.952712e+001
1.735277e+002	-1.828135e+001
1.736669e+002	-1.762137e+001
1.735472e+002	-2.692219e+001
1.737728e+002	-2.294196e+001
1.739293e+002	-2.161776e+001
1.741030e+002	-1.962977e+001
1.743112e+002	-1.631355e+001
1.746230e+002	-9.012831e+000
1.744171e+002	-2.163391e+001
1.742284e+002	-3.359099e+001
1.746610e+002	-2.164199e+001
1.753697e+002	9.318037e-001
1.755435e+002	2.920009e+000
1.753721e+002	-8.373050e+000
1.752179e+002	-1.900210e+001
1.751501e+002	-2.631067e+001
1.752030e+002	-2.897097e+001
1.755666e+002	-1.967823e+001
1.761027e+002	-3.744952e+000
1.760694e+002	-9.725509e+000
1.759497e+002	-1.902633e+001
1.756057e+002	-3.695970e+001
1.753135e+002	-5.290126e+001
1.756771e+002	-4.360853e+001
1.760062e+002	-3.564379e+001
1.760419e+002	-3.896810e+001
1.763019e+002	-3.365962e+001
1.768898e+002	-1.573433e+001
1.775122e+002	3.519417e+000
1.776687e+002	4.843400e+000
1.777389e+002	2.847335e+000
1.771878e+002	-2.305502e+001
1.770509e+002	-3.301984e+001
1.769485e+002	-4.165665e+001
1.773294e+002	-3.169990e+001
1.781416e+002	-5.141608e+000
1.783671e+002	-1.161375e+000
1.780577e+002	-1.776673e+001
1.781279e+002	-1.976301e+001
1.784742e+002	-1.113427e+001
1.785271e+002	-1.379457e+001
1.786491e+002	-1.379861e+001
1.789091e+002	-8.490132e+000
1.790828e+002	-6.501927e+000
1.790495e+002	-1.248248e+001
1.789299e+002	-2.178330e+001
1.789483e+002	-2.577183e+001
1.787769e+002	-3.706468e+001
1.787090e+002	-4.437347e+001
1.789000e+002	-4.172125e+001
1.792463e+002	-3.309251e+001
1.790404e+002	-4.571360e+001
1.794040e+002	-3.642086e+001
1.799401e+002	-2.048758e+001
1.799413e+002	-2.514012e+001
1.798562e+002	-3.311271e+001
1.799781e+002	-3.311674e+001
1.797549e+002	-4.640205e+001
1.797216e+002	-5.238261e+001
1.801887e+002	-3.910537e+001
1.805005e+002	-3.180488e+001
1.806225e+002	-3.180892e+001
1.808135e+002	-2.915669e+001
1.809527e+002	-2.849673e+001
1.807640e+002	-4.045380e+001
1.807824e+002	-4.444211e+001
1.808872e+002	-4.511016e+001
1.808883e+002	-4.976270e+001
1.810103e+002	-4.976673e+001
1.811668e+002	-4.844253e+001
1.811679e+002	-5.309507e+001
1.813244e+002	-5.177087e+001
1.814981e+002	-4.978288e+001
1.819480e+002	-3.716965e+001
1.822943e+002	-2.854114e+001
1.823127e+002	-3.252944e+001
1.820550e+002	-4.714277e+001
1.822115e+002	-4.581858e+001
1.829375e+002	-2.258077e+001
1.832666e+002	-1.461604e+001
1.830089e+002	-2.922938e+001
1.828720e+002	-3.919420e+001
1.834254e+002	-2.259692e+001
1.835646e+002	-2.193673e+001
1.831688e+002	-4.186256e+001
1.830664e+002	-5.049938e+001
1.829813e+002	-5.847196e+001
1.829998e+002	-6.246050e+001
1.834151e+002	-5.117550e+001
1.836061e+002	-4.852328e+001
1.837280e+002	-4.852732e+001
1.840226e+002	-4.189082e+001
1.841791e+002	-4.056685e+001
1.847842e+002	-2.197710e+001
1.855965e+002	4.580960e+000
1.858393e+002	9.225426e+000
1.851329e+002	-2.265345e+001
1.847026e+002	-4.390730e+001
1.846175e+002	-5.187988e+001
1.848085e+002	-4.922767e+001
1.852238e+002	-3.794289e+001
1.857255e+002	-2.333764e+001
1.861235e+002	-1.271666e+001
1.862800e+002	-1.139268e+001
1.860914e+002	-2.334976e+001
1.859717e+002	-3.265057e+001
1.860592e+002	-3.398263e+001
1.860258e+002	-3.996319e+001
1.859925e+002	-4.594374e+001
1.861490e+002	-4.461976e+001
1.865470e+002	-3.399877e+001
1.863929e+002	-4.462783e+001
1.866702e+002	-3.865536e+001
1.870510e+002	-2.869860e+001
1.876562e+002	-1.010908e+001
1.877436e+002	-1.144113e+001
1.872961e+002	-3.335899e+001
1.870729e+002	-4.664431e+001
1.872467e+002	-4.465609e+001
1.876102e+002	-3.536335e+001
1.881464e+002	-1.943009e+001
1.883719e+002	-1.544963e+001
1.884766e+002	-1.611789e+001
1.888747e+002	-5.496913e+000
1.889621e+002	-6.828968e+000
1.886009e+002	-2.542679e+001
1.883604e+002	-3.937588e+001
1.887585e+002	-2.875512e+001
1.889323e+002	-2.676692e+001
1.887781e+002	-3.739575e+001
1.887965e+002	-4.138428e+001
1.891774e+002	-3.142753e+001
1.894892e+002	-2.412681e+001
1.895594e+002	-2.612310e+001
1.897158e+002	-2.479889e+001
1.897688e+002	-2.745919e+001
1.897699e+002	-3.211173e+001
1.897538e+002	-3.742805e+001
1.900139e+002	-3.211980e+001
1.904465e+002	-2.017081e+001
1.904821e+002	-2.349510e+001
1.904661e+002	-2.881165e+001
1.905363e+002	-3.080771e+001
1.906410e+002	-3.147599e+001
1.904695e+002	-4.276883e+001
1.903844e+002	-5.074163e+001
1.907307e+002	-4.211289e+001
1.910080e+002	-3.614041e+001
1.913716e+002	-2.684767e+001
1.911139e+002	-4.146100e+001
1.910288e+002	-4.943358e+001
1.914614e+002	-3.748458e+001
1.918422e+002	-2.752783e+001
1.919814e+002	-2.686786e+001
1.919826e+002	-3.152039e+001
1.923289e+002	-2.289166e+001
1.925026e+002	-2.090345e+001
1.924175e+002	-2.887625e+001
1.922979e+002	-3.817707e+001
1.924198e+002	-3.818110e+001
1.926454e+002	-3.420066e+001
1.929399e+002	-2.756416e+001
1.931482e+002	-2.424794e+001
1.935635e+002	-1.296294e+001
1.938753e+002	-5.662451e+000
1.937729e+002	-1.429926e+001
1.938604e+002	-1.563131e+001
1.940168e+002	-1.430733e+001
1.942251e+002	-1.099111e+001
1.943988e+002	-9.002903e+000
1.945380e+002	-8.342930e+000
1.945910e+002	-1.100323e+001
1.945922e+002	-1.565554e+001
1.944553e+002	-2.562059e+001
1.941285e+002	-4.288995e+001
1.942505e+002	-4.289399e+001
1.944933e+002	-3.824975e+001
1.947015e+002	-3.493352e+001
1.951859e+002	-2.099227e+001
1.950835e+002	-2.962909e+001
1.950674e+002	-3.494564e+001
1.953965e+002	-2.698091e+001
1.958981e+002	-1.237566e+001
1.958475e+002	-1.902022e+001
1.951584e+002	-5.023508e+001
1.949179e+002	-6.418418e+001
1.951434e+002	-6.020395e+001
1.954380e+002	-5.356746e+001
1.957843e+002	-4.493873e+001
1.960788e+002	-3.830223e+001
1.963043e+002	-3.432178e+001
1.965471e+002	-2.967753e+001
1.968417e+002	-2.304105e+001
1.971707e+002	-1.507633e+001
1.974135e+002	-1.043208e+001
1.975872e+002	-8.443867e+000
1.976401e+002	-1.110416e+001
1.976586e+002	-1.509247e+001
1.974872e+002	-2.638554e+001
1.970914e+002	-4.631116e+001
1.970581e+002	-5.229171e+001
1.970937e+002	-5.561601e+001
1.974918e+002	-4.499525e+001
1.980797e+002	-2.706973e+001
1.984606e+002	-1.711298e+001
1.985308e+002	-1.910904e+001
1.981868e+002	-3.704264e+001
1.981017e+002	-4.501544e+001
1.983444e+002	-4.037097e+001
1.985527e+002	-3.705475e+001
1.984676e+002	-4.502755e+001
1.985377e+002	-4.702383e+001
1.987805e+002	-4.237937e+001
1.993857e+002	-2.378984e+001
1.995249e+002	-2.312987e+001
1.993708e+002	-3.375870e+001
1.993374e+002	-3.973926e+001
1.993903e+002	-4.239956e+001
1.995468e+002	-4.107558e+001
1.997551e+002	-3.775913e+001
2.001014e+002	-2.913062e+001
2.004650e+002	-1.983787e+001
2.008458e+002	-9.880896e+000
2.007434e+002	-1.851771e+001
2.001751e+002	-4.508408e+001
2.005559e+002	-3.512732e+001
2.010748e+002	-1.985806e+001
2.014039e+002	-1.189333e+001
2.013360e+002	-1.920191e+001
2.010093e+002	-3.647150e+001
2.009759e+002	-4.245204e+001
2.009943e+002	-4.644036e+001
2.014614e+002	-3.316334e+001
2.019113e+002	-2.055033e+001
2.021368e+002	-1.657010e+001
2.023796e+002	-1.192563e+001
2.028122e+002	2.335569e-002
2.029169e+002	-6.446799e-001
2.023831e+002	-2.588303e+001
2.023152e+002	-3.319160e+001
2.029031e+002	-1.526608e+001
2.029388e+002	-1.859039e+001
2.029745e+002	-2.191468e+001
2.030964e+002	-2.191872e+001
2.031321e+002	-2.524303e+001
2.033749e+002	-2.059878e+001
2.032725e+002	-2.923559e+001
2.026006e+002	-5.978623e+001
2.026018e+002	-6.443854e+001
2.032760e+002	-4.319277e+001
2.039157e+002	-2.327523e+001
2.040894e+002	-2.128701e+001
2.042459e+002	-1.996304e+001
2.045750e+002	-1.199831e+001
2.041620e+002	-3.258815e+001
2.034728e+002	-6.380280e+001
2.034913e+002	-6.779111e+001
2.044761e+002	-3.459229e+001
2.052021e+002	-1.135449e+001
2.050824e+002	-2.065531e+001
2.045314e+002	-4.655744e+001
2.047224e+002	-4.390523e+001
2.049824e+002	-3.859697e+001
2.049835e+002	-4.324929e+001
2.045878e+002	-6.317513e+001
2.047960e+002	-5.985890e+001
2.057463e+002	-2.798811e+001
2.064206e+002	-6.742320e+000
2.066115e+002	-4.090105e+000
2.066127e+002	-8.742644e+000
2.064240e+002	-2.069972e+001
2.061146e+002	-3.730508e+001
2.063918e+002	-3.133259e+001
2.066174e+002	-2.735236e+001
2.067738e+002	-2.602838e+001
2.072237e+002	-1.341515e+001
2.072594e+002	-1.673967e+001
2.071743e+002	-2.471225e+001
2.072789e+002	-2.538030e+001
2.069695e+002	-4.198587e+001
2.066255e+002	-5.991947e+001
2.069200e+002	-5.328298e+001
2.073354e+002	-4.199799e+001
2.074056e+002	-4.399405e+001
2.073550e+002	-5.063883e+001
2.075114e+002	-4.931464e+001
2.081856e+002	-2.806885e+001
2.088253e+002	-8.151308e+000
2.092752e+002	4.461687e+000
2.094489e+002	6.449892e+000
2.095364e+002	5.117837e+000
2.097791e+002	9.762079e+000
2.097803e+002	5.109764e+000
2.094881e+002	-1.083180e+001
2.090751e+002	-3.142141e+001
2.088346e+002	-4.537074e+001
2.089738e+002	-4.471077e+001
2.090440e+002	-4.670683e+001
2.091488e+002	-4.737510e+001
2.090809e+002	-5.468367e+001
2.096170e+002	-3.875040e+001
2.101359e+002	-2.348114e+001
2.104477e+002	-1.618042e+001
2.106905e+002	-1.153618e+001
2.107434e+002	-1.419647e+001
2.106065e+002	-2.416129e+001
2.107457e+002	-2.350132e+001
2.108504e+002	-2.416936e+001
2.107481e+002	-3.280618e+001
2.109218e+002	-3.081797e+001
2.107849e+002	-4.078279e+001
2.108551e+002	-4.277908e+001
2.110979e+002	-3.813462e+001
2.110472e+002	-4.477941e+001
2.111692e+002	-4.478344e+001
2.112739e+002	-4.545149e+001
2.112751e+002	-5.010380e+001
2.114143e+002	-4.944383e+001
2.118469e+002	-3.749483e+001
2.118308e+002	-4.281138e+001
2.120736e+002	-3.816692e+001
2.124371e+002	-2.887417e+001
2.127662e+002	-2.090967e+001
2.131643e+002	-1.028868e+001
2.131482e+002	-1.560523e+001
2.132184e+002	-1.760152e+001
2.132368e+002	-2.158982e+001
2.128755e+002	-4.018743e+001
2.128249e+002	-4.683199e+001
2.131367e+002	-3.953150e+001
2.135693e+002	-2.758250e+001
2.136223e+002	-3.024279e+001
2.138133e+002	-2.759057e+001
2.139525e+002	-2.693060e+001
2.141435e+002	-2.427838e+001
2.147659e+002	-5.024850e+000
2.147153e+002	-1.166941e+001
2.144576e+002	-2.628275e+001
2.144933e+002	-2.960704e+001
2.145462e+002	-3.226734e+001
2.148580e+002	-2.496661e+001
2.146521e+002	-3.758770e+001
2.142218e+002	-5.884155e+001
2.147407e+002	-4.357229e+001
2.152941e+002	-2.697501e+001
2.157094e+002	-1.569002e+001
2.159522e+002	-1.104578e+001
2.158843e+002	-1.835435e+001
2.159200e+002	-2.167865e+001
2.159902e+002	-2.367493e+001
2.160777e+002	-2.500698e+001
2.163549e+002	-1.903451e+001
2.167358e+002	-9.077757e+000
2.163573e+002	-2.833936e+001
2.162204e+002	-3.830419e+001
2.166184e+002	-2.768343e+001
2.167059e+002	-2.901548e+001
2.163447e+002	-4.761331e+001
2.164321e+002	-4.894536e+001
2.169682e+002	-3.301209e+001
2.171247e+002	-3.168789e+001
2.170741e+002	-3.833246e+001
2.170753e+002	-4.298499e+001
2.172318e+002	-4.166101e+001
2.172847e+002	-4.432108e+001
2.175102e+002	-4.034085e+001
2.175459e+002	-4.366515e+001
2.176333e+002	-4.499743e+001
2.177208e+002	-4.632948e+001
2.177737e+002	-4.898978e+001
2.182753e+002	-3.438452e+001
2.187942e+002	-1.911526e+001
2.185883e+002	-3.173634e+001
2.182788e+002	-4.834191e+001
2.188150e+002	-3.240865e+001
2.191440e+002	-2.444391e+001
2.188863e+002	-3.905724e+001
2.189393e+002	-4.171754e+001
2.190440e+002	-4.238558e+001
2.191314e+002	-4.371764e+001
2.194605e+002	-3.575314e+001
2.197550e+002	-2.911642e+001
2.197907e+002	-3.244095e+001
2.196710e+002	-4.174177e+001
2.195687e+002	-5.037835e+001
2.200876e+002	-3.510909e+001
2.206237e+002	-1.917582e+001
2.203660e+002	-3.378915e+001
2.200565e+002	-5.039451e+001
2.205581e+002	-3.578947e+001
2.210943e+002	-1.985598e+001
2.213026e+002	-1.653975e+001
2.214763e+002	-1.455177e+001
2.216155e+002	-1.389157e+001
2.219446e+002	-5.927071e+000
2.219802e+002	-9.251368e+000
2.219469e+002	-1.523193e+001
2.218790e+002	-2.254050e+001
2.221391e+002	-1.723225e+001
2.222783e+002	-1.657205e+001
2.221241e+002	-2.720111e+001
2.218147e+002	-4.380647e+001
2.218848e+002	-4.580275e+001
2.222657e+002	-3.584599e+001
2.222841e+002	-3.983431e+001
2.223716e+002	-4.116636e+001
2.226143e+002	-3.652212e+001
2.229434e+002	-2.855738e+001
2.227375e+002	-4.117847e+001
2.226178e+002	-5.047929e+001
2.227570e+002	-4.981932e+001
2.231896e+002	-3.787032e+001
2.231563e+002	-4.385088e+001
2.233818e+002	-3.987064e+001
2.242458e+002	-1.132033e+001
2.241779e+002	-1.862890e+001
2.236096e+002	-4.519526e+001
2.238179e+002	-4.187904e+001
2.239398e+002	-4.188308e+001
2.242344e+002	-3.524637e+001
2.245634e+002	-2.728186e+001
2.250305e+002	-1.400462e+001
2.253251e+002	-7.368136e+000
2.251709e+002	-1.799720e+001
2.247579e+002	-3.858682e+001
2.247073e+002	-4.523160e+001
2.246740e+002	-5.121216e+001
2.246579e+002	-5.652848e+001
2.250214e+002	-4.723574e+001
2.253160e+002	-4.059925e+001
2.254725e+002	-3.927527e+001
2.256462e+002	-3.728707e+001
2.259925e+002	-2.865833e+001
2.261145e+002	-2.866237e+001
2.263227e+002	-2.534613e+001
2.259270e+002	-4.527197e+001
2.256348e+002	-6.121332e+001
2.258603e+002	-5.723309e+001
2.262756e+002	-4.594810e+001
2.264838e+002	-4.263187e+001
2.266748e+002	-3.997966e+001
2.271765e+002	-2.537440e+001
2.274883e+002	-1.807391e+001
2.271788e+002	-3.467926e+001
2.271972e+002	-3.866757e+001
2.274227e+002	-3.468734e+001
2.277173e+002	-2.805084e+001
2.278737e+002	-2.672687e+001
2.279094e+002	-3.005117e+001
2.282385e+002	-2.208644e+001
2.283259e+002	-2.341849e+001
2.283789e+002	-2.607878e+001
2.287252e+002	-1.745027e+001
2.294857e+002	7.115991e+000
2.297112e+002	1.109622e+001
2.294362e+002	-4.181104e+000
2.290405e+002	-2.410694e+001
2.287483e+002	-4.004829e+001
2.289738e+002	-3.606806e+001
2.295962e+002	-1.681430e+001
2.296319e+002	-2.013861e+001
2.294432e+002	-3.209567e+001
2.294099e+002	-3.807623e+001
2.298425e+002	-2.612724e+001
2.301715e+002	-1.816273e+001
2.303453e+002	-1.617452e+001
2.306053e+002	-1.086604e+001
2.310034e+002	-2.452905e-001
2.309700e+002	-6.225838e+000
2.308331e+002	-1.619067e+001
2.309033e+002	-1.818695e+001
2.309908e+002	-1.951901e+001
2.308539e+002	-2.948383e+001
2.310794e+002	-2.550360e+001
2.310633e+002	-3.082015e+001
2.311680e+002	-3.148819e+001
2.313072e+002	-3.082822e+001
2.311531e+002	-4.145706e+001
2.311715e+002	-4.544560e+001
2.312417e+002	-4.744165e+001
2.315880e+002	-3.881291e+001
2.317445e+002	-3.748894e+001
2.320045e+002	-3.218047e+001
2.326614e+002	-1.159891e+001
2.329042e+002	-6.954448e+000
2.327328e+002	-1.824752e+001
2.325096e+002	-3.153260e+001
2.322692e+002	-4.548193e+001
2.327708e+002	-3.087668e+001
2.331344e+002	-2.158393e+001
2.333426e+002	-1.826771e+001
2.336717e+002	-1.030297e+001
2.337764e+002	-1.097102e+001
2.339501e+002	-8.983036e+000
2.339685e+002	-1.297134e+001
2.340733e+002	-1.363939e+001
2.342125e+002	-1.297941e+001
2.342654e+002	-1.563971e+001
2.343356e+002	-1.763600e+001
2.343886e+002	-2.029606e+001
2.345278e+002	-1.963610e+001
2.352192e+002	2.273686e+000
2.351686e+002	-4.370870e+000
