    nm         	pN
0.000000e+000	5.388970e+002
1.047686e-001	5.382312e+002
1.404668e-001	5.349076e+002
5.529774e-002	5.269330e+002
9.099878e-002	5.236095e+002
1.266969e-001	5.202859e+002
2.426279e-002	5.116469e+002
-6.090050e-002	5.036726e+002
2.659439e-002	5.023421e+002
1.050014e-002	4.970255e+002
-5.740381e-002	4.897153e+002
-3.897075e-002	4.857273e+002
-1.068733e-001	4.784172e+002
-1.229704e-001	4.731005e+002
-1.045417e-001	4.691124e+002
-1.206374e-001	4.637957e+002
-2.058057e-001	4.558212e+002
-2.046442e-001	4.511686e+002
-2.207392e-001	4.458520e+002
-2.368421e-001	4.405351e+002
-2.011418e-001	4.372115e+002
-2.690400e-001	4.299016e+002
-3.024072e-001	4.239203e+002
-3.530454e-001	4.172745e+002
-4.382094e-001	4.093001e+002
-3.852433e-001	4.066410e+002
-3.495444e-001	4.033174e+002
-3.656458e-001	3.980005e+002
-3.644829e-001	3.933480e+002
-3.115125e-001	3.906890e+002
-3.103495e-001	3.860365e+002
-3.609812e-001	3.793909e+002
-3.770834e-001	3.740740e+002
-4.795175e-001	3.654351e+002
-5.301513e-001	3.587894e+002
-5.980481e-001	3.514795e+002
-5.796201e-001	3.474913e+002
-5.957165e-001	3.421747e+002
-6.636197e-001	3.348645e+002
-6.797219e-001	3.295476e+002
-6.440223e-001	3.262240e+002
-7.291848e-001	3.182497e+002
-8.316197e-001	3.096108e+002
-8.304561e-001	3.049583e+002
-8.465525e-001	2.996416e+002
-8.626539e-001	2.943248e+002
-9.132871e-001	2.876791e+002
-8.430565e-001	2.856843e+002
-7.900918e-001	2.830251e+002
-8.579900e-001	2.757151e+002
-8.395613e-001	2.717270e+002
-8.556577e-001	2.664103e+002
-9.580918e-001	2.577714e+002
-1.008724e+000	2.511258e+002
-1.024826e+000	2.458089e+002
-1.109995e+000	2.378343e+002
-1.108826e+000	2.331821e+002
-1.038596e+000	2.311872e+002
-9.856308e-001	2.285280e+002
-1.036264e+000	2.218824e+002
-1.086896e+000	2.152368e+002
-1.102998e+000	2.099199e+002
-1.032768e+000	2.079251e+002
-1.031599e+000	2.032728e+002
-1.030436e+000	1.986203e+002
-1.150135e+000	1.893170e+002
-1.200768e+000	1.826714e+002
-1.251401e+000	1.760258e+002
-1.215702e+000	1.727022e+002
-1.283604e+000	1.653920e+002
-1.230634e+000	1.627330e+002
-1.194934e+000	1.594095e+002
-1.176506e+000	1.554213e+002
-1.158071e+000	1.514334e+002
-1.105107e+000	1.487742e+002
-1.034876e+000	1.467794e+002
-1.120040e+000	1.388050e+002
-1.153407e+000	1.328238e+002
-1.204039e+000	1.261782e+002
-1.220142e+000	1.208613e+002
-1.270774e+000	1.142157e+002
-1.235075e+000	1.108921e+002
-1.251176e+000	1.055752e+002
-1.250013e+000	1.009227e+002
-1.179778e+000	9.892810e+001
-1.144077e+000	9.560455e+001
-1.211981e+000	8.829435e+001
-1.331681e+000	7.899106e+001
-1.416850e+000	7.101649e+001
-1.329348e+000	6.968624e+001
-1.138250e+000	7.234242e+001
-1.068020e+000	7.034757e+001
-1.239515e+000	5.905119e+001
-1.341949e+000	5.041226e+001
-1.288984e+000	4.775307e+001
-1.322352e+000	4.177183e+001
-1.321188e+000	3.711931e+001
-1.268224e+000	3.446012e+001
-1.284319e+000	2.914346e+001
-1.334958e+000	2.249762e+001
-1.385591e+000	1.585201e+001
-1.349890e+000	1.252846e+001
-1.400523e+000	5.882845e+000
-1.451157e+000	-7.627564e-001
-1.449993e+000	-5.415275e+000
-1.483360e+000	-1.139652e+001
-1.568523e+000	-1.937085e+001
-1.584626e+000	-2.468773e+001
-1.600727e+000	-3.000462e+001
-1.582293e+000	-3.399254e+001
-1.632926e+000	-4.063815e+001
-1.666292e+000	-4.661939e+001
-1.665130e+000	-5.127191e+001
-1.733027e+000	-5.858189e+001
-1.662797e+000	-6.057672e+001
-1.558031e+000	-6.124260e+001
-1.643199e+000	-6.921716e+001
-1.572963e+000	-7.121178e+001
-1.433666e+000	-7.054892e+001
-1.449769e+000	-7.586581e+001
-1.569468e+000	-8.516910e+001
-1.533769e+000	-8.849266e+001
-1.532605e+000	-9.314517e+001
-1.548702e+000	-9.846183e+001
-1.547538e+000	-1.031144e+002
-1.529104e+000	-1.071023e+002
-1.562470e+000	-1.130835e+002
-1.613104e+000	-1.197291e+002
-1.629206e+000	-1.250460e+002
-1.610772e+000	-1.290339e+002
-1.626873e+000	-1.343508e+002
-1.504842e+000	-1.343523e+002
-1.520944e+000	-1.396692e+002
-1.588842e+000	-1.469792e+002
-1.622209e+000	-1.529604e+002
-1.603780e+000	-1.569486e+002
-1.550809e+000	-1.596076e+002
-1.549647e+000	-1.642601e+002
-1.513948e+000	-1.675836e+002
-1.443716e+000	-1.695785e+002
-1.373481e+000	-1.715731e+002
-1.337781e+000	-1.748966e+002
-1.181219e+000	-1.735694e+002
-1.162784e+000	-1.775574e+002
-1.299756e+000	-1.875252e+002
-1.315852e+000	-1.928419e+002
-1.262887e+000	-1.955011e+002
-1.175391e+000	-1.968316e+002
-9.497562e-001	-1.928464e+002
-8.104588e-001	-1.921836e+002
-6.884265e-001	-1.921851e+002
-7.735970e-001	-2.001597e+002
-7.724261e-001	-2.048120e+002
-6.331287e-001	-2.041491e+002
-7.700945e-001	-2.141168e+002
-9.588613e-001	-2.260778e+002
-9.576977e-001	-2.307303e+002
-8.011295e-001	-2.294028e+002
-6.445670e-001	-2.280756e+002
-6.261325e-001	-2.320635e+002
-7.631040e-001	-2.420314e+002
-6.238009e-001	-2.413684e+002
-5.708362e-001	-2.440276e+002
-7.078005e-001	-2.539952e+002
-5.685031e-001	-2.533324e+002
-5.673410e-001	-2.579849e+002
-6.352377e-001	-2.652949e+002
-6.686057e-001	-2.712761e+002
-5.638385e-001	-2.719420e+002
-5.799399e-001	-2.772589e+002
-4.233789e-001	-2.759316e+002
-1.114118e-001	-2.686245e+002
-2.138445e-001	-2.772634e+002
-4.371415e-001	-2.905531e+002
-4.877819e-001	-2.971990e+002
-2.794169e-001	-2.938784e+002
1.528513e-002	-2.872356e+002
5.171769e-001	-2.726202e+002
9.845429e-001	-2.593333e+002
1.089310e+000	-2.599992e+002
1.107737e+000	-2.639874e+002
1.057104e+000	-2.706330e+002
1.110070e+000	-2.732922e+002
1.111238e+000	-2.779445e+002
1.146938e+000	-2.812680e+002
1.251699e+000	-2.819341e+002
1.270134e+000	-2.859221e+002
1.236766e+000	-2.919033e+002
1.220664e+000	-2.972202e+002
1.498096e+000	-2.912420e+002
1.551060e+000	-2.939012e+002
1.465897e+000	-3.018755e+002
1.501597e+000	-3.051991e+002
1.381897e+000	-3.145024e+002
1.365796e+000	-3.198193e+002
1.384229e+000	-3.238072e+002
1.419923e+000	-3.271310e+002
1.455624e+000	-3.304545e+002
1.560390e+000	-3.311204e+002
2.131353e+000	-3.138471e+002
2.771377e+000	-2.939164e+002
3.376879e+000	-2.753141e+002
3.809703e+000	-2.633564e+002
4.052604e+000	-2.587069e+002
4.053768e+000	-2.633594e+002
3.916802e+000	-2.733271e+002
3.779836e+000	-2.832947e+002
3.850067e+000	-2.852896e+002
4.231102e+000	-2.753247e+002
4.543063e+000	-2.680178e+002
4.596028e+000	-2.706770e+002
4.683528e+000	-2.720073e+002
4.719228e+000	-2.753308e+002
4.599523e+000	-2.846343e+002
4.566161e+000	-2.906153e+002
4.653656e+000	-2.919458e+002
4.533958e+000	-3.012491e+002
4.500590e+000	-3.072304e+002
4.363625e+000	-3.171980e+002
4.468391e+000	-3.178639e+002
4.676756e+000	-3.145434e+002
4.712456e+000	-3.178669e+002
4.903547e+000	-3.152110e+002
5.180980e+000	-3.092328e+002
5.337548e+000	-3.079053e+002
5.148781e+000	-3.198663e+002
5.011815e+000	-3.298340e+002
4.978449e+000	-3.358152e+002
4.858749e+000	-3.451185e+002
5.032577e+000	-3.431269e+002
5.258213e+000	-3.391418e+002
5.242110e+000	-3.444587e+002
5.277810e+000	-3.477822e+002
5.227176e+000	-3.544279e+002
5.003874e+000	-3.677178e+002
4.953242e+000	-3.743634e+002
5.161604e+000	-3.710429e+002
5.300903e+000	-3.703800e+002
5.319337e+000	-3.743679e+002
5.475898e+000	-3.730407e+002
5.528870e+000	-3.756997e+002
5.581835e+000	-3.783589e+002
5.634800e+000	-3.810181e+002
5.670498e+000	-3.843417e+002
5.671663e+000	-3.889942e+002
5.966358e+000	-3.823516e+002
6.658192e+000	-3.604273e+002
6.935623e+000	-3.544491e+002
7.074919e+000	-3.537863e+002
7.386880e+000	-3.464793e+002
7.526179e+000	-3.458165e+002
7.475545e+000	-3.524621e+002
7.511244e+000	-3.557857e+002
7.719609e+000	-3.524651e+002
8.273307e+000	-3.358562e+002
8.464406e+000	-3.332000e+002
8.810899e+000	-3.245643e+002
9.260998e+000	-3.119418e+002
9.572961e+000	-3.046349e+002
9.539593e+000	-3.106161e+002
9.402627e+000	-3.205838e+002
9.576456e+000	-3.185922e+002
9.750289e+000	-3.166004e+002
9.975919e+000	-3.126155e+002
1.027061e+001	-3.059729e+002
1.027178e+001	-3.106252e+002
1.020389e+001	-3.179352e+002
1.006692e+001	-3.279031e+002
1.056881e+001	-3.132875e+002
1.110524e+001	-2.973431e+002
1.148627e+001	-2.873783e+002
1.183277e+001	-2.787426e+002
1.233466e+001	-2.641270e+002
1.323369e+001	-2.342299e+002
1.461618e+001	-1.857292e+002
1.598141e+001	-1.378929e+002
1.691496e+001	-1.066671e+002
1.743413e+001	-9.138712e+001
1.783243e+001	-8.075791e+001
1.786812e+001	-8.408147e+001
1.786929e+001	-8.873399e+001
1.771505e+001	-9.936622e+001
1.807882e+001	-9.006575e+001
1.847711e+001	-7.943676e+001
1.875454e+001	-7.345856e+001
1.872118e+001	-7.943980e+001
1.882594e+001	-8.010568e+001
1.886164e+001	-8.342925e+001
1.872467e+001	-9.339712e+001
1.869130e+001	-9.937837e+001
1.860614e+001	-1.073527e+002
1.865911e+001	-1.100119e+002
1.923007e+001	-9.273862e+001
1.931757e+001	-9.406908e+001
1.952593e+001	-9.074855e+001
1.973430e+001	-8.742803e+001
1.966640e+001	-9.473800e+001
1.952943e+001	-1.047056e+002
1.968599e+001	-1.033784e+002
1.996342e+001	-9.740023e+001
1.996459e+001	-1.020525e+002
1.991396e+001	-1.086984e+002
1.962159e+001	-1.246457e+002
1.936376e+001	-1.392644e+002
1.931313e+001	-1.459100e+002
1.952149e+001	-1.425895e+002
1.967806e+001	-1.412620e+002
1.981735e+001	-1.405992e+002
2.047465e+001	-1.200039e+002
2.094201e+001	-1.067172e+002
2.094318e+001	-1.113695e+002
2.077168e+001	-1.226661e+002
2.051385e+001	-1.372847e+002
2.084308e+001	-1.293132e+002
2.134497e+001	-1.146978e+002
2.176053e+001	-1.034042e+002
2.193437e+001	-1.014124e+002
2.191827e+001	-1.067293e+002
2.166043e+001	-1.213480e+002
2.159254e+001	-1.286579e+002
2.159370e+001	-1.333105e+002
2.154307e+001	-1.399561e+002
2.164783e+001	-1.406220e+002
2.170080e+001	-1.432812e+002
2.139117e+001	-1.598929e+002
2.142686e+001	-1.632167e+002
2.144530e+001	-1.672046e+002
2.199899e+001	-1.505957e+002
2.236276e+001	-1.412954e+002
2.248479e+001	-1.412969e+002
2.246869e+001	-1.466138e+002
2.236625e+001	-1.552528e+002
2.241922e+001	-1.579119e+002
2.214412e+001	-1.731950e+002
2.186902e+001	-1.884780e+002
2.188746e+001	-1.924659e+002
2.214762e+001	-1.871521e+002
2.258045e+001	-1.751941e+002
2.294422e+001	-1.658939e+002
2.278998e+001	-1.765261e+002
2.306741e+001	-1.705479e+002
2.301678e+001	-1.771935e+002
2.272441e+001	-1.931409e+002
2.327811e+001	-1.765322e+002
2.360734e+001	-1.685607e+002
2.340131e+001	-1.811860e+002
2.343701e+001	-1.845096e+002
2.335184e+001	-1.924841e+002
2.316307e+001	-2.044451e+002
2.356136e+001	-1.938161e+002
2.389060e+001	-1.858446e+002
2.394356e+001	-1.885038e+002
2.382386e+001	-1.978071e+002
2.396316e+001	-1.971442e+002
2.437872e+001	-1.858507e+002
2.481155e+001	-1.738927e+002
2.514079e+001	-1.659212e+002
2.491748e+001	-1.792111e+002
2.460786e+001	-1.958229e+002
2.476442e+001	-1.944957e+002
2.516272e+001	-1.838664e+002
2.526748e+001	-1.845323e+002
2.551038e+001	-1.798831e+002
2.530435e+001	-1.925084e+002
2.527098e+001	-1.984896e+002
2.532394e+001	-2.011488e+002
2.539417e+001	-2.031437e+002
2.546441e+001	-2.051383e+002
2.518931e+001	-2.204213e+002
2.527681e+001	-2.217518e+002
2.583051e+001	-2.051429e+002
2.622880e+001	-1.945139e+002
2.631630e+001	-1.958441e+002
2.623113e+001	-2.038187e+002
2.616323e+001	-2.111286e+002
2.618166e+001	-2.151168e+002
2.651089e+001	-2.071453e+002
2.675379e+001	-2.024958e+002
2.666862e+001	-2.104703e+002
2.661799e+001	-2.171160e+002
2.649829e+001	-2.264192e+002
2.644766e+001	-2.330649e+002
2.665602e+001	-2.297443e+002
2.670899e+001	-2.324035e+002
2.677922e+001	-2.343984e+002
2.716025e+001	-2.244337e+002
2.719595e+001	-2.277573e+002
2.716258e+001	-2.337386e+002
2.712921e+001	-2.397198e+002
2.711312e+001	-2.450365e+002
2.726968e+001	-2.437092e+002
2.740898e+001	-2.430464e+002
2.761734e+001	-2.397259e+002
2.761851e+001	-2.443782e+002
2.732615e+001	-2.603255e+002
2.772444e+001	-2.496966e+002
2.786374e+001	-2.490337e+002
2.770951e+001	-2.596657e+002
2.831500e+001	-2.410637e+002
2.900683e+001	-2.191396e+002
3.011305e+001	-1.812695e+002
3.140921e+001	-1.360911e+002
3.199744e+001	-1.181534e+002
3.208494e+001	-1.194837e+002
3.236237e+001	-1.135055e+002
3.269160e+001	-1.055339e+002
3.308989e+001	-9.490495e+001
3.328099e+001	-9.224879e+001
3.342029e+001	-9.158594e+001
3.364592e+001	-8.760105e+001
3.356076e+001	-9.557539e+001
3.361372e+001	-9.823458e+001
3.378755e+001	-9.624278e+001
3.409952e+001	-8.893585e+001
3.444601e+001	-8.029996e+001
3.522417e+001	-5.505384e+001
3.582967e+001	-3.645182e+001
3.569270e+001	-4.641947e+001
3.529674e+001	-6.635348e+001
3.534971e+001	-6.901246e+001
3.562714e+001	-6.303425e+001
3.607723e+001	-5.041195e+001
3.632013e+001	-4.576270e+001
3.633856e+001	-4.975062e+001
3.639153e+001	-5.240982e+001
3.665169e+001	-4.709598e+001
3.658379e+001	-5.440617e+001
3.656769e+001	-5.972283e+001
3.689692e+001	-5.175153e+001
3.677722e+001	-6.105482e+001
3.688199e+001	-6.172070e+001
3.719395e+001	-5.441377e+001
3.750591e+001	-4.710660e+001
3.755888e+001	-4.976580e+001
3.738738e+001	-6.106241e+001
3.750941e+001	-6.106393e+001
3.789044e+001	-5.109931e+001
3.785707e+001	-5.708055e+001
3.780644e+001	-6.372616e+001
3.777307e+001	-6.970740e+001
3.791238e+001	-6.904433e+001
3.798261e+001	-7.103917e+001
3.777657e+001	-8.366451e+001
3.801947e+001	-7.901525e+001
3.821057e+001	-7.635909e+001
3.828080e+001	-7.835391e+001
3.845463e+001	-7.636212e+001
3.866299e+001	-7.304159e+001
3.873323e+001	-7.503620e+001
3.892432e+001	-7.238026e+001
3.902909e+001	-7.304615e+001
3.930652e+001	-6.706793e+001
3.939402e+001	-6.839818e+001
3.922252e+001	-7.969479e+001
3.963808e+001	-6.840122e+001
3.984645e+001	-6.508069e+001
3.991668e+001	-6.707553e+001
4.000418e+001	-6.840577e+001
4.000534e+001	-7.305829e+001
3.993744e+001	-8.036826e+001
3.997314e+001	-8.369183e+001
3.980164e+001	-9.498843e+001
4.001001e+001	-9.166790e+001
4.001118e+001	-9.632019e+001
3.992601e+001	-1.042948e+002
4.047970e+001	-8.768605e+001
4.084346e+001	-7.838578e+001
4.060290e+001	-9.233985e+001
4.060406e+001	-9.699237e+001
4.127862e+001	-7.573266e+001
4.184959e+001	-5.845937e+001
4.178169e+001	-6.576934e+001
4.157565e+001	-7.839489e+001
4.187036e+001	-7.175210e+001
4.225139e+001	-6.178748e+001
4.221802e+001	-6.776873e+001
4.215012e+001	-7.507870e+001
4.218581e+001	-7.840249e+001
4.239418e+001	-7.508173e+001
4.249894e+001	-7.574784e+001
4.250011e+001	-8.040014e+001
4.241494e+001	-8.837469e+001
4.257151e+001	-8.704726e+001
4.281441e+001	-8.239801e+001
4.286737e+001	-8.505720e+001
4.260954e+001	-9.967585e+001
4.276611e+001	-9.834842e+001
4.292267e+001	-9.702121e+001
4.292384e+001	-1.016735e+002
4.295954e+001	-1.049971e+002
4.287437e+001	-1.129716e+002
4.292733e+001	-1.156308e+002
4.308390e+001	-1.143034e+002
4.339586e+001	-1.069965e+002
4.350063e+001	-1.076623e+002
4.331186e+001	-1.196233e+002
4.319216e+001	-1.289266e+002
4.353866e+001	-1.202907e+002
4.416142e+001	-1.010243e+002
4.443885e+001	-9.504610e+001
4.466448e+001	-9.106121e+001
4.487284e+001	-8.774069e+001
4.477042e+001	-9.637939e+001
4.461618e+001	-1.070116e+002
4.499721e+001	-9.704701e+001
4.527464e+001	-9.106880e+001
4.537941e+001	-9.173468e+001
4.515611e+001	-1.050244e+002
4.489828e+001	-1.196430e+002
4.510664e+001	-1.163225e+002
4.562580e+001	-1.010425e+002
4.571330e+001	-1.023728e+002
4.580080e+001	-1.037032e+002
4.554296e+001	-1.183219e+002
4.528514e+001	-1.329403e+002
4.532083e+001	-1.362641e+002
4.565007e+001	-1.282926e+002
4.610016e+001	-1.156703e+002
4.632579e+001	-1.116852e+002
4.649962e+001	-1.096936e+002
4.682886e+001	-1.017221e+002
4.696815e+001	-1.010592e+002
4.671032e+001	-1.156779e+002
4.674602e+001	-1.190014e+002
4.688532e+001	-1.183386e+002
4.693828e+001	-1.209978e+002
4.678405e+001	-1.316298e+002
4.699242e+001	-1.283093e+002
4.706265e+001	-1.303041e+002
4.709835e+001	-1.336277e+002
4.730671e+001	-1.303072e+002
4.735968e+001	-1.329661e+002
4.732631e+001	-1.389474e+002
4.758647e+001	-1.336338e+002
4.772577e+001	-1.329707e+002
4.760607e+001	-1.422742e+002
4.788350e+001	-1.362960e+002
4.819547e+001	-1.289888e+002
4.816210e+001	-1.349701e+002
4.811147e+001	-1.416157e+002
4.797450e+001	-1.515836e+002
4.820013e+001	-1.475984e+002
4.830490e+001	-1.482643e+002
4.834059e+001	-1.515881e+002
4.872163e+001	-1.416233e+002
4.910266e+001	-1.316587e+002
4.917289e+001	-1.336535e+002
4.912225e+001	-1.402991e+002
4.886442e+001	-1.549177e+002
4.890012e+001	-1.582413e+002
4.878042e+001	-1.675446e+002
4.862619e+001	-1.781766e+002
4.873095e+001	-1.788427e+002
4.919832e+001	-1.655558e+002
4.935488e+001	-1.642286e+002
4.942511e+001	-1.662232e+002
4.930542e+001	-1.755265e+002
4.937564e+001	-1.775214e+002
4.951494e+001	-1.768585e+002
4.922258e+001	-1.928059e+002
4.929281e+001	-1.948007e+002
4.944938e+001	-1.934733e+002
4.958867e+001	-1.928104e+002
4.957257e+001	-1.981273e+002
4.998814e+001	-1.868337e+002
5.030010e+001	-1.795268e+002
5.030127e+001	-1.841791e+002
5.030243e+001	-1.888316e+002
5.059713e+001	-1.821891e+002
5.084003e+001	-1.775396e+002
5.097932e+001	-1.768767e+002
5.060063e+001	-1.961462e+002
5.080899e+001	-1.928256e+002
5.120728e+001	-1.821966e+002
5.138112e+001	-1.802049e+002
5.138229e+001	-1.848571e+002
5.148705e+001	-1.855232e+002
5.166088e+001	-1.835315e+002
5.185198e+001	-1.808753e+002
5.202581e+001	-1.788837e+002
5.202698e+001	-1.835360e+002
5.201088e+001	-1.888529e+002
5.206384e+001	-1.915121e+002
5.244488e+001	-1.815472e+002
5.256691e+001	-1.815487e+002
5.230907e+001	-1.961674e+002
5.213757e+001	-2.074640e+002
5.262221e+001	-1.935128e+002
5.272696e+001	-1.941789e+002
5.271087e+001	-1.994955e+002
5.269477e+001	-2.048124e+002
5.222974e+001	-2.274039e+002
5.259350e+001	-2.181036e+002
5.318173e+001	-2.001662e+002
5.307929e+001	-2.088049e+002
5.292506e+001	-2.194371e+002
5.308163e+001	-2.181097e+002
5.315186e+001	-2.201045e+002
5.310122e+001	-2.267501e+002
5.289520e+001	-2.393755e+002
5.286183e+001	-2.453567e+002
5.298386e+001	-2.453582e+002
5.327855e+001	-2.387157e+002
5.360778e+001	-2.307443e+002
5.364348e+001	-2.340679e+002
5.361012e+001	-2.400491e+002
5.330049e+001	-2.566609e+002
5.337072e+001	-2.586557e+002
5.392441e+001	-2.420468e+002
5.409824e+001	-2.400552e+002
5.377135e+001	-2.573313e+002
5.354804e+001	-2.706212e+002
5.386001e+001	-2.633141e+002
5.406838e+001	-2.599936e+002
5.377601e+001	-2.759410e+002
5.363904e+001	-2.859088e+002
5.383014e+001	-2.832527e+002
5.402124e+001	-2.805965e+002
5.455767e+001	-2.646522e+002
5.492143e+001	-2.553519e+002
5.492260e+001	-2.600042e+002
5.480290e+001	-2.693075e+002
5.471773e+001	-2.772821e+002
5.463256e+001	-2.852566e+002
5.463373e+001	-2.899089e+002
5.492842e+001	-2.832663e+002
5.511952e+001	-2.806102e+002
5.508616e+001	-2.865914e+002
5.493193e+001	-2.972234e+002
5.507122e+001	-2.965606e+002
5.567672e+001	-2.779585e+002
5.593688e+001	-2.726447e+002
5.635244e+001	-2.613514e+002
5.652628e+001	-2.593596e+002
5.663104e+001	-2.600254e+002
5.673581e+001	-2.606913e+002
5.713410e+001	-2.500624e+002
5.727340e+001	-2.493995e+002
5.718824e+001	-2.573738e+002
5.750020e+001	-2.500669e+002
5.760496e+001	-2.507328e+002
5.713993e+001	-2.733245e+002
5.714110e+001	-2.779768e+002
5.731494e+001	-2.759850e+002
5.838663e+001	-2.394438e+002
5.999357e+001	-1.823059e+002
6.116887e+001	-1.417781e+002
6.182616e+001	-1.211830e+002
6.210360e+001	-1.152047e+002
6.182849e+001	-1.304878e+002
6.184693e+001	-1.344757e+002
6.202076e+001	-1.324839e+002
6.203919e+001	-1.364720e+002
6.174682e+001	-1.524194e+002
6.186885e+001	-1.524210e+002
6.224989e+001	-1.424563e+002
6.235465e+001	-1.431222e+002
6.225222e+001	-1.517611e+002
6.258145e+001	-1.437896e+002
6.285888e+001	-1.378114e+002
6.265285e+001	-1.504367e+002
6.284395e+001	-1.477806e+002
6.327678e+001	-1.358226e+002
6.376141e+001	-1.218716e+002
6.391797e+001	-1.205442e+002
6.385007e+001	-1.278544e+002
6.405843e+001	-1.245338e+002
6.443947e+001	-1.145690e+002
6.468236e+001	-1.099197e+002
6.471806e+001	-1.132433e+002
6.458109e+001	-1.232110e+002
6.444413e+001	-1.331786e+002
6.477336e+001	-1.252073e+002
6.484360e+001	-1.272019e+002
6.491383e+001	-1.291968e+002
6.481139e+001	-1.378357e+002
6.514063e+001	-1.298642e+002
6.529719e+001	-1.285369e+002
6.526382e+001	-1.345182e+002
6.542039e+001	-1.331908e+002
6.569782e+001	-1.272125e+002
6.573351e+001	-1.305363e+002
6.533755e+001	-1.504701e+002
6.549411e+001	-1.491429e+002
6.582334e+001	-1.411714e+002
6.606624e+001	-1.365221e+002
6.589475e+001	-1.478185e+002
6.615490e+001	-1.425049e+002
6.672587e+001	-1.252316e+002
6.679610e+001	-1.272262e+002
6.691813e+001	-1.272277e+002
6.709196e+001	-1.252362e+002
6.697226e+001	-1.345394e+002
6.695616e+001	-1.398563e+002
6.685373e+001	-1.484950e+002
6.707936e+001	-1.445101e+002
6.751219e+001	-1.325522e+002
6.720256e+001	-1.491642e+002
6.689293e+001	-1.657759e+002
6.720489e+001	-1.584690e+002
6.746505e+001	-1.531551e+002
6.767342e+001	-1.498346e+002
6.786452e+001	-1.471784e+002
6.764122e+001	-1.604681e+002
6.765965e+001	-1.644563e+002
6.790255e+001	-1.598068e+002
6.790371e+001	-1.644593e+002
6.838835e+001	-1.505081e+002
6.868304e+001	-1.438655e+002
6.901227e+001	-1.358940e+002
6.975590e+001	-1.119766e+002
7.034412e+001	-9.403915e+001
7.084602e+001	-7.942353e+001
7.112345e+001	-7.344531e+001
7.084835e+001	-8.872833e+001
7.078046e+001	-9.603831e+001
7.076435e+001	-1.013552e+002
7.100726e+001	-9.670571e+001
7.128469e+001	-9.072750e+001
7.154485e+001	-8.541388e+001
7.168415e+001	-8.475080e+001
7.168531e+001	-8.940333e+001
7.187641e+001	-8.674717e+001
7.230924e+001	-7.478922e+001
7.279387e+001	-6.083819e+001
7.329576e+001	-4.622258e+001
7.329693e+001	-5.087487e+001
7.295277e+001	-6.881557e+001
7.262587e+001	-8.609190e+001
7.255797e+001	-9.340187e+001
7.280086e+001	-8.875262e+001
7.287110e+001	-9.074724e+001
7.316579e+001	-8.410465e+001
7.294249e+001	-9.739458e+001
7.265013e+001	-1.133420e+002
7.304843e+001	-1.027128e+002
7.351579e+001	-8.942609e+001
7.370689e+001	-8.676993e+001
7.339725e+001	-1.033819e+002
7.365742e+001	-9.806805e+001
7.398665e+001	-9.009653e+001
7.429861e+001	-8.278959e+001
7.423071e+001	-9.009956e+001
7.412828e+001	-9.873849e+001
7.425031e+001	-9.874000e+001
7.437234e+001	-9.874152e+001
7.454618e+001	-9.674973e+001
7.503080e+001	-8.279869e+001
7.553270e+001	-6.818308e+001
7.568926e+001	-6.685587e+001
7.522424e+001	-8.944734e+001
7.486280e+001	-1.080524e+002
7.514024e+001	-1.020742e+002
7.567666e+001	-8.612985e+001
7.598862e+001	-7.882291e+001
7.593799e+001	-8.546851e+001
7.604276e+001	-8.613440e+001
7.632018e+001	-8.015619e+001
7.626956e+001	-8.680181e+001
7.635705e+001	-8.813227e+001
7.642728e+001	-9.012689e+001
7.648025e+001	-9.278608e+001
7.677495e+001	-8.614351e+001
7.710418e+001	-7.817198e+001
7.658735e+001	-1.027568e+002
7.632951e+001	-1.173754e+002
7.664148e+001	-1.100685e+002
7.691891e+001	-1.040903e+002
7.729994e+001	-9.412565e+001
7.723204e+001	-1.014356e+002
7.681881e+001	-1.220340e+002
7.673364e+001	-1.300084e+002
7.706287e+001	-1.220370e+002
7.718490e+001	-1.220386e+002
7.718607e+001	-1.266909e+002
7.763617e+001	-1.140686e+002
7.768913e+001	-1.167278e+002
7.774209e+001	-1.193870e+002
7.788140e+001	-1.187241e+002
7.831422e+001	-1.067662e+002
7.831539e+001	-1.114185e+002
7.805756e+001	-1.260371e+002
7.797239e+001	-1.340117e+002
7.818075e+001	-1.306912e+002
7.830278e+001	-1.306927e+002
7.823488e+001	-1.380026e+002
7.866772e+001	-1.260447e+002
7.915235e+001	-1.120935e+002
7.910171e+001	-1.187393e+002
7.894748e+001	-1.293713e+002
7.910404e+001	-1.280441e+002
7.900161e+001	-1.366830e+002
7.900277e+001	-1.413353e+002
7.921114e+001	-1.380148e+002
7.948857e+001	-1.320366e+002
7.940341e+001	-1.400111e+002
7.928371e+001	-1.493144e+002
7.921581e+001	-1.566244e+002
7.971770e+001	-1.420088e+002
8.027140e+001	-1.254001e+002
8.016896e+001	-1.340390e+002
8.001473e+001	-1.446710e+002
8.020583e+001	-1.420149e+002
8.074226e+001	-1.260705e+002
8.082976e+001	-1.274008e+002
8.074459e+001	-1.353753e+002
8.079756e+001	-1.380345e+002
8.098866e+001	-1.353783e+002
8.187042e+001	-1.061456e+002
8.306297e+001	-6.495362e+001
8.337494e+001	-5.764668e+001
8.349696e+001	-5.764820e+001
8.396433e+001	-4.436131e+001
8.467342e+001	-2.177288e+001
8.529619e+001	-2.506259e+000
8.538368e+001	-3.836732e+000
8.528125e+001	-1.247565e+001
8.507521e+001	-2.510099e+001
8.519725e+001	-2.510251e+001
8.578548e+001	-7.164842e+000
8.592477e+001	-6.501999e+000
8.577054e+001	-1.713402e+001
8.556452e+001	-2.975935e+001
8.568654e+001	-2.976087e+001
8.634383e+001	-9.165754e+000
8.646587e+001	-9.167265e+000
8.629437e+001	-2.046365e+001
8.638187e+001	-2.179412e+001
8.681469e+001	-9.836183e+000
8.719572e+001	1.284208e-001
8.705876e+001	-9.839225e+000
8.700813e+001	-1.648483e+001
8.704383e+001	-1.980839e+001
8.701046e+001	-2.578964e+001
8.718430e+001	-2.379784e+001
8.763439e+001	-1.117554e+001
8.823989e+001	7.426480e+000
8.834465e+001	6.760595e+000
8.819041e+001	-3.871639e+000
8.815704e+001	-9.852886e+000
8.843448e+001	-3.874671e+000
8.893637e+001	1.074093e+001
8.914474e+001	1.406146e+001
8.914591e+001	9.409168e+000
8.887081e+001	-5.873839e+000
8.826764e+001	-3.378089e+001
8.780261e+001	-5.637237e+001
8.766565e+001	-6.634002e+001
8.792581e+001	-6.102639e+001
8.854857e+001	-4.175979e+001
8.887780e+001	-3.378848e+001
8.910344e+001	-2.980337e+001
8.912186e+001	-3.379152e+001
8.888130e+001	-4.774559e+001
8.879613e+001	-5.572014e+001
8.947070e+001	-3.446044e+001
9.024885e+001	-9.214321e+000
8.992196e+001	-2.649043e+001
8.942239e+001	-5.041086e+001
8.949262e+001	-5.240569e+001
9.008085e+001	-3.446803e+001
9.061728e+001	-1.852368e+001
9.092925e+001	-1.121652e+001
9.065415e+001	-2.649954e+001
9.072438e+001	-2.849436e+001
9.101907e+001	-2.185180e+001
9.114111e+001	-2.185332e+001
9.128041e+001	-2.119046e+001
9.128157e+001	-2.584276e+001
9.138634e+001	-2.650865e+001
9.166377e+001	-2.053043e+001
9.178580e+001	-2.053195e+001
9.197690e+001	-1.787579e+001
9.220253e+001	-1.389089e+001
9.230730e+001	-1.455678e+001
9.234299e+001	-1.788035e+001
9.229236e+001	-2.452617e+001
9.267339e+001	-1.456133e+001
9.258822e+001	-2.253590e+001
9.245126e+001	-3.250354e+001
9.286682e+001	-2.121020e+001
9.288525e+001	-2.519813e+001
9.278282e+001	-3.383705e+001
9.292212e+001	-3.317398e+001
9.325134e+001	-2.520268e+001
9.368418e+001	-1.324474e+001
9.394434e+001	-7.930904e+000
9.403184e+001	-9.261367e+000
9.424021e+001	-5.940620e+000
9.444857e+001	-2.620096e+000
9.417347e+001	-1.790310e+001
9.382931e+001	-3.584380e+001
9.410674e+001	-2.986560e+001
9.421150e+001	-3.053171e+001
9.402274e+001	-4.249245e+001
9.397210e+001	-4.913828e+001
9.419774e+001	-4.515317e+001
9.444063e+001	-4.050391e+001
9.457992e+001	-3.984106e+001
9.458110e+001	-4.449336e+001
9.475493e+001	-4.250156e+001
9.506689e+001	-3.519462e+001
9.527525e+001	-3.187409e+001
9.529369e+001	-3.586201e+001
9.529485e+001	-4.051453e+001
9.533056e+001	-4.383810e+001
9.559072e+001	-3.852425e+001
9.574728e+001	-3.719704e+001
9.597291e+001	-3.321193e+001
9.606041e+001	-3.454239e+001
9.656231e+001	-1.992678e+001
9.664981e+001	-2.125725e+001
9.668550e+001	-2.458081e+001
9.711833e+001	-1.262287e+001
9.730943e+001	-9.966713e+000
9.724153e+001	-1.727669e+001
9.719090e+001	-2.392230e+001
9.720933e+001	-2.791044e+001
9.705510e+001	-3.854246e+001
9.707353e+001	-4.253039e+001
9.731643e+001	-3.788114e+001
9.712766e+001	-4.984210e+001
9.742236e+001	-4.319953e+001
9.797606e+001	-2.659060e+001
9.806355e+001	-2.792107e+001
9.809925e+001	-3.124464e+001
9.842849e+001	-2.327311e+001
9.903398e+001	-4.671087e+000
9.917328e+001	-4.008234e+000
9.931257e+001	-3.345391e+000
9.964180e+001	4.626130e+000
9.991923e+001	1.060433e+001
9.959233e+001	-6.671989e+000
9.936904e+001	-1.996169e+001
9.930114e+001	-2.727167e+001
9.907784e+001	-4.056159e+001
9.925167e+001	-3.856978e+001
9.992623e+001	-1.731007e+001
1.001864e+002	-1.199623e+001
9.992856e+001	-2.661489e+001
9.998153e+001	-2.927409e+001
9.991363e+001	-3.658428e+001
1.000702e+002	-3.525685e+001
1.004512e+002	-2.529223e+001
1.006596e+002	-2.197170e+001
1.005744e+002	-2.994604e+001
1.004720e+002	-3.858497e+001
1.004904e+002	-4.257290e+001
1.005261e+002	-4.589668e+001
1.006654e+002	-4.523361e+001
1.009428e+002	-3.925540e+001
1.015138e+002	-2.198233e+001
1.019294e+002	-1.068875e+001
1.021205e+002	-8.032592e+000
1.020180e+002	-1.667152e+001
1.018638e+002	-2.730354e+001
1.020204e+002	-2.597632e+001
1.019179e+002	-3.461525e+001
1.019191e+002	-3.926754e+001
1.022829e+002	-2.996729e+001
1.024394e+002	-2.864008e+001
1.025269e+002	-2.997033e+001
1.025799e+002	-3.262952e+001
1.027883e+002	-2.930900e+001
1.028758e+002	-3.063947e+001
1.028597e+002	-3.595612e+001
1.031026e+002	-3.130687e+001
1.034491e+002	-2.267097e+001
1.036747e+002	-1.868608e+001
1.035205e+002	-2.931810e+001
1.033662e+002	-3.995035e+001
1.034365e+002	-4.194495e+001
1.034549e+002	-4.593310e+001
1.038359e+002	-3.596827e+001
1.042860e+002	-2.334596e+001
1.044080e+002	-2.334748e+001
1.045128e+002	-2.401336e+001
1.045140e+002	-2.866588e+001
1.045842e+002	-3.066071e+001
1.047753e+002	-2.800454e+001
1.052945e+002	-1.272457e+001
1.055892e+002	-6.081768e+000
1.054177e+002	-1.737838e+001
1.052462e+002	-2.867498e+001
1.055063e+002	-2.336114e+001
1.061636e+002	-2.765798e+000
1.063893e+002	1.219080e+000
1.060969e+002	-1.472828e+001
1.059772e+002	-2.403157e+001
1.058920e+002	-3.200614e+001
1.058414e+002	-3.865175e+001
1.057390e+002	-4.729067e+001
1.058783e+002	-4.662782e+001
1.064837e+002	-2.802580e+001
1.068302e+002	-1.938991e+001
1.068314e+002	-2.404220e+001
1.071606e+002	-1.607089e+001
1.078352e+002	5.188796e+000
1.080608e+002	9.173918e+000
1.080620e+002	4.521400e+000
1.083222e+002	9.835239e+000
1.083751e+002	7.176048e+000
1.081518e+002	-6.113643e+000
1.081185e+002	-1.209489e+001
1.078088e+002	-2.870686e+001
1.080172e+002	-2.538634e+001
1.082601e+002	-2.073685e+001
1.082095e+002	-2.738246e+001
1.084178e+002	-2.406194e+001
1.089025e+002	-1.011090e+001
1.091971e+002	-3.468325e+000
1.091120e+002	-1.144266e+001
1.090441e+002	-1.875286e+001
1.088726e+002	-3.004925e+001
1.086320e+002	-4.400354e+001
1.091512e+002	-2.872355e+001
1.098775e+002	-5.470525e+000
1.100514e+002	-3.478953e+000
1.099662e+002	-1.145329e+001
1.095012e+002	-3.404499e+001
1.093469e+002	-4.467701e+001
1.095726e+002	-4.069211e+001
1.098327e+002	-3.537827e+001
1.097303e+002	-4.401720e+001
1.092307e+002	-6.793762e+001
1.095772e+002	-5.930172e+001
1.100446e+002	-4.601507e+001
1.101839e+002	-4.535199e+001
1.105131e+002	-3.738069e+001
1.107733e+002	-3.206685e+001
1.106881e+002	-4.004140e+001
1.109310e+002	-3.539193e+001
1.112430e+002	-2.808499e+001
1.114686e+002	-2.409988e+001
1.120050e+002	-8.155527e+000
1.121098e+002	-8.821412e+000
1.120937e+002	-1.413829e+001
1.123884e+002	-7.495716e+000
1.124586e+002	-9.490553e+000
1.127188e+002	-4.176713e+000
1.127718e+002	-6.835905e+000
1.123931e+002	-2.610533e+001
1.123424e+002	-3.275094e+001
1.127925e+002	-2.012865e+001
1.131908e+002	-9.499660e+000
1.133301e+002	-8.836594e+000
1.135040e+002	-6.845012e+000
1.131253e+002	-2.611444e+001
1.129365e+002	-3.807541e+001
1.131794e+002	-3.342594e+001
1.134396e+002	-2.811231e+001
1.134580e+002	-3.210024e+001
1.134592e+002	-3.675276e+001
1.138920e+002	-2.479482e+001
1.139795e+002	-2.612507e+001
1.137044e+002	-4.140809e+001
1.138782e+002	-3.941629e+001
1.144146e+002	-2.347194e+001
1.144676e+002	-2.613114e+001
1.143134e+002	-3.676337e+001
1.143664e+002	-3.942235e+001
1.144884e+002	-3.942387e+001
1.147313e+002	-3.477461e+001
1.151296e+002	-2.414541e+001
1.157351e+002	-5.543381e+000
1.165823e+002	2.236041e+001
1.164626e+002	1.305712e+001
1.156522e+002	-2.282275e+001
1.156879e+002	-2.614631e+001
1.156546e+002	-3.212756e+001
1.155521e+002	-4.076649e+001
1.156396e+002	-4.209673e+001
1.158135e+002	-4.010516e+001
1.161600e+002	-3.146927e+001
1.163856e+002	-2.748415e+001
1.162832e+002	-3.612308e+001
1.163016e+002	-4.011123e+001
1.165272e+002	-3.612611e+001
1.171500e+002	-1.685972e+001
1.170475e+002	-2.549864e+001
1.169106e+002	-3.546630e+001
1.174643e+002	-1.885759e+001
1.176381e+002	-1.686579e+001
1.176911e+002	-1.952499e+001
1.179167e+002	-1.554010e+001
1.182287e+002	-8.232936e+000
1.186615e+002	3.724984e+000
1.186799e+002	-2.631496e-001
1.186984e+002	-4.251080e+000
1.185441e+002	-1.488310e+001
1.187352e+002	-1.222694e+001
1.185465e+002	-2.418790e+001
1.181332e+002	-4.478628e+001
1.181517e+002	-4.877421e+001
1.181701e+002	-5.276237e+001
1.185857e+002	-4.146879e+001
1.188976e+002	-3.416186e+001
1.190197e+002	-3.416337e+001
1.193489e+002	-2.619185e+001
1.196609e+002	-1.888490e+001
1.198001e+002	-1.822184e+001
1.197322e+002	-2.553204e+001
1.196816e+002	-3.217765e+001
1.200626e+002	-2.221302e+001
1.205127e+002	-9.590730e+000
1.202549e+002	-2.420916e+001
1.201697e+002	-3.218371e+001
1.204299e+002	-2.686987e+001
1.204138e+002	-3.218675e+001
1.198797e+002	-5.743591e+001
1.201053e+002	-5.345101e+001
1.209353e+002	-2.621158e+001
1.212473e+002	-1.890464e+001
1.212139e+002	-2.488589e+001
1.212669e+002	-2.754487e+001
1.214407e+002	-2.555328e+001
1.210620e+002	-4.482271e+001
1.210286e+002	-5.080395e+001
1.210816e+002	-5.346316e+001
1.211173e+002	-5.678671e+001
1.215846e+002	-4.350005e+001
1.221211e+002	-2.755548e+001
1.223295e+002	-2.423496e+001
1.223134e+002	-2.955184e+001
1.225908e+002	-2.357363e+001
1.229027e+002	-1.626669e+001
1.229039e+002	-2.091898e+001
1.228878e+002	-2.623586e+001
1.233552e+002	-1.294920e+001
1.238053e+002	-3.268985e-001
1.237892e+002	-5.643558e+000
1.234277e+002	-2.424862e+001
1.234289e+002	-2.890114e+001
1.239308e+002	-1.428552e+001
1.240874e+002	-1.295831e+001
1.241058e+002	-1.694623e+001
1.243142e+002	-1.362571e+001
1.243499e+002	-1.694927e+001
1.240920e+002	-3.156793e+001
1.241623e+002	-3.356253e+001
1.246296e+002	-2.027587e+001
1.250625e+002	-8.317931e+000
1.253053e+002	-3.668679e+000
1.255310e+002	3.164326e-001
1.257048e+002	2.308004e+000
1.258268e+002	2.306493e+000
1.258453e+002	-1.681427e+000
1.261572e+002	5.625496e+000
1.267282e+002	2.289880e+001
1.267639e+002	1.957523e+001
1.263507e+002	-1.023137e+000
1.260238e+002	-1.829925e+001
1.262494e+002	-1.431435e+001
1.262160e+002	-2.029560e+001
1.261827e+002	-2.627684e+001
1.262702e+002	-2.760709e+001
1.260469e+002	-4.089702e+001
1.260998e+002	-4.355621e+001
1.264636e+002	-3.425596e+001
1.267583e+002	-2.761316e+001
1.269839e+002	-2.362827e+001
1.271060e+002	-2.362979e+001
1.273143e+002	-2.030926e+001
1.272810e+002	-2.629050e+001
1.272303e+002	-3.293612e+001
1.272315e+002	-3.758862e+001
1.274744e+002	-3.293915e+001
1.280108e+002	-1.699480e+001
1.285300e+002	-1.714823e+000
1.283585e+002	-1.301143e+001
1.283251e+002	-1.899267e+001
1.283608e+002	-2.231623e+001
1.285174e+002	-2.098880e+001
1.284322e+002	-2.896337e+001
1.283125e+002	-3.826665e+001
1.286763e+002	-2.896640e+001
1.291954e+002	-1.368641e+001
1.293865e+002	-1.103025e+001
1.294222e+002	-1.435382e+001
1.291299e+002	-3.030120e+001
1.291656e+002	-3.362476e+001
1.296675e+002	-1.900937e+001
1.299622e+002	-1.236657e+001
1.302223e+002	-7.052952e+000
1.302580e+002	-1.037652e+001
1.302074e+002	-1.702212e+001
1.302776e+002	-1.901696e+001
1.301406e+002	-2.898461e+001
1.297620e+002	-4.825404e+001
1.295732e+002	-6.021501e+001
1.301096e+002	-4.427066e+001
1.306288e+002	-2.899068e+001
1.306817e+002	-3.164988e+001
1.305966e+002	-3.962422e+001
1.310121e+002	-2.833087e+001
1.313414e+002	-2.035934e+001
1.309627e+002	-3.962877e+001
1.309638e+002	-4.428129e+001
1.315521e+002	-2.634362e+001
1.323130e+002	-1.761869e+000
1.327803e+002	1.152478e+001
1.329024e+002	1.152327e+001
1.326100e+002	-4.424103e+000
1.320241e+002	-3.166657e+001
1.319562e+002	-3.897655e+001
1.321300e+002	-3.698497e+001
1.325456e+002	-2.569140e+001
1.330129e+002	-1.240452e+001
1.331523e+002	-1.174166e+001
1.333606e+002	-8.421141e+000
1.334999e+002	-7.758297e+000
1.332075e+002	-2.370568e+001
1.332087e+002	-2.835819e+001
1.331581e+002	-3.500380e+001
1.337290e+002	-1.773051e+001
1.341791e+002	-5.108202e+000
1.339731e+002	-1.773354e+001
1.337671e+002	-3.035888e+001
1.336992e+002	-3.766907e+001
1.336140e+002	-4.564341e+001
1.339432e+002	-3.767211e+001
1.340480e+002	-3.833798e+001
1.341873e+002	-3.767514e+001
1.341021e+002	-4.564948e+001
1.342760e+002	-4.365791e+001
1.348297e+002	-2.704897e+001
1.350553e+002	-2.306408e+001
1.352982e+002	-1.841460e+001
1.356792e+002	-8.449983e+000
1.355077e+002	-1.974658e+001
1.353708e+002	-2.971424e+001
1.355446e+002	-2.772244e+001
1.360465e+002	-1.310704e+001
1.361167e+002	-1.510166e+001
1.363596e+002	-1.045241e+001
1.365680e+002	-7.131872e+000
1.367763e+002	-3.811348e+000
1.367430e+002	-9.792585e+000
1.364679e+002	-2.507560e+001
1.363136e+002	-3.570762e+001
1.366429e+002	-2.773610e+001
1.365922e+002	-3.438193e+001
1.364898e+002	-4.302064e+001
1.369226e+002	-3.106292e+001
1.375281e+002	-1.246067e+001
1.377192e+002	-9.804734e+000
1.376341e+002	-1.777907e+001
1.375316e+002	-2.641799e+001
1.375328e+002	-3.107051e+001
1.376030e+002	-3.306512e+001
1.378805e+002	-2.708691e+001
1.381752e+002	-2.044434e+001
1.384698e+002	-1.380177e+001
1.389027e+002	-1.843832e+000
1.392319e+002	6.127679e+000
1.393367e+002	5.461580e+000
1.394069e+002	3.466966e+000
1.389246e+002	-1.978908e+001
1.391330e+002	-1.646856e+001
1.396521e+002	-1.188574e+000
1.398432e+002	1.467575e+000
1.393091e+002	-2.378157e+001
1.392758e+002	-2.976280e+001
1.393633e+002	-3.109328e+001
1.392090e+002	-4.172530e+001
1.394347e+002	-3.774041e+001
1.396258e+002	-3.508424e+001
1.399377e+002	-2.777708e+001
1.403533e+002	-1.648373e+001
1.406480e+002	-9.841162e+000
1.406664e+002	-1.382908e+001
1.408057e+002	-1.316624e+001
1.412213e+002	-1.872674e+000
1.412742e+002	-4.531865e+000
1.410164e+002	-1.915052e+001
1.408795e+002	-2.911817e+001
1.407943e+002	-3.709274e+001
1.408645e+002	-3.908735e+001
1.411247e+002	-3.377350e+001
1.416956e+002	-1.650042e+001
1.419903e+002	-9.857855e+000
1.419570e+002	-1.583910e+001
1.418027e+002	-2.647112e+001
1.418384e+002	-2.979468e+001
1.418741e+002	-3.311824e+001
1.418580e+002	-3.843513e+001
1.417729e+002	-4.640969e+001
1.418776e+002	-4.707557e+001
1.422414e+002	-3.777531e+001
1.424325e+002	-3.511915e+001
1.423991e+002	-4.110039e+001
1.426248e+002	-3.711551e+001
1.428849e+002	-3.180166e+001
1.433177e+002	-1.984373e+001
1.434398e+002	-1.984524e+001
1.433028e+002	-2.981289e+001
1.434421e+002	-2.915005e+001
1.435814e+002	-2.848720e+001
1.438070e+002	-2.450208e+001
1.441708e+002	-1.520183e+001
1.445864e+002	-3.908482e+000
1.443113e+002	-1.919150e+001
1.439153e+002	-3.912529e+001
1.440546e+002	-3.846245e+001
1.443493e+002	-3.181987e+001
1.446785e+002	-2.384835e+001
1.446970e+002	-2.783628e+001
1.447845e+002	-2.916674e+001
1.449928e+002	-2.584622e+001
1.454257e+002	-1.388828e+001
1.459448e+002	1.391687e+000
1.461359e+002	4.047856e+000
1.463615e+002	8.032745e+000
1.462246e+002	-1.934902e+000
1.461221e+002	-1.057382e+001
1.458298e+002	-2.652120e+001
1.460727e+002	-2.187195e+001
1.464710e+002	-1.124274e+001
1.461786e+002	-2.719012e+001
1.461453e+002	-3.317136e+001
1.458701e+002	-4.845438e+001
1.460095e+002	-4.779154e+001
1.465459e+002	-3.184719e+001
1.469960e+002	-1.922489e+001
1.468245e+002	-3.052127e+001
1.465494e+002	-4.580429e+001
1.467750e+002	-4.181940e+001
1.469316e+002	-4.049219e+001
1.471399e+002	-3.717166e+001
1.474864e+002	-2.853577e+001
1.478847e+002	-1.790656e+001
1.481104e+002	-1.392167e+001
1.484051e+002	-7.279095e+000
1.487170e+002	2.805116e-002
1.483038e+002	-2.057032e+001
1.481841e+002	-2.987361e+001
1.486342e+002	-1.725130e+001
1.487044e+002	-1.924614e+001
1.483948e+002	-3.585789e+001
1.484132e+002	-3.984582e+001
1.487079e+002	-3.320324e+001
1.491062e+002	-2.257425e+001
1.496426e+002	-6.629689e+000
1.496956e+002	-9.288891e+000
1.494723e+002	-2.257881e+001
1.496289e+002	-2.125137e+001
1.498027e+002	-1.925980e+001
1.500629e+002	-1.394595e+001
1.496669e+002	-3.387974e+001
1.498062e+002	-3.321690e+001
1.504117e+002	-1.461487e+001
1.510345e+002	4.651504e+000
1.512601e+002	8.636625e+000
1.510023e+002	-5.982017e+000
1.505372e+002	-2.857371e+001
1.505039e+002	-3.455496e+001
1.507986e+002	-2.791217e+001
1.509724e+002	-2.592059e+001
1.511980e+002	-2.193570e+001
1.512683e+002	-2.393030e+001
1.514421e+002	-2.193873e+001
1.518404e+002	-1.130952e+001
1.517207e+002	-2.061281e+001
1.514974e+002	-3.390251e+001
1.512395e+002	-4.852116e+001
1.515515e+002	-4.121423e+001
1.523297e+002	-1.596811e+001
1.525380e+002	-1.264736e+001
1.525047e+002	-1.862860e+001
1.528166e+002	-1.132167e+001
1.529559e+002	-1.065881e+001
1.530607e+002	-1.132470e+001
1.528892e+002	-2.262131e+001
1.528904e+002	-2.727360e+001
1.529779e+002	-2.860407e+001
1.531862e+002	-2.528354e+001
1.536363e+002	-1.266101e+001
1.538101e+002	-1.066944e+001
1.536905e+002	-1.997273e+001
1.531046e+002	-4.721520e+001
1.530539e+002	-5.386082e+001
1.534868e+002	-4.190287e+001
1.540232e+002	-2.595853e+001
1.543870e+002	-1.665828e+001
1.542500e+002	-2.662593e+001
1.538885e+002	-4.523099e+001
1.541832e+002	-3.858842e+001
1.550477e+002	-1.002026e+001
1.553079e+002	-4.706409e+000
1.551709e+002	-1.467407e+001
1.549304e+002	-2.862835e+001
1.549315e+002	-3.328065e+001
1.551572e+002	-2.929575e+001
1.552965e+002	-2.863291e+001
1.550559e+002	-4.258697e+001
1.552125e+002	-4.125977e+001
1.555417e+002	-3.328823e+001
1.556983e+002	-3.196103e+001
1.559066e+002	-2.864049e+001
1.563913e+002	-1.468925e+001
1.567550e+002	-5.388988e+000
1.568253e+002	-7.383825e+000
1.563947e+002	-2.864657e+001
1.560161e+002	-4.791599e+001
1.561726e+002	-4.658879e+001
1.567781e+002	-2.798653e+001
1.573145e+002	-1.204218e+001
1.576610e+002	-3.406300e+000
1.575414e+002	-1.270959e+001
1.574734e+002	-2.001978e+001
1.572674e+002	-3.264512e+001
1.571822e+002	-4.061968e+001
1.574942e+002	-3.331252e+001
1.578234e+002	-2.534122e+001
1.580318e+002	-2.202069e+001
1.581366e+002	-2.268657e+001
1.583967e+002	-1.737273e+001
1.583806e+002	-2.268961e+001
1.582782e+002	-3.132853e+001
1.585556e+002	-2.535032e+001
1.587467e+002	-2.269416e+001
1.589551e+002	-1.937363e+001
1.589563e+002	-2.402593e+001
1.588020e+002	-3.465817e+001
1.587687e+002	-4.063942e+001
1.592878e+002	-2.535943e+001
1.597034e+002	-1.406585e+001
1.600153e+002	-6.758698e+000
1.601028e+002	-8.089171e+000
1.602421e+002	-7.426318e+000
1.603987e+002	-6.098887e+000
1.603999e+002	-1.075140e+001
1.604874e+002	-1.208164e+001
1.607821e+002	-5.439076e+000
1.606278e+002	-1.607132e+001
1.605427e+002	-2.404566e+001
1.604748e+002	-3.135585e+001
1.606141e+002	-3.069278e+001
1.608224e+002	-2.737226e+001
1.610653e+002	-2.272300e+001
1.610838e+002	-2.671093e+001
1.609123e+002	-3.800753e+001
1.613624e+002	-2.538523e+001
1.618470e+002	-1.143398e+001
1.620899e+002	-6.784498e+000
1.621947e+002	-7.450607e+000
1.623685e+002	-5.458811e+000
1.624387e+002	-7.453638e+000
1.621981e+002	-2.140770e+001
1.620439e+002	-3.203995e+001
1.618379e+002	-4.466529e+001
1.620980e+002	-3.935145e+001
1.623755e+002	-3.337323e+001
1.627047e+002	-2.540193e+001
1.628785e+002	-2.341013e+001
1.632596e+002	-1.344551e+001
1.633471e+002	-1.477575e+001
1.629856e+002	-3.338082e+001
1.627796e+002	-4.600615e+001
1.629534e+002	-4.401458e+001
1.632999e+002	-3.537869e+001
1.637673e+002	-2.209203e+001
1.642001e+002	-1.013409e+001
1.643222e+002	-1.013561e+001
1.643406e+002	-1.412354e+001
1.645144e+002	-1.213173e+001
1.647055e+002	-9.475574e+000
1.644822e+002	-2.276550e+001
1.643625e+002	-3.206879e+001
1.645882e+002	-2.808367e+001
1.642958e+002	-4.403127e+001
1.641761e+002	-5.333457e+001
1.644190e+002	-4.868509e+001
1.645065e+002	-5.001555e+001
1.646113e+002	-5.068144e+001
1.646987e+002	-5.201169e+001
1.649071e+002	-4.869116e+001
1.652881e+002	-3.872654e+001
1.655483e+002	-3.341269e+001
1.659639e+002	-2.211935e+001
1.661895e+002	-1.813423e+001
1.660353e+002	-2.876647e+001
1.661055e+002	-3.076108e+001
1.667455e+002	-1.083033e+001
1.669366e+002	-8.174166e+000
1.672313e+002	-1.531588e+000
1.673533e+002	-1.533109e+000
1.672164e+002	-1.150076e+001
1.670622e+002	-2.213301e+001
1.672187e+002	-2.080557e+001
1.672717e+002	-2.346477e+001
1.671347e+002	-3.343243e+001
1.669632e+002	-4.472903e+001
1.670507e+002	-4.605927e+001
1.674663e+002	-3.476593e+001
1.676746e+002	-3.144540e+001
1.681938e+002	-1.616542e+001
1.683158e+002	-1.616693e+001
1.684033e+002	-1.749718e+001
1.683182e+002	-2.547175e+001
1.684575e+002	-2.480868e+001
1.689248e+002	-1.152201e+001
1.688224e+002	-2.016094e+001
1.682710e+002	-4.607445e+001
1.680995e+002	-5.737106e+001
1.680144e+002	-6.534562e+001
1.681191e+002	-6.601150e+001
1.688628e+002	-4.209412e+001
1.694855e+002	-2.282773e+001
1.697284e+002	-1.817824e+001
1.697469e+002	-2.216639e+001
1.701624e+002	-1.087283e+001
1.704744e+002	-3.565662e+000
1.706137e+002	-2.902819e+000
1.705112e+002	-1.154175e+001
1.702361e+002	-2.682476e+001
1.702200e+002	-3.214164e+001
1.705665e+002	-2.350575e+001
1.707749e+002	-2.018522e+001
1.708279e+002	-2.284442e+001
1.712262e+002	-1.221522e+001
1.712273e+002	-1.686773e+001
1.706932e+002	-4.211688e+001
1.706599e+002	-4.809812e+001
1.707992e+002	-4.743528e+001
1.708521e+002	-5.009448e+001
1.714749e+002	-3.082786e+001
1.719941e+002	-1.554788e+001
1.722370e+002	-1.089863e+001
1.722899e+002	-1.355783e+001
1.724465e+002	-1.223039e+001
1.726031e+002	-1.090318e+001
1.727078e+002	-1.156906e+001
1.727435e+002	-1.489262e+001
1.727965e+002	-1.755182e+001
1.730048e+002	-1.423130e+001
1.730751e+002	-1.622613e+001
1.729899e+002	-2.420047e+001
1.729738e+002	-2.951735e+001
1.730958e+002	-2.951886e+001
1.730970e+002	-3.417116e+001
1.728392e+002	-4.878981e+001
1.727885e+002	-5.543542e+001
1.730660e+002	-4.945722e+001
1.732916e+002	-4.547232e+001
1.737935e+002	-3.085670e+001
1.741918e+002	-2.022772e+001
1.742966e+002	-2.089360e+001
1.745049e+002	-1.757307e+001
1.748342e+002	-9.601550e+000
1.749217e+002	-1.093201e+001
1.747329e+002	-2.289299e+001
1.747168e+002	-2.820964e+001
1.747180e+002	-3.286216e+001
1.753407e+002	-1.359577e+001
1.754282e+002	-1.492602e+001
1.752740e+002	-2.555826e+001
1.757586e+002	-1.160701e+001
1.760533e+002	-4.964438e+000
1.757782e+002	-2.024744e+001
1.755549e+002	-3.353715e+001
1.760223e+002	-2.025049e+001
1.757990e+002	-3.354019e+001
1.755239e+002	-4.882321e+001
1.758013e+002	-4.284499e+001
1.765277e+002	-1.959219e+001
1.766497e+002	-1.959371e+001
1.763228e+002	-3.686982e+001
1.764276e+002	-3.753593e+001
1.766014e+002	-3.554412e+001
1.768098e+002	-3.222360e+001
1.768282e+002	-3.621153e+001
1.767430e+002	-4.418609e+001
1.769169e+002	-4.219429e+001
1.770216e+002	-4.286017e+001
1.772127e+002	-4.020400e+001
1.776628e+002	-2.758171e+001
1.779748e+002	-2.027477e+001
1.779242e+002	-2.692038e+001
1.782188e+002	-2.027781e+001
1.787380e+002	-4.997823e+000
1.790500e+002	2.309323e+000
1.787921e+002	-1.230932e+001
1.787760e+002	-1.762619e+001
1.790880e+002	-1.031926e+001
1.788129e+002	-2.560228e+001
1.786587e+002	-3.623430e+001
1.789534e+002	-2.959172e+001
1.794380e+002	-1.564047e+001
1.798536e+002	-4.347119e+000
1.798029e+002	-1.099273e+001
1.792688e+002	-3.624188e+001
1.790455e+002	-4.953158e+001
1.792021e+002	-4.820437e+001
1.795486e+002	-3.956848e+001
1.800332e+002	-2.561745e+001
1.803279e+002	-1.897466e+001
1.806054e+002	-1.299645e+001
1.805202e+002	-2.097100e+001
1.803142e+002	-3.359634e+001
1.800563e+002	-4.821499e+001
1.797467e+002	-6.482674e+001
1.799033e+002	-6.349953e+001
1.805951e+002	-4.157546e+001
1.812006e+002	-2.297343e+001
1.810291e+002	-3.426981e+001
1.812202e+002	-3.161387e+001
1.816530e+002	-1.965594e+001
1.816542e+002	-2.430823e+001
1.816208e+002	-3.028948e+001
1.816392e+002	-3.427741e+001
1.818994e+002	-2.896378e+001
1.823668e+002	-1.567689e+001
1.825233e+002	-1.434968e+001
1.826108e+002	-1.567993e+001
1.825775e+002	-2.166118e+001
1.824578e+002	-3.096446e+001
1.826143e+002	-2.963725e+001
1.827536e+002	-2.897441e+001
1.829102e+002	-2.764697e+001
1.830667e+002	-2.631976e+001
1.829125e+002	-3.695178e+001
1.833108e+002	-2.632279e+001
1.837264e+002	-1.502923e+001
1.836758e+002	-2.167484e+001
1.834524e+002	-3.496475e+001
1.831773e+002	-5.024777e+001
1.833684e+002	-4.759161e+001
1.838876e+002	-3.231163e+001
1.843204e+002	-2.035370e+001
1.843216e+002	-2.500599e+001
1.841674e+002	-3.563823e+001
1.839613e+002	-4.826356e+001
1.839625e+002	-5.291608e+001
1.843090e+002	-4.428018e+001
1.844828e+002	-4.228839e+001
1.847775e+002	-3.564582e+001
1.854866e+002	-1.305716e+001
1.858676e+002	-3.092534e+000
1.859551e+002	-4.423008e+000
1.857491e+002	-1.704834e+001
1.857157e+002	-2.302959e+001
1.860277e+002	-1.572243e+001
1.859080e+002	-2.502572e+001
1.857020e+002	-3.765127e+001
1.855132e+002	-4.961203e+001
1.856007e+002	-5.094250e+001
1.858436e+002	-4.629301e+001
1.857757e+002	-5.360321e+001
1.858114e+002	-5.692678e+001
1.863478e+002	-4.098243e+001
1.866425e+002	-3.433964e+001
1.863502e+002	-5.028723e+001
1.864549e+002	-5.095312e+001
1.869914e+002	-3.500878e+001
1.873206e+002	-2.703725e+001
1.871491e+002	-3.833385e+001
1.872021e+002	-4.099306e+001
1.874968e+002	-3.435026e+001
1.876879e+002	-3.169432e+001
1.876890e+002	-3.634661e+001
1.878974e+002	-3.302608e+001
1.880712e+002	-3.103428e+001
1.883314e+002	-2.572066e+001
1.886088e+002	-1.974245e+001
1.885237e+002	-2.771679e+001
1.883176e+002	-4.034213e+001
1.884742e+002	-3.901491e+001
1.887861e+002	-3.170798e+001
1.892190e+002	-1.975004e+001
1.897209e+002	-5.134428e+000
1.898084e+002	-6.464668e+000
1.894642e+002	-2.440536e+001
1.894481e+002	-2.972225e+001
1.897083e+002	-2.440841e+001
1.899166e+002	-2.108787e+001
1.900559e+002	-2.042503e+001
1.902988e+002	-1.577555e+001
1.901791e+002	-2.507884e+001
1.898177e+002	-4.368390e+001
1.902505e+002	-3.172619e+001
1.906488e+002	-2.109698e+001
1.909953e+002	-1.246110e+001
1.911519e+002	-1.113388e+001
1.909977e+002	-2.176590e+001
1.910679e+002	-2.376074e+001
1.913971e+002	-1.578921e+001
1.912774e+002	-2.509250e+001
1.911404e+002	-3.506038e+001
1.913316e+002	-3.240422e+001
1.911773e+002	-4.303624e+001
1.915238e+002	-3.440034e+001
1.917149e+002	-3.174441e+001
1.916125e+002	-4.038310e+001
1.919072e+002	-3.374053e+001
1.922709e+002	-2.444027e+001
1.923584e+002	-2.577074e+001
1.925150e+002	-2.444332e+001
1.926370e+002	-2.444483e+001
1.926382e+002	-2.909734e+001
1.928811e+002	-2.444787e+001
1.929859e+002	-2.511374e+001
1.929352e+002	-3.175958e+001
1.931436e+002	-2.843883e+001
1.930584e+002	-3.641339e+001
1.932495e+002	-3.375723e+001
1.940104e+002	-9.175469e+000
1.944778e+002	4.111179e+000
1.944271e+002	-2.534422e+000
1.941175e+002	-1.914617e+001
1.938597e+002	-3.376482e+001
1.941544e+002	-2.712224e+001
1.943282e+002	-2.513045e+001
1.947092e+002	-1.516582e+001
1.948313e+002	-1.516734e+001
1.948152e+002	-2.048423e+001
1.950408e+002	-1.649933e+001
1.952146e+002	-1.450753e+001
1.949395e+002	-2.979055e+001
1.948716e+002	-3.710053e+001
1.952527e+002	-2.713590e+001
1.952366e+002	-3.245278e+001
1.953241e+002	-3.378302e+001
1.956360e+002	-2.647609e+001
1.957753e+002	-2.581325e+001
1.957765e+002	-3.046553e+001
1.960194e+002	-2.581628e+001
1.961760e+002	-2.448885e+001
1.964189e+002	-1.983959e+001
1.965581e+002	-1.917652e+001
1.966111e+002	-2.183572e+001
1.971303e+002	-6.555738e+000
1.974250e+002	8.683083e-002
1.971671e+002	-1.453181e+001
1.968920e+002	-2.981483e+001
1.965824e+002	-4.642657e+001
1.965491e+002	-5.240782e+001
1.968265e+002	-4.642962e+001
1.973111e+002	-3.247859e+001
1.974331e+002	-3.248011e+001
1.973307e+002	-4.111902e+001
1.975045e+002	-3.912723e+001
1.978856e+002	-2.916261e+001
1.981112e+002	-2.517749e+001
1.982332e+002	-2.517901e+001
1.982517e+002	-2.916717e+001
1.981492e+002	-3.780608e+001
1.982022e+002	-4.046506e+001
1.981343e+002	-4.777526e+001
1.982218e+002	-4.910551e+001
1.987409e+002	-3.382553e+001
1.987767e+002	-3.714909e+001
1.985016e+002	-5.243211e+001
1.987099e+002	-4.911158e+001
1.992291e+002	-3.383160e+001
1.992820e+002	-3.649079e+001
1.993523e+002	-3.848563e+001
1.995779e+002	-3.450052e+001
1.999589e+002	-2.453590e+001
2.001846e+002	-2.055101e+001
2.003239e+002	-1.988816e+001
2.005840e+002	-1.457431e+001
2.006025e+002	-1.856225e+001
2.005518e+002	-2.520785e+001
2.006221e+002	-2.720268e+001
2.005369e+002	-3.517725e+001
2.004517e+002	-4.315159e+001
2.004011e+002	-4.979720e+001
2.006440e+002	-4.514793e+001
2.012840e+002	-2.521695e+001
2.017169e+002	-1.325902e+001
2.013900e+002	-3.053536e+001
2.012875e+002	-3.917429e+001
2.015650e+002	-3.319607e+001
2.018596e+002	-2.655350e+001
2.020162e+002	-2.522606e+001
2.020864e+002	-2.722090e+001
2.020876e+002	-3.187342e+001
2.021406e+002	-3.453239e+001
2.024698e+002	-2.656109e+001
2.030580e+002	-8.623421e+000
2.030419e+002	-1.394030e+001
2.028704e+002	-2.523669e+001
2.029234e+002	-2.789589e+001
2.026828e+002	-4.185018e+001
2.024423e+002	-5.580424e+001
2.027024e+002	-5.049062e+001
2.029626e+002	-4.517678e+001
2.032055e+002	-4.052729e+001
2.037247e+002	-2.524732e+001
2.036568e+002	-3.255751e+001
2.032435e+002	-5.315588e+001
2.031929e+002	-5.980150e+001
2.039538e+002	-3.521974e+001
2.045766e+002	-1.595313e+001
2.045950e+002	-1.994128e+001
2.046479e+002	-2.260048e+001
2.050462e+002	-1.197128e+001
2.053927e+002	-3.335381e+000
2.054975e+002	-4.001266e+000
2.053605e+002	-1.396915e+001
2.053444e+002	-1.928580e+001
2.052938e+002	-2.593163e+001
2.055367e+002	-2.128215e+001
2.061767e+002	-1.351395e+000
2.064542e+002	4.626799e+000
2.064035e+002	-2.018791e+000
2.064392e+002	-5.342358e+000
2.063713e+002	-1.265233e+001
2.061480e+002	-2.594226e+001
2.063909e+002	-2.129277e+001
2.068237e+002	-9.334842e+000
2.071702e+002	-6.989466e-001
2.071714e+002	-5.351464e+000
2.073625e+002	-2.695305e+000
2.074845e+002	-2.696816e+000
2.074339e+002	-9.342427e+000
2.071933e+002	-2.329672e+001
2.068492e+002	-4.123741e+001
2.071266e+002	-3.525921e+001
2.076976e+002	-1.798591e+001
2.079404e+002	-1.333643e+001
2.082869e+002	-4.700761e+000
2.082190e+002	-1.201074e+001
2.076504e+002	-3.858884e+001
2.078933e+002	-3.393935e+001
2.084125e+002	-1.865938e+001
2.084827e+002	-2.065422e+001
2.080695e+002	-4.125260e+001
2.080016e+002	-4.856256e+001
2.083826e+002	-3.859795e+001
2.085737e+002	-3.594178e+001
2.086612e+002	-3.727203e+001
2.087487e+002	-3.860250e+001
2.087671e+002	-4.259043e+001
2.093208e+002	-2.598172e+001
2.098572e+002	-1.003714e+001
2.098066e+002	-1.668298e+001
2.097905e+002	-2.199964e+001
2.098434e+002	-2.465884e+001
2.098791e+002	-2.798240e+001
2.095004e+002	-4.725205e+001
2.093807e+002	-5.655534e+001
2.095028e+002	-5.655686e+001
2.098493e+002	-4.792096e+001
2.100749e+002	-4.393585e+001
2.099552e+002	-5.323937e+001
2.100254e+002	-5.523397e+001
2.105101e+002	-4.128295e+001
2.105112e+002	-4.593525e+001
2.107196e+002	-4.261471e+001
2.111697e+002	-2.999241e+001
2.115680e+002	-1.936320e+001
2.117245e+002	-1.803600e+001
2.118293e+002	-1.870187e+001
2.118650e+002	-2.202544e+001
2.121079e+002	-1.737619e+001
2.119019e+002	-3.000151e+001
2.117131e+002	-4.196249e+001
2.117488e+002	-4.528605e+001
2.118881e+002	-4.462321e+001
2.117339e+002	-5.525523e+001
2.118041e+002	-5.725006e+001
2.122714e+002	-4.396317e+001
2.128079e+002	-2.801883e+001
2.128781e+002	-3.001366e+001
2.130174e+002	-2.935081e+001
2.131740e+002	-2.802338e+001
2.129334e+002	-4.197767e+001
2.129000e+002	-4.795891e+001
2.135573e+002	-2.736357e+001
2.137139e+002	-2.603636e+001
2.136287e+002	-3.401069e+001
2.136817e+002	-3.666989e+001
2.137001e+002	-4.065782e+001
2.138394e+002	-3.999498e+001
2.141514e+002	-3.268804e+001
2.145324e+002	-2.272341e+001
2.146026e+002	-2.471803e+001
2.145002e+002	-3.335695e+001
2.145877e+002	-3.468720e+001
2.149687e+002	-2.472258e+001
2.154533e+002	-1.077156e+001
2.151955e+002	-2.538999e+001
2.151103e+002	-3.336454e+001
2.151978e+002	-3.469479e+001
2.151990e+002	-3.934731e+001
2.154937e+002	-3.270473e+001
2.159265e+002	-2.074680e+001
2.162557e+002	-1.277527e+001
2.164641e+002	-9.454743e+000
2.164998e+002	-1.277831e+001
2.165355e+002	-1.610187e+001
2.166230e+002	-1.743234e+001
2.171422e+002	-2.152354e+000
2.171088e+002	-8.133601e+000
2.169546e+002	-1.876562e+001
2.169385e+002	-2.408250e+001
2.169742e+002	-2.740606e+001
2.167681e+002	-4.003139e+001
2.168384e+002	-4.202623e+001
2.174611e+002	-2.275984e+001
2.173760e+002	-3.073418e+001
2.173598e+002	-3.605106e+001
2.176200e+002	-3.073721e+001
2.178802e+002	-2.542337e+001
2.182612e+002	-1.545875e+001
2.187286e+002	-2.172089e+000
2.190578e+002	5.799431e+000
2.189726e+002	-2.175121e+000
2.188702e+002	-1.081405e+001
2.187505e+002	-2.011734e+001
2.186135e+002	-3.008500e+001
2.190118e+002	-1.945579e+001
2.192202e+002	-1.613526e+001
2.193940e+002	-1.414368e+001
2.194642e+002	-1.613829e+001
2.194827e+002	-2.012645e+001
2.194148e+002	-2.743642e+001
2.193814e+002	-3.341766e+001
2.193825e+002	-3.807018e+001
2.191765e+002	-5.069551e+001
2.192813e+002	-5.136140e+001
2.194033e+002	-5.136291e+001
2.195253e+002	-5.136443e+001
2.198028e+002	-4.538623e+001
2.200975e+002	-3.874365e+001
2.206684e+002	-2.147035e+001
2.206178e+002	-2.811596e+001
2.205672e+002	-3.476157e+001
2.204820e+002	-4.273613e+001
2.206040e+002	-4.273764e+001
2.210196e+002	-3.144408e+001
2.210207e+002	-3.609660e+001
2.211428e+002	-3.609811e+001
2.215238e+002	-2.613349e+001
2.215595e+002	-2.945705e+001
2.217851e+002	-2.547194e+001
2.221144e+002	-1.750064e+001
2.222709e+002	-1.617320e+001
2.223930e+002	-1.617472e+001
2.223769e+002	-2.149160e+001
2.225507e+002	-1.949980e+001
2.229145e+002	-1.019955e+001
2.230192e+002	-1.086565e+001
2.227441e+002	-2.614866e+001
2.226935e+002	-3.279428e+001
2.229882e+002	-2.615171e+001
2.229893e+002	-3.080399e+001
2.233358e+002	-2.216811e+001
2.235787e+002	-1.751885e+001
2.233900e+002	-2.947982e+001
2.233221e+002	-3.678979e+001
2.235995e+002	-3.081159e+001
2.239287e+002	-2.284028e+001
2.238436e+002	-3.081462e+001
2.235857e+002	-4.543328e+001
2.237768e+002	-4.277712e+001
2.243650e+002	-2.483945e+001
2.248669e+002	-1.022383e+001
2.253516e+002	3.727184e+000
2.255081e+002	5.054625e+000
2.253366e+002	-6.241973e+000
2.252860e+002	-1.288758e+001
2.252872e+002	-1.754010e+001
2.250811e+002	-3.016544e+001
2.250132e+002	-3.747540e+001
2.253252e+002	-3.016847e+001
2.255163e+002	-2.751231e+001
2.253448e+002	-3.880891e+001
2.252942e+002	-4.545452e+001
2.256752e+002	-3.548991e+001
2.261426e+002	-2.220301e+001
2.266445e+002	-7.587404e+000
2.266801e+002	-1.091118e+001
2.264741e+002	-2.353652e+001
2.265444e+002	-2.553113e+001
2.264764e+002	-3.284133e+001
2.263395e+002	-4.280898e+001
2.263752e+002	-4.613255e+001
2.266354e+002	-4.081871e+001
2.268264e+002	-3.816276e+001
2.269312e+002	-3.882865e+001
2.271568e+002	-3.484353e+001
2.273652e+002	-3.152300e+001
2.269347e+002	-5.278574e+001
2.272984e+002	-4.348549e+001
2.277485e+002	-3.086319e+001
2.279224e+002	-2.887139e+001
2.279926e+002	-3.086622e+001
2.281664e+002	-2.887443e+001
2.282367e+002	-3.086926e+001
2.279443e+002	-4.681664e+001
2.280318e+002	-4.814711e+001
2.288790e+002	-2.024332e+001
2.295536e+002	1.016383e+000
2.293303e+002	-1.227331e+001
2.290725e+002	-2.689196e+001
2.290909e+002	-3.087988e+001
2.288849e+002	-4.350522e+001
2.289896e+002	-4.417110e+001
2.291289e+002	-4.350826e+001
2.291128e+002	-4.882513e+001
2.296492e+002	-3.288079e+001
2.301166e+002	-1.959390e+001
2.300314e+002	-2.756846e+001
2.300153e+002	-3.288535e+001
2.299820e+002	-3.886658e+001
2.303112e+002	-3.089506e+001
2.307613e+002	-1.827276e+001
2.308833e+002	-1.827428e+001
2.312298e+002	-9.638394e+000
2.316627e+002	2.319535e+000
2.318538e+002	4.975695e+000
2.316995e+002	-5.656529e+000
2.315798e+002	-1.495982e+001
2.316155e+002	-1.828339e+001
2.318066e+002	-1.562723e+001
2.316869e+002	-2.493051e+001
2.312909e+002	-4.486452e+001
2.312576e+002	-5.084577e+001
2.315350e+002	-4.486756e+001
2.320196e+002	-3.091631e+001
2.323316e+002	-2.360938e+001
2.320047e+002	-4.088549e+001
2.320404e+002	-4.420905e+001
2.326632e+002	-2.494266e+001
2.331823e+002	-9.662673e+000
2.328899e+002	-2.561005e+001
2.325803e+002	-4.222202e+001
2.326160e+002	-4.554559e+001
2.328589e+002	-4.089611e+001
2.330673e+002	-3.757558e+001
2.330684e+002	-4.222810e+001
2.328969e+002	-5.352471e+001
2.331571e+002	-4.821086e+001
2.334863e+002	-4.023934e+001
2.335048e+002	-4.422726e+001
2.338685e+002	-3.492701e+001
2.340078e+002	-3.426416e+001
2.340781e+002	-3.625899e+001
2.343037e+002	-3.227410e+001
2.344775e+002	-3.028230e+001
2.346859e+002	-2.696177e+001
2.349115e+002	-2.297689e+001
2.351544e+002	-1.832740e+001
2.347585e+002	-3.826141e+001
2.348632e+002	-3.892730e+001
