    nm         	pN
0.000000e+000	4.941171e+002
1.887031e-001	4.967745e+002
1.448350e-001	4.901567e+002
1.507995e-001	4.855263e+002
2.564431e-001	4.848711e+002
2.457962e-001	4.795783e+002
2.351508e-001	4.742854e+002
1.580544e-001	4.663425e+002
1.307920e-001	4.603870e+002
1.699848e-001	4.570818e+002
2.257881e-001	4.544390e+002
2.982028e-001	4.524586e+002
3.706238e-001	4.504785e+002
4.264272e-001	4.478357e+002
3.327146e-001	4.392302e+002
4.051355e-001	4.372501e+002
4.775488e-001	4.352697e+002
4.835147e-001	4.306393e+002
4.894792e-001	4.260089e+002
4.289998e-001	4.187287e+002
3.685154e-001	4.114483e+002
3.080310e-001	4.041678e+002
2.309347e-001	3.962249e+002
2.202899e-001	3.909321e+002
3.259322e-001	3.902769e+002
3.651249e-001	3.869717e+002
3.544787e-001	3.816788e+002
4.102821e-001	3.790360e+002
5.159188e-001	3.783806e+002
5.717222e-001	3.757378e+002
5.444660e-001	3.697825e+002
3.178600e-001	3.558771e+002
2.241537e-001	3.472717e+002
3.297889e-001	3.466163e+002
4.188206e-001	3.452986e+002
3.749469e-001	3.386806e+002
2.978519e-001	3.307378e+002
2.207555e-001	3.227948e+002
2.765589e-001	3.201520e+002
3.489798e-001	3.181720e+002
4.213945e-001	3.161916e+002
4.107477e-001	3.108988e+002
3.834916e-001	3.049435e+002
4.060674e-001	3.009756e+002
3.954212e-001	2.956827e+002
4.844521e-001	2.943650e+002
4.571898e-001	2.884095e+002
4.963825e-001	2.851043e+002
5.521859e-001	2.824615e+002
4.917015e-001	2.751810e+002
4.810554e-001	2.698882e+002
5.368587e-001	2.672454e+002
5.926628e-001	2.646026e+002
7.481439e-001	2.659350e+002
7.707198e-001	2.619671e+002
7.102403e-001	2.546869e+002
6.663673e-001	2.480689e+002
6.391098e-001	2.421136e+002
6.783025e-001	2.388083e+002
7.507172e-001	2.368280e+002
8.065206e-001	2.341852e+002
9.121628e-001	2.335300e+002
1.034416e+000	2.335372e+002
1.090220e+000	2.308945e+002
1.046346e+000	2.242765e+002
1.218438e+000	2.262713e+002
1.241014e+000	2.223034e+002
1.213757e+000	2.163481e+002
1.103439e+000	2.070803e+002
1.109404e+000	2.024499e+002
1.181819e+000	2.004696e+002
1.121334e+000	1.931891e+002
1.094077e+000	1.872338e+002
1.133270e+000	1.839286e+002
1.072785e+000	1.766481e+002
1.062139e+000	1.713553e+002
1.117943e+000	1.687125e+002
1.157136e+000	1.654073e+002
1.196328e+000	1.621020e+002
1.285354e+000	1.607841e+002
1.424218e+000	1.614539e+002
1.396961e+000	1.554985e+002
1.336476e+000	1.482181e+002
1.275997e+000	1.409379e+002
1.431473e+000	1.422701e+002
1.553726e+000	1.422773e+002
1.443409e+000	1.330095e+002
1.399535e+000	1.263916e+002
1.488566e+000	1.250739e+002
1.610819e+000	1.250811e+002
1.782905e+000	1.270758e+002
1.722426e+000	1.197955e+002
1.695164e+000	1.138400e+002
1.701134e+000	1.092099e+002
1.773549e+000	1.072295e+002
1.862575e+000	1.059117e+002
1.934994e+000	1.039315e+002
1.924349e+000	9.863870e+001
1.946925e+000	9.467077e+001
1.903056e+000	8.805302e+001
1.875794e+000	8.209749e+001
2.064497e+000	8.475479e+001
2.186750e+000	8.476205e+001
2.192721e+000	8.013189e+001
2.065786e+000	7.020140e+001
1.872402e+000	5.762086e+001
1.894984e+000	5.365316e+001
2.033848e+000	5.432287e+001
2.189323e+000	5.565505e+001
2.245127e+000	5.301225e+001
2.317547e+000	5.103214e+001
2.323512e+000	4.640175e+001
2.395927e+000	4.442141e+001
2.385281e+000	3.912856e+001
2.291574e+000	3.052322e+001
2.330766e+000	2.721797e+001
2.403182e+000	2.523763e+001
2.243026e+000	1.398224e+001
2.298829e+000	1.133944e+001
2.371244e+000	9.359101e+000
2.526719e+000	1.069128e+001
2.599138e+000	8.711161e+000
2.571876e+000	2.755637e+000
2.594458e+000	-1.212058e+000
2.650262e+000	-3.854853e+000
2.706066e+000	-6.497648e+000
2.811708e+000	-7.152845e+000
3.033632e+000	-3.170625e+000
3.155886e+000	-3.163367e+000
3.095401e+000	-1.044380e+001
3.034923e+000	-1.772401e+001
3.090725e+000	-2.036681e+001
3.229590e+000	-1.969710e+001
3.434903e+000	-1.637733e+001
3.557157e+000	-1.637008e+001
3.563122e+000	-2.100047e+001
3.635543e+000	-2.298058e+001
3.807629e+000	-2.098595e+001
3.813599e+000	-2.561612e+001
3.769725e+000	-3.223410e+001
3.808918e+000	-3.553935e+001
3.715211e+000	-4.414469e+001
3.604888e+000	-5.341273e+001
3.527792e+000	-6.135562e+001
3.351025e+000	-7.327348e+001
3.390212e+000	-7.657895e+001
3.678593e+000	-6.994646e+001
4.000195e+000	-6.198905e+001
4.006159e+000	-6.661943e+001
3.912453e+000	-7.522478e+001
3.802130e+000	-8.449281e+001
3.558913e+000	-9.906072e+001
3.431978e+000	-1.089912e+002
3.670520e+000	-1.043463e+002
3.676484e+000	-1.089767e+002
3.715677e+000	-1.122819e+002
3.854542e+000	-1.116122e+002
3.976794e+000	-1.116050e+002
4.015987e+000	-1.149102e+002
3.955503e+000	-1.221907e+002
4.144206e+000	-1.195334e+002
4.233232e+000	-1.208512e+002
4.222586e+000	-1.261441e+002
4.079040e+000	-1.367370e+002
4.035172e+000	-1.433548e+002
4.207264e+000	-1.413599e+002
4.528866e+000	-1.334025e+002
4.667730e+000	-1.327328e+002
4.590635e+000	-1.406757e+002
4.380639e+000	-1.539187e+002
4.453054e+000	-1.558990e+002
4.442408e+000	-1.611919e+002
4.365313e+000	-1.691348e+002
4.587243e+000	-1.651523e+002
5.008517e+000	-1.532200e+002
5.213830e+000	-1.499002e+002
4.920775e+000	-1.664557e+002
4.827069e+000	-1.750610e+002
5.231731e+000	-1.637911e+002
5.470273e+000	-1.591462e+002
5.625748e+000	-1.578141e+002
5.714779e+000	-1.591317e+002
5.604456e+000	-1.683997e+002
5.693487e+000	-1.697174e+002
5.566552e+000	-1.796479e+002
5.555907e+000	-1.849407e+002
5.761220e+000	-1.816210e+002
5.933313e+000	-1.796261e+002
6.171854e+000	-1.749812e+002
6.094758e+000	-1.829241e+002
5.801703e+000	-1.994796e+002
5.857507e+000	-2.021224e+002
6.012982e+000	-2.007902e+002
6.068786e+000	-2.034330e+002
6.008301e+000	-2.107135e+002
6.097332e+000	-2.120311e+002
6.219585e+000	-2.120239e+002
6.192327e+000	-2.179792e+002
6.165065e+000	-2.239347e+002
6.104587e+000	-2.312149e+002
6.160390e+000	-2.338577e+002
6.066677e+000	-2.424633e+002
6.321830e+000	-2.371559e+002
6.543762e+000	-2.331735e+002
6.666014e+000	-2.331662e+002
6.522468e+000	-2.437592e+002
6.495212e+000	-2.497144e+002
6.567625e+000	-2.516948e+002
6.689880e+000	-2.516875e+002
6.745683e+000	-2.543303e+002
6.818097e+000	-2.563107e+002
7.073250e+000	-2.510033e+002
7.178892e+000	-2.516585e+002
7.384206e+000	-2.483387e+002
7.423399e+000	-2.516440e+002
7.329692e+000	-2.602493e+002
7.285817e+000	-2.668673e+002
7.275173e+000	-2.721602e+002
7.497102e+000	-2.681777e+002
7.635967e+000	-2.675080e+002
7.525643e+000	-2.767760e+002
7.548225e+000	-2.807438e+002
7.570802e+000	-2.847117e+002
7.726283e+000	-2.833793e+002
7.732247e+000	-2.880097e+002
7.854500e+000	-2.880024e+002
7.810632e+000	-2.946202e+002
7.816597e+000	-2.992505e+002
7.805951e+000	-3.045434e+002
7.928205e+000	-3.045361e+002
8.150128e+000	-3.005539e+002
7.923522e+000	-3.144594e+002
7.846428e+000	-3.224023e+002
7.935460e+000	-3.237199e+002
8.290283e+000	-3.144376e+002
8.661724e+000	-3.044926e+002
8.584629e+000	-3.124355e+002
8.441082e+000	-3.230284e+002
8.530110e+000	-3.243463e+002
8.619139e+000	-3.256640e+002
8.575267e+000	-3.322820e+002
8.631069e+000	-3.349248e+002
8.985900e+000	-3.256422e+002
8.942026e+000	-3.322602e+002
9.080895e+000	-3.315902e+002
9.767968e+000	-3.090577e+002
1.022247e+001	-2.958002e+002
1.036133e+001	-2.951304e+002
1.048359e+001	-2.951232e+002
1.050617e+001	-2.990909e+002
1.064503e+001	-2.984212e+002
1.070083e+001	-3.010640e+002
1.087293e+001	-2.990691e+002
1.124437e+001	-2.891241e+002
1.128356e+001	-2.924296e+002
1.152210e+001	-2.877847e+002
1.134533e+001	-2.997026e+002
1.128484e+001	-3.069830e+002
1.150677e+001	-3.030008e+002
1.167886e+001	-3.010059e+002
1.200046e+001	-2.930485e+002
1.215594e+001	-2.917162e+002
1.212868e+001	-2.976717e+002
1.213465e+001	-3.023018e+002
1.238980e+001	-2.969945e+002
1.231271e+001	-3.049374e+002
1.211933e+001	-3.175179e+002
1.207545e+001	-3.241359e+002
1.231399e+001	-3.194910e+002
1.227012e+001	-3.261088e+002
1.250866e+001	-3.214640e+002
1.266414e+001	-3.201317e+002
1.250398e+001	-3.313871e+002
1.242689e+001	-3.393300e+002
1.263220e+001	-3.360102e+002
1.292058e+001	-3.293779e+002
1.307606e+001	-3.280455e+002
1.344750e+001	-3.181005e+002
1.350330e+001	-3.207433e+002
1.344282e+001	-3.280237e+002
1.343217e+001	-3.333166e+002
1.363748e+001	-3.299968e+002
1.382619e+001	-3.273395e+002
1.373248e+001	-3.359449e+002
1.362216e+001	-3.452129e+002
1.366135e+001	-3.485182e+002
1.378361e+001	-3.485109e+002
1.425472e+001	-3.345909e+002
1.449326e+001	-3.299460e+002
1.448261e+001	-3.352389e+002
1.438891e+001	-3.438443e+002
1.462745e+001	-3.391993e+002
1.484937e+001	-3.352171e+002
1.502146e+001	-3.332223e+002
1.496098e+001	-3.405027e+002
1.488388e+001	-3.484456e+002
1.513904e+001	-3.431382e+002
1.512839e+001	-3.484311e+002
1.520080e+001	-3.504114e+002
1.545596e+001	-3.451041e+002
1.539548e+001	-3.523843e+002
1.550112e+001	-3.530397e+002
1.530774e+001	-3.656200e+002
1.544660e+001	-3.649503e+002
1.580142e+001	-3.556680e+002
1.610642e+001	-3.483730e+002
1.654431e+001	-3.357780e+002
1.689913e+001	-3.264957e+002
1.725396e+001	-3.172131e+002
1.807393e+001	-2.893805e+002
1.884407e+001	-2.635351e+002
1.951453e+001	-2.416650e+002
1.960356e+001	-2.429827e+002
1.974242e+001	-2.423130e+002
2.018031e+001	-2.297179e+002
2.060159e+001	-2.177856e+002
2.092319e+001	-2.098282e+002
2.144414e+001	-1.939206e+002
2.183219e+001	-1.833132e+002
2.167204e+001	-1.945686e+002
2.159494e+001	-2.025114e+002
2.165075e+001	-2.051542e+002
2.175639e+001	-2.058094e+002
2.186203e+001	-2.064646e+002
2.200090e+001	-2.057949e+002
2.195702e+001	-2.124129e+002
2.199621e+001	-2.157182e+002
2.206863e+001	-2.176985e+002
2.190847e+001	-2.289539e+002
2.184799e+001	-2.362343e+002
2.206992e+001	-2.322519e+002
2.230846e+001	-2.276070e+002
2.239748e+001	-2.289249e+002
2.228717e+001	-2.381927e+002
2.235958e+001	-2.401730e+002
2.251506e+001	-2.388408e+002
2.286989e+001	-2.295583e+002
2.290908e+001	-2.328635e+002
2.298149e+001	-2.348439e+002
2.310374e+001	-2.348366e+002
2.292697e+001	-2.467547e+002
2.304923e+001	-2.467475e+002
2.308842e+001	-2.500527e+002
2.329373e+001	-2.467329e+002
2.371501e+001	-2.348003e+002
2.508320e+001	-1.851046e+002
2.703281e+001	-1.122211e+002
2.850067e+001	-5.855014e+001
2.918774e+001	-3.601757e+001
2.894453e+001	-5.058548e+001
2.893388e+001	-5.587832e+001
2.952128e+001	-3.732072e+001
2.966015e+001	-3.665100e+001
2.945015e+001	-4.989400e+001
2.904081e+001	-7.108714e+001
2.912983e+001	-7.240501e+001
2.928531e+001	-7.107262e+001
2.919161e+001	-7.967798e+001
2.921418e+001	-8.364590e+001
2.928660e+001	-8.562624e+001
2.987400e+001	-6.706863e+001
3.029528e+001	-5.513604e+001
3.055043e+001	-4.982869e+001
3.039028e+001	-6.108408e+001
3.023011e+001	-7.233970e+001
3.050188e+001	-6.636967e+001
3.103944e+001	-4.979966e+001
3.101218e+001	-5.575496e+001
3.050317e+001	-8.092329e+001
3.049252e+001	-8.621613e+001
3.081412e+001	-7.825873e+001
3.078686e+001	-8.421403e+001
3.087589e+001	-8.553191e+001
3.144668e+001	-6.763676e+001
3.176828e+001	-5.967935e+001
3.187392e+001	-6.033455e+001
3.173038e+001	-7.092749e+001
3.148716e+001	-8.549562e+001
3.162603e+001	-8.482568e+001
3.179811e+001	-8.283106e+001
3.167118e+001	-9.276155e+001
3.176021e+001	-9.407920e+001
3.204858e+001	-8.744694e+001
3.233696e+001	-8.081444e+001
3.277485e+001	-6.821939e+001
3.289711e+001	-6.821214e+001
3.301936e+001	-6.820488e+001
3.324129e+001	-6.422266e+001
3.362934e+001	-5.361520e+001
3.375159e+001	-5.360794e+001
3.360805e+001	-6.420089e+001
3.356418e+001	-7.081864e+001
3.378610e+001	-6.683643e+001
3.400803e+001	-6.285399e+001
3.383126e+001	-7.477206e+001
3.355482e+001	-9.066511e+001
3.371030e+001	-8.933271e+001
3.413157e+001	-7.740034e+001
3.398802e+001	-8.799329e+001
3.389432e+001	-9.659863e+001
3.411624e+001	-9.261641e+001
3.432156e+001	-8.929642e+001
3.456010e+001	-8.465153e+001
3.481525e+001	-7.934418e+001
3.551894e+001	-5.614914e+001
3.560797e+001	-5.746681e+001
3.558071e+001	-6.342210e+001
3.595215e+001	-5.347733e+001
3.645649e+001	-3.823223e+001
3.669503e+001	-3.358732e+001
3.678405e+001	-3.490521e+001
3.707243e+001	-2.827271e+001
3.722791e+001	-2.694055e+001
3.703453e+001	-3.952085e+001
3.699066e+001	-4.613883e+001
3.724581e+001	-4.083148e+001
3.720194e+001	-4.744924e+001
3.705840e+001	-5.804218e+001
3.711420e+001	-6.068498e+001
3.693743e+001	-7.260305e+001
3.702646e+001	-7.392071e+001
3.716532e+001	-7.325100e+001
3.747031e+001	-6.595605e+001
3.772547e+001	-6.064869e+001
3.738257e+001	-7.919179e+001
3.718919e+001	-9.177231e+001
3.719515e+001	-9.640271e+001
3.713467e+001	-1.036831e+002
3.755595e+001	-9.175055e+001
3.797722e+001	-7.981819e+001
3.849817e+001	-6.391062e+001
3.920186e+001	-4.071538e+001
3.945701e+001	-3.540802e+001
3.952943e+001	-3.738836e+001
3.971813e+001	-3.473105e+001
4.013941e+001	-2.279846e+001
4.062713e+001	-8.216035e+000
4.096535e+001	4.040362e-001
4.098793e+001	-3.563881e+000
4.089422e+001	-1.216924e+001
4.083374e+001	-1.944967e+001
4.107228e+001	-1.480477e+001
4.112808e+001	-1.744756e+001
4.135001e+001	-1.346535e+001
4.137259e+001	-1.743305e+001
4.127888e+001	-2.603840e+001
4.188289e+001	-6.818337e+000
4.213804e+001	-1.510985e+000
4.192805e+001	-1.475397e+001
4.205030e+001	-1.474671e+001
4.237191e+001	-6.789307e+000
4.264367e+001	-8.194989e-001
4.266625e+001	-4.787204e+000
4.260577e+001	-1.206764e+001
4.276124e+001	-1.073547e+001
4.293333e+001	-8.740616e+000
4.288946e+001	-1.535837e+001
4.302833e+001	-1.468866e+001
4.321703e+001	-1.203136e+001
4.313994e+001	-1.997425e+001
4.299639e+001	-3.056719e+001
4.288607e+001	-3.983523e+001
4.307477e+001	-3.717791e+001
4.329670e+001	-3.319547e+001
4.338573e+001	-3.451336e+001
4.335847e+001	-4.046865e+001
4.356378e+001	-3.714889e+001
4.393522e+001	-2.720389e+001
4.379168e+001	-3.779683e+001
4.381426e+001	-4.176454e+001
4.372055e+001	-5.037011e+001
4.390925e+001	-4.771281e+001
4.424747e+001	-3.909272e+001
4.435311e+001	-3.974814e+001
4.465810e+001	-3.245319e+001
4.488003e+001	-2.847075e+001
4.463681e+001	-4.303888e+001
4.465939e+001	-4.700659e+001
4.501421e+001	-3.772427e+001
4.500357e+001	-4.301711e+001
4.512582e+001	-4.300986e+001
4.548065e+001	-3.372731e+001
4.565273e+001	-3.173269e+001
4.575838e+001	-3.238788e+001
4.576434e+001	-3.701827e+001
4.570386e+001	-4.429849e+001
4.557693e+001	-5.422898e+001
4.556628e+001	-5.952181e+001
4.587127e+001	-5.222686e+001
4.607659e+001	-4.890710e+001
4.618223e+001	-4.956231e+001
4.630448e+001	-4.955505e+001
4.627722e+001	-5.551057e+001
4.620012e+001	-6.345346e+001
4.635561e+001	-6.212107e+001
4.639480e+001	-6.542632e+001
4.666656e+001	-5.945650e+001
4.697155e+001	-5.216155e+001
4.687784e+001	-6.076713e+001
4.721606e+001	-5.214704e+001
4.750443e+001	-4.551478e+001
4.772636e+001	-4.153233e+001
4.783200e+001	-4.218775e+001
4.770507e+001	-5.211802e+001
4.782732e+001	-5.211076e+001
4.811570e+001	-4.547849e+001
4.792232e+001	-5.805903e+001
4.764587e+001	-7.395207e+001
4.748571e+001	-8.520747e+001
4.725911e+001	-9.911292e+001
4.741458e+001	-9.778074e+001
4.801860e+001	-7.856046e+001
4.845649e+001	-6.596564e+001
4.876147e+001	-5.867069e+001
4.890034e+001	-5.800098e+001
4.877341e+001	-6.793124e+001
4.844713e+001	-8.581187e+001
4.858599e+001	-8.514216e+001
4.907372e+001	-7.055952e+001
4.972757e+001	-4.935186e+001
5.039803e+001	-2.748175e+001
5.091898e+001	-1.157419e+001
5.117414e+001	-6.266836e+000
5.121333e+001	-9.572086e+000
5.133558e+001	-9.564828e+000
5.139139e+001	-1.220762e+001
5.136412e+001	-1.816315e+001
5.105446e+001	-3.538110e+001
5.096075e+001	-4.398645e+001
5.104977e+001	-4.530433e+001
5.158734e+001	-2.873432e+001
5.179266e+001	-2.541433e+001
5.151621e+001	-4.130738e+001
5.133944e+001	-5.322545e+001
5.146169e+001	-5.321820e+001
5.189958e+001	-4.062315e+001
5.220457e+001	-3.332820e+001
5.234344e+001	-3.265849e+001
5.239924e+001	-3.530128e+001
5.235537e+001	-4.191926e+001
5.219521e+001	-5.317466e+001
5.213473e+001	-6.045509e+001
5.243972e+001	-5.316014e+001
5.289422e+001	-3.990264e+001
5.318260e+001	-3.327015e+001
5.348759e+001	-2.597542e+001
5.415805e+001	-4.105086e+000
5.426369e+001	-4.760505e+000
5.342243e+001	-4.317886e+001
5.324565e+001	-5.509694e+001
5.365032e+001	-4.382681e+001
5.392208e+001	-3.785700e+001
5.356258e+001	-5.706255e+001
5.353532e+001	-6.301806e+001
5.387353e+001	-5.439798e+001
5.411207e+001	-4.975331e+001
5.401836e+001	-5.835865e+001
5.420707e+001	-5.570135e+001
5.459512e+001	-4.509389e+001
5.468415e+001	-4.641154e+001
5.445754e+001	-6.031722e+001
5.439706e+001	-6.759744e+001
5.470205e+001	-6.030271e+001
5.504026e+001	-5.168262e+001
5.494655e+001	-6.028820e+001
5.457044e+001	-8.015619e+001
5.467608e+001	-8.081141e+001
5.499768e+001	-7.285400e+001
5.518638e+001	-7.019669e+001
5.519234e+001	-7.482707e+001
5.509864e+001	-8.343243e+001
5.548669e+001	-7.282497e+001
5.580829e+001	-6.486756e+001
5.553185e+001	-8.076061e+001
5.505605e+001	-1.046040e+002
5.516169e+001	-1.052592e+002
5.558297e+001	-9.332662e+001
5.575506e+001	-9.133200e+001
5.602683e+001	-8.536196e+001
5.611585e+001	-8.667984e+001
5.643745e+001	-7.872244e+001
5.670922e+001	-7.275240e+001
5.663213e+001	-8.069530e+001
5.663809e+001	-8.532568e+001
5.687663e+001	-8.068079e+001
5.721485e+001	-7.206091e+001
5.728726e+001	-7.404125e+001
5.721017e+001	-8.198414e+001
5.738226e+001	-7.998930e+001
5.782015e+001	-6.739426e+001
5.765999e+001	-7.864987e+001
5.730048e+001	-9.785542e+001
5.730645e+001	-1.024858e+002
5.767789e+001	-9.254081e+001
5.765063e+001	-9.849611e+001
5.772305e+001	-1.004765e+002
5.806126e+001	-9.185658e+001
5.903075e+001	-5.806114e+001
6.018297e+001	-1.697799e+001
6.058763e+001	-5.708078e+000
6.089262e+001	1.586862e+000
6.143019e+001	1.815687e+001
6.141954e+001	1.286403e+001
6.134244e+001	4.921133e+000
6.126535e+001	-3.021747e+000
6.118825e+001	-1.096464e+001
6.099487e+001	-2.354518e+001
6.144937e+001	-1.028768e+001
6.225273e+001	1.688253e+001
6.239160e+001	1.755246e+001
6.221482e+001	5.634391e+000
6.232047e+001	4.979183e+000
6.257562e+001	1.028655e+001
6.291383e+001	1.890641e+001
6.268723e+001	5.000956e+000
6.206193e+001	-2.480478e+001
6.206789e+001	-2.943517e+001
6.273835e+001	-7.565058e+000
6.317624e+001	5.029987e+000
6.339817e+001	9.012208e+000
6.348720e+001	7.694545e+000
6.379219e+001	1.498949e+001
6.394767e+001	1.632166e+001
6.405330e+001	1.566646e+001
6.405927e+001	1.103608e+001
6.391573e+001	4.431407e-001
6.403798e+001	4.503883e-001
6.437619e+001	9.070258e+000
6.439878e+001	5.102553e+000
6.443796e+001	1.797304e+000
6.447716e+001	-1.508158e+000
6.438345e+001	-1.011351e+001
6.482134e+001	2.481521e+000
6.514294e+001	1.043893e+001
6.513229e+001	5.146089e+000
6.497213e+001	-6.109298e+000
6.559276e+001	1.377321e+001
6.594759e+001	2.305575e+001
6.563791e+001	5.837575e+000
6.522858e+001	-1.535556e+001
6.538405e+001	-1.402317e+001
6.618741e+001	1.314703e+001
6.655885e+001	2.309203e+001
6.673094e+001	2.508667e+001
6.711899e+001	3.569411e+001
6.715818e+001	3.238886e+001
6.699803e+001	2.113346e+001
6.660530e+001	6.027788e-001
6.661126e+001	-4.027593e+000
6.699931e+001	6.579854e+000
6.720463e+001	9.899831e+000
6.681190e+001	-1.063084e+001
6.661852e+001	-2.321137e+001
6.682383e+001	-1.989161e+001
6.712882e+001	-1.259666e+001
6.731752e+001	-9.939360e+000
6.737333e+001	-1.258215e+001
6.747897e+001	-1.323735e+001
6.773412e+001	-7.929989e+000
6.805573e+001	2.740546e-002
6.837733e+001	7.984811e+000
6.854942e+001	9.979655e+000
6.857199e+001	6.011728e+000
6.847829e+001	-2.593606e+000
6.838458e+001	-1.119896e+001
6.824104e+001	-2.179190e+001
6.831345e+001	-2.377224e+001
6.885101e+001	-7.202225e+000
6.932213e+001	6.717729e+000
6.937793e+001	4.074934e+000
6.918455e+001	-8.505373e+000
6.919051e+001	-1.313575e+001
6.949551e+001	-5.840805e+000
6.960114e+001	-6.496235e+000
6.955727e+001	-1.311399e+001
6.956324e+001	-1.774437e+001
6.985162e+001	-1.111188e+001
7.028950e+001	1.482933e+000
7.042837e+001	2.152868e+000
7.036789e+001	-5.127556e+000
7.042370e+001	-7.770351e+000
7.052933e+001	-8.425548e+000
7.068481e+001	-7.093381e+000
7.077384e+001	-8.411033e+000
7.051401e+001	-2.364163e+001
7.060304e+001	-2.495950e+001
7.089141e+001	-1.832700e+001
7.147882e+001	2.305894e-001
7.165090e+001	2.225434e+000
7.139107e+001	-1.300514e+001
7.124753e+001	-2.359808e+001
7.115382e+001	-3.220343e+001
7.164154e+001	-1.762101e+001
7.183024e+001	-1.496370e+001
7.193589e+001	-1.561890e+001
7.227410e+001	-6.999042e+000
7.247942e+001	-3.679277e+000
7.202024e+001	-2.685979e+001
7.184347e+001	-3.877787e+001
7.224813e+001	-2.750796e+001
7.295181e+001	-4.312711e+000
7.307407e+001	-4.305453e+000
7.291391e+001	-1.556085e+001
7.282021e+001	-2.416621e+001
7.287601e+001	-2.680900e+001
7.301487e+001	-2.613929e+001
7.323680e+001	-2.215707e+001
7.339228e+001	-2.082467e+001
7.338163e+001	-2.611751e+001
7.353711e+001	-2.478535e+001
7.379226e+001	-1.947798e+001
7.379823e+001	-2.410815e+001
7.368791e+001	-3.337618e+001
7.357759e+001	-4.264399e+001
7.361678e+001	-4.594946e+001
7.412112e+001	-3.070436e+001
7.437627e+001	-2.539701e+001
7.451514e+001	-2.472729e+001
7.455433e+001	-2.803255e+001
7.449384e+001	-3.531298e+001
7.441675e+001	-4.325587e+001
7.442272e+001	-4.788604e+001
7.456158e+001	-4.721632e+001
7.484996e+001	-4.058405e+001
7.483931e+001	-4.587689e+001
7.477883e+001	-5.315710e+001
7.495092e+001	-5.116248e+001
7.540542e+001	-3.790497e+001
7.566057e+001	-3.259762e+001
7.564992e+001	-3.789047e+001
7.595492e+001	-3.059552e+001
7.596088e+001	-3.522590e+001
7.580073e+001	-4.648129e+001
7.592298e+001	-4.647404e+001
7.619474e+001	-4.050423e+001
7.616748e+001	-4.645953e+001
7.627312e+001	-4.711473e+001
7.661134e+001	-3.849487e+001
7.706584e+001	-2.523736e+001
7.715487e+001	-2.655502e+001
7.704455e+001	-3.582305e+001
7.720003e+001	-3.449065e+001
7.755485e+001	-2.520833e+001
7.769372e+001	-2.453862e+001
7.743389e+001	-3.976899e+001
7.715744e+001	-5.566202e+001
7.747905e+001	-4.770462e+001
7.775081e+001	-4.173481e+001
7.774017e+001	-4.702765e+001
7.781258e+001	-4.900799e+001
7.788500e+001	-5.098833e+001
7.745904e+001	-7.284393e+001
7.736534e+001	-8.144927e+001
7.762048e+001	-7.614192e+001
7.785903e+001	-7.149702e+001
7.799789e+001	-7.082731e+001
7.805370e+001	-7.347009e+001
7.817595e+001	-7.346284e+001
7.851416e+001	-6.484297e+001
7.901850e+001	-4.959788e+001
7.937332e+001	-4.031556e+001
7.926301e+001	-4.958336e+001
7.898657e+001	-6.547641e+001
7.920849e+001	-6.149418e+001
7.966299e+001	-4.823668e+001
7.956928e+001	-5.684203e+001
7.914333e+001	-7.869763e+001
7.903300e+001	-8.796566e+001
7.968686e+001	-6.675800e+001
8.014135e+001	-5.350050e+001
8.041312e+001	-4.753047e+001
8.028619e+001	-5.746095e+001
8.050812e+001	-5.347873e+001
8.064698e+001	-5.280880e+001
8.068617e+001	-5.611427e+001
8.055925e+001	-6.604452e+001
8.073133e+001	-6.404990e+001
8.121906e+001	-4.946726e+001
8.139115e+001	-4.747241e+001
8.121438e+001	-5.939049e+001
8.136985e+001	-5.805810e+001
8.202371e+001	-3.685044e+001
8.227886e+001	-3.154309e+001
8.185290e+001	-5.339891e+001
8.139372e+001	-7.657942e+001
8.138308e+001	-8.187226e+001
8.155516e+001	-7.987764e+001
8.192661e+001	-6.993264e+001
8.218176e+001	-6.462528e+001
8.207144e+001	-7.389309e+001
8.226014e+001	-7.123578e+001
8.249868e+001	-6.659110e+001
8.260432e+001	-6.724631e+001
8.279302e+001	-6.458899e+001
8.298173e+001	-6.193169e+001
8.285479e+001	-7.186218e+001
8.312656e+001	-6.589215e+001
8.379702e+001	-4.402203e+001
8.433459e+001	-2.745201e+001
8.442362e+001	-2.876968e+001
8.492795e+001	-1.352480e+001
8.583098e+001	1.762059e+001
8.638516e+001	3.485328e+001
8.630807e+001	2.691040e+001
8.636387e+001	2.426760e+001
8.638645e+001	2.029966e+001
8.657515e+001	2.295697e+001
8.656450e+001	1.766413e+001
8.643757e+001	7.733649e+000
8.632725e+001	-1.534151e+000
8.644951e+001	-1.526893e+000
8.693723e+001	1.305552e+001
8.735851e+001	2.498811e+001
8.734786e+001	1.969526e+001
8.705481e+001	3.139767e+000
8.716044e+001	2.484338e+000
8.741560e+001	7.791700e+000
8.747140e+001	5.148906e+000
8.749398e+001	1.181201e+000
8.741689e+001	-6.761689e+000
8.740624e+001	-1.205453e+001
8.771123e+001	-4.759576e+000
8.809928e+001	5.847871e+000
8.840427e+001	1.314259e+001
8.827734e+001	3.212334e+000
8.793445e+001	-1.533076e+001
8.787396e+001	-2.261119e+001
8.839491e+001	-6.703638e+000
8.888264e+001	7.878772e+000
8.887199e+001	2.585935e+000
8.877829e+001	-6.019410e+000
8.890053e+001	-6.012152e+000
8.902279e+001	-6.004894e+000
8.897892e+001	-1.262265e+001
8.903473e+001	-1.526545e+001
8.930649e+001	-9.295629e+000
8.934568e+001	-1.260088e+001
8.931842e+001	-1.855640e+001
8.965664e+001	-9.936322e+000
9.012775e+001	3.983633e+000
9.036629e+001	8.628531e+000
9.080417e+001	2.122336e+001
9.082676e+001	1.725566e+001
9.055032e+001	1.362612e+000
9.060611e+001	-1.280173e+000
9.077821e+001	7.146718e-001
9.093368e+001	2.046840e+000
9.137158e+001	1.464188e+001
9.170979e+001	2.326175e+001
9.154963e+001	1.200635e+001
9.148914e+001	4.725912e+000
9.157818e+001	3.408260e+000
9.145124e+001	-6.522217e+000
9.177285e+001	1.435178e+000
9.196155e+001	4.092488e+000
9.229976e+001	1.271235e+001
9.232234e+001	8.744643e+000
9.212896e+001	-3.835886e+000
9.216815e+001	-7.141136e+000
9.242330e+001	-1.833784e+000
9.262862e+001	1.485972e+000
9.261797e+001	-3.806855e+000
9.234152e+001	-1.969990e+001
9.243055e+001	-2.101778e+001
9.256942e+001	-2.034784e+001
9.252555e+001	-2.696582e+001
9.233217e+001	-3.954636e+001
9.250426e+001	-3.755152e+001
9.314149e+001	-1.700631e+001
9.339665e+001	-1.169895e+001
9.330294e+001	-2.030431e+001
9.329229e+001	-2.559715e+001
9.359728e+001	-1.830243e+001
9.375276e+001	-1.697003e+001
9.387502e+001	-1.696278e+001
9.444580e+001	9.323610e-001
9.460128e+001	2.264539e+000
9.472353e+001	2.271796e+000
9.461321e+001	-6.996003e+000
9.440322e+001	-2.023900e+001
9.397726e+001	-4.209482e+001
9.418258e+001	-3.877483e+001
9.457063e+001	-2.816738e+001
9.487562e+001	-2.087265e+001
9.493142e+001	-2.351544e+001
9.492077e+001	-2.880829e+001
9.529222e+001	-1.886328e+001
9.526496e+001	-2.481859e+001
9.528753e+001	-2.878651e+001
9.526028e+001	-3.474182e+001
9.539914e+001	-3.407210e+001
9.593671e+001	-1.750186e+001
9.602574e+001	-1.881975e+001
9.599847e+001	-2.477505e+001
9.603767e+001	-2.808030e+001
9.611009e+001	-3.006063e+001
9.626556e+001	-2.872846e+001
9.635459e+001	-3.004613e+001
9.652668e+001	-2.805127e+001
9.651603e+001	-3.334412e+001
9.650539e+001	-3.863695e+001
9.661102e+001	-3.929239e+001
9.681634e+001	-3.597240e+001
9.725423e+001	-2.337757e+001
9.729342e+001	-2.668282e+001
9.710004e+001	-3.926335e+001
9.687344e+001	-5.316880e+001
9.709537e+001	-4.918636e+001
9.713455e+001	-5.249183e+001
9.675843e+001	-7.235984e+001
9.706343e+001	-6.506489e+001
9.773389e+001	-4.319478e+001
9.803887e+001	-3.589983e+001
9.776243e+001	-5.179288e+001
9.761889e+001	-6.238582e+001
9.777436e+001	-6.105364e+001
9.792984e+001	-5.972125e+001
9.770324e+001	-7.362692e+001
9.785871e+001	-7.229453e+001
9.847933e+001	-5.241201e+001
9.886739e+001	-4.180456e+001
9.887336e+001	-4.643472e+001
9.869658e+001	-5.835279e+001
9.878562e+001	-5.967046e+001
9.882481e+001	-6.297593e+001
9.889722e+001	-6.495605e+001
9.923544e+001	-5.633618e+001
9.962349e+001	-4.572872e+001
9.957962e+001	-5.234670e+001
9.925333e+001	-7.022711e+001
9.929253e+001	-7.353260e+001
9.961413e+001	-6.557518e+001
9.995235e+001	-5.695510e+001
1.000248e+002	-5.893543e+001
9.981476e+001	-7.217843e+001
9.990379e+001	-7.349631e+001
1.005909e+002	-5.096351e+001
1.008626e+002	-4.499370e+001
1.004699e+002	-6.552438e+001
1.004260e+002	-7.214214e+001
1.003655e+002	-7.942258e+001
1.003549e+002	-8.471542e+001
1.004772e+002	-8.470816e+001
1.005994e+002	-8.470091e+001
1.006220e+002	-8.866884e+001
1.008107e+002	-8.601154e+001
1.010326e+002	-8.202909e+001
1.011383e+002	-8.268429e+001
1.011110e+002	-8.863982e+001
1.010007e+002	-9.790761e+001
1.012060e+002	-9.458786e+001
1.013282e+002	-9.458060e+001
1.014671e+002	-9.391089e+001
1.014731e+002	-9.854105e+001
1.013461e+002	-1.084715e+002
1.014684e+002	-1.084643e+002
1.014910e+002	-1.124322e+002
1.015800e+002	-1.137499e+002
1.019514e+002	-1.038049e+002
1.022232e+002	-9.783506e+001
1.024119e+002	-9.517775e+001
1.024511e+002	-9.848300e+001
1.023242e+002	-1.084135e+002
1.025295e+002	-1.050937e+002
1.027348e+002	-1.017740e+002
1.026743e+002	-1.090542e+002
1.027301e+002	-1.116970e+002
1.029188e+002	-1.090397e+002
1.031407e+002	-1.050574e+002
1.032630e+002	-1.050502e+002
1.034517e+002	-1.023929e+002
1.034411e+002	-1.076857e+002
1.030982e+002	-1.262288e+002
1.031872e+002	-1.275465e+002
1.031932e+002	-1.321769e+002
1.032822e+002	-1.334947e+002
1.035540e+002	-1.275247e+002
1.040583e+002	-1.122798e+002
1.042802e+002	-1.082974e+002
1.047679e+002	-9.371497e+001
1.057540e+002	-5.925684e+001
1.067401e+002	-2.479892e+001
1.073774e+002	-4.253953e+000
1.075993e+002	-2.715109e-001
1.075887e+002	-5.564348e+000
1.074783e+002	-1.483238e+001
1.073514e+002	-2.476265e+001
1.075235e+002	-2.276802e+001
1.079780e+002	-9.510512e+000
1.080504e+002	-1.149063e+001
1.080564e+002	-1.612101e+001
1.085441e+002	-1.538592e+000
1.089986e+002	1.171891e+001
1.093867e+002	2.232636e+001
1.095754e+002	2.498366e+001
1.093820e+002	1.240336e+001
1.091886e+002	-1.771715e-001
1.089952e+002	-1.275771e+001
1.093168e+002	-4.800306e+000
1.096717e+002	4.482231e+000
1.099434e+002	1.045204e+001
1.099494e+002	5.821657e+000
1.099055e+002	-7.960907e-001
1.097287e+002	-1.271416e+001
1.097015e+002	-1.866947e+001
1.099068e+002	-1.534970e+001
1.101453e+002	-1.070481e+001
1.102011e+002	-1.334760e+001
1.103068e+002	-1.400280e+001
1.105287e+002	-1.002058e+001
1.107174e+002	-7.363277e+000
1.109227e+002	-4.043512e+000
1.108789e+002	-1.066127e+001
1.108848e+002	-1.529165e+001
1.109572e+002	-1.727199e+001
1.106974e+002	-3.250235e+001
1.109027e+002	-2.918259e+001
1.115400e+002	-8.637394e+000
1.117951e+002	-3.330031e+000
1.119672e+002	-1.335408e+000
1.120562e+002	-2.653060e+000
1.122117e+002	-1.320893e+000
1.125998e+002	9.286554e+000
1.130210e+002	2.121914e+001
1.128609e+002	9.963747e+000
1.127506e+002	6.957151e-001
1.127565e+002	-3.934657e+000
1.126628e+002	-1.254001e+001
1.129180e+002	-7.232659e+000
1.133060e+002	3.374788e+000
1.132289e+002	-4.568092e+000
1.129857e+002	-1.913600e+001
1.132076e+002	-1.515378e+001
1.136455e+002	-2.558731e+000
1.137179e+002	-4.539071e+000
1.134913e+002	-1.844452e+001
1.133644e+002	-2.837500e+001
1.133870e+002	-3.234271e+001
1.134594e+002	-3.432304e+001
1.138142e+002	-2.504073e+001
1.139531e+002	-2.437079e+001
1.140919e+002	-2.370108e+001
1.146461e+002	-6.468607e+000
1.149677e+002	1.488788e+000
1.151897e+002	5.471230e+000
1.151624e+002	-4.840622e-001
1.150521e+002	-9.752084e+000
1.152076e+002	-8.419694e+000
1.150308e+002	-2.033777e+001
1.146547e+002	-4.020578e+001
1.146108e+002	-4.682376e+001
1.150985e+002	-3.224112e+001
1.155032e+002	-2.097120e+001
1.159909e+002	-6.388783e+000
1.164952e+002	8.856304e+000
1.164846e+002	3.563457e+000
1.162414e+002	-1.100444e+001
1.162141e+002	-1.695996e+001
1.166852e+002	-3.039775e+000
1.170899e+002	8.230127e+000
1.173451e+002	1.353749e+001
1.174673e+002	1.354475e+001
1.176726e+002	1.686450e+001
1.179610e+002	2.349700e+001
1.181331e+002	2.549163e+001
1.180892e+002	1.887387e+001
1.179457e+002	8.280931e+000
1.180015e+002	5.638136e+000
1.180241e+002	1.670209e+000
1.180965e+002	-3.098987e-001
1.182686e+002	1.684714e+000
1.184905e+002	5.667156e+000
1.186792e+002	8.324466e+000
1.187018e+002	4.356539e+000
1.187576e+002	1.713745e+000
1.188798e+002	1.721002e+000
1.190519e+002	3.715847e+000
1.187921e+002	-1.151472e+001
1.189310e+002	-1.084479e+001
1.197675e+002	1.765033e+001
1.205045e+002	4.217071e+001
1.208593e+002	5.145303e+001
1.209483e+002	5.013538e+001
1.210539e+002	4.947995e+001
1.213091e+002	5.478731e+001
1.212486e+002	4.750710e+001
1.212214e+002	4.155157e+001
1.220413e+002	6.938446e+001
1.226952e+002	9.059212e+001
1.225849e+002	8.132409e+001
1.223749e+002	6.808110e+001
1.223476e+002	6.212580e+001
1.224532e+002	6.147060e+001
1.225589e+002	6.081539e+001
1.223655e+002	4.823486e+001
1.224878e+002	4.824212e+001
1.230752e+002	6.679973e+001
1.233635e+002	7.343200e+001
1.234526e+002	7.211434e+001
1.233090e+002	6.152139e+001
1.228997e+002	4.032825e+001
1.224073e+002	1.582260e+001
1.225960e+002	1.847991e+001
1.231501e+002	3.571237e+001
1.234053e+002	4.101974e+001
1.234777e+002	3.903940e+001
1.236498e+002	4.103424e+001
1.240213e+002	5.097924e+001
1.244093e+002	6.158670e+001
1.243654e+002	5.496872e+001
1.243049e+002	4.768851e+001
1.245601e+002	5.299586e+001
1.245328e+002	4.704034e+001
1.246883e+002	4.837274e+001
1.250265e+002	5.699259e+001
1.252318e+002	6.031236e+001
1.251548e+002	5.236947e+001
1.251773e+002	4.840176e+001
1.250504e+002	3.847127e+001
1.249733e+002	3.052838e+001
1.252617e+002	3.716088e+001
1.252843e+002	3.319295e+001
1.254065e+002	3.320020e+001
1.255288e+002	3.320745e+001
1.255514e+002	2.923975e+001
1.256570e+002	2.858433e+001
1.259121e+002	3.389168e+001
1.264829e+002	5.178683e+001
1.268876e+002	6.305674e+001
1.273919e+002	7.830184e+001
1.274810e+002	7.698419e+001
1.270550e+002	5.512837e+001
1.267287e+002	3.724796e+001
1.271832e+002	5.050546e+001
1.277374e+002	6.773793e+001
1.281753e+002	8.033298e+001
1.282643e+002	7.901510e+001
1.284198e+002	8.034749e+001
1.282596e+002	6.909209e+001
1.280662e+002	5.651155e+001
1.280888e+002	5.254363e+001
1.280616e+002	4.658832e+001
1.280842e+002	4.262062e+001
1.283891e+002	4.991535e+001
1.289101e+002	6.582290e+001
1.291320e+002	6.980534e+001
1.290715e+002	6.252491e+001
1.289114e+002	5.126951e+001
1.292496e+002	5.988937e+001
1.299367e+002	8.242216e+001
1.299925e+002	7.977937e+001
1.298822e+002	7.051134e+001
1.301539e+002	7.648115e+001
1.303925e+002	8.112606e+001
1.303818e+002	7.583321e+001
1.300057e+002	5.596520e+001
1.300947e+002	5.464732e+001
1.301173e+002	5.067962e+001
1.301897e+002	4.869928e+001
1.302621e+002	4.671894e+001
1.302681e+002	4.208856e+001
1.302408e+002	3.613326e+001
1.304960e+002	4.144061e+001
1.307677e+002	4.741043e+001
1.312056e+002	6.000547e+001
1.314442e+002	6.465038e+001
1.314834e+002	6.134513e+001
1.315558e+002	5.936479e+001
1.316780e+002	5.937205e+001
1.319166e+002	6.401694e+001
1.320887e+002	6.601156e+001
1.321279e+002	6.270632e+001
1.321338e+002	5.807593e+001
1.323724e+002	6.272083e+001
1.324448e+002	6.074050e+001
1.324840e+002	5.743524e+001
1.328554e+002	6.738025e+001
1.332102e+002	7.666257e+001
1.329670e+002	6.209466e+001
1.327736e+002	4.951413e+001
1.328959e+002	4.952138e+001
1.328354e+002	4.224095e+001
1.331238e+002	4.887343e+001
1.335949e+002	6.279340e+001
1.338501e+002	6.810076e+001
1.339225e+002	6.612042e+001
1.339451e+002	6.215271e+001
1.342334e+002	6.878498e+001
1.344886e+002	7.409234e+001
1.346939e+002	7.741233e+001
1.349324e+002	8.205701e+001
1.351876e+002	8.736436e+001
1.351105e+002	7.942147e+001
1.350832e+002	7.346616e+001
1.352221e+002	7.413588e+001
1.357098e+002	8.871852e+001
1.356660e+002	8.210054e+001
1.353231e+002	6.355745e+001
1.353456e+002	5.958974e+001
1.358998e+002	7.682221e+001
1.359058e+002	7.219205e+001
1.358951e+002	6.689920e+001
1.360506e+002	6.823138e+001
1.362559e+002	7.155113e+001
1.362453e+002	6.625830e+001
1.359854e+002	5.102792e+001
1.359250e+002	4.374749e+001
1.361303e+002	4.706726e+001
1.360200e+002	3.779945e+001
1.360259e+002	3.316906e+001
1.364638e+002	4.576411e+001
1.368685e+002	5.703402e+001
1.371402e+002	6.300384e+001
1.373622e+002	6.698628e+001
1.373017e+002	5.970584e+001
1.369256e+002	3.983762e+001
1.369315e+002	3.520746e+001
1.371867e+002	4.051481e+001
1.370265e+002	2.925919e+001
1.372485e+002	3.324163e+001
1.379189e+002	5.511175e+001
1.387721e+002	8.426955e+001
1.392765e+002	9.951465e+001
1.391163e+002	8.825925e+001
1.390890e+002	8.230373e+001
1.390618e+002	7.634842e+001
1.391176e+002	7.370564e+001
1.390239e+002	6.510028e+001
1.390465e+002	6.113236e+001
1.394511e+002	7.240249e+001
1.396564e+002	7.572225e+001
1.396624e+002	7.109186e+001
1.396019e+002	6.381143e+001
1.397408e+002	6.448136e+001
1.400458e+002	7.177609e+001
1.401846e+002	7.244603e+001
1.404232e+002	7.709070e+001
1.409940e+002	9.498585e+001
1.412824e+002	1.016183e+002
1.411554e+002	9.168786e+001
1.409288e+002	7.778241e+001
1.405693e+002	5.857664e+001
1.402762e+002	4.202114e+001
1.402988e+002	3.805344e+001
1.407367e+002	5.064826e+001
1.410915e+002	5.993080e+001
1.408649e+002	4.602535e+001
1.409706e+002	4.536993e+001
1.414749e+002	6.061502e+001
1.419128e+002	7.321008e+001
1.420350e+002	7.321733e+001
1.417088e+002	5.533670e+001
1.416981e+002	5.004385e+001
1.418370e+002	5.071357e+001
1.419260e+002	4.939591e+001
1.420981e+002	5.139076e+001
1.423533e+002	5.669811e+001
1.426416e+002	6.333038e+001
1.426310e+002	5.803755e+001
1.426370e+002	5.340715e+001
1.429087e+002	5.937719e+001
1.434463e+002	7.594720e+001
1.436516e+002	7.926697e+001
1.437406e+002	7.794931e+001
1.437466e+002	7.331892e+001
1.437526e+002	6.868854e+001
1.437253e+002	6.273324e+001
1.435651e+002	5.147784e+001
1.433053e+002	3.624725e+001
1.431950e+002	2.697923e+001
1.436661e+002	4.089941e+001
1.441372e+002	5.481937e+001
1.440601e+002	4.687648e+001
1.442654e+002	5.019624e+001
1.447033e+002	6.279129e+001
1.448754e+002	6.478614e+001
1.449312e+002	6.214335e+001
1.449206e+002	5.685050e+001
1.449099e+002	5.155766e+001
1.447664e+002	4.096472e+001
1.450880e+002	4.892213e+001
1.452933e+002	5.224188e+001
1.451830e+002	4.297386e+001
1.453551e+002	4.496871e+001
1.454773e+002	4.497596e+001
1.455165e+002	4.167071e+001
1.458215e+002	4.896566e+001
1.461763e+002	5.824798e+001
1.463650e+002	6.090529e+001
1.466036e+002	6.555018e+001
1.466261e+002	6.158226e+001
1.465823e+002	5.496450e+001
1.465052e+002	4.702161e+001
1.468102e+002	5.431656e+001
1.473477e+002	7.088657e+001
1.475198e+002	7.288142e+001
1.472766e+002	5.831330e+001
1.471165e+002	4.705789e+001
1.470726e+002	4.043991e+001
1.471284e+002	3.779712e+001
1.473005e+002	3.979197e+001
1.476719e+002	4.973697e+001
1.479271e+002	5.504433e+001
1.480992e+002	5.703917e+001
1.481384e+002	5.373370e+001
1.481942e+002	5.109091e+001
1.485656e+002	6.103591e+001
1.485882e+002	5.706820e+001
1.489430e+002	6.635052e+001
1.493809e+002	7.894557e+001
1.494533e+002	7.696523e+001
1.490938e+002	5.775969e+001
1.490998e+002	5.312929e+001
1.494878e+002	6.373675e+001
1.500088e+002	7.964431e+001
1.502307e+002	8.362676e+001
1.499875e+002	6.905862e+001
1.497276e+002	5.382804e+001
1.500659e+002	6.244812e+001
1.504871e+002	7.438049e+001
1.508253e+002	8.300036e+001
1.508645e+002	7.969510e+001
1.507708e+002	7.108975e+001
1.508931e+002	7.109701e+001
1.510984e+002	7.441678e+001
1.512207e+002	7.442404e+001
1.512266e+002	6.979365e+001
1.511827e+002	6.317590e+001
1.516373e+002	7.643339e+001
1.519921e+002	8.571572e+001
1.517655e+002	7.181027e+001
1.514392e+002	5.392964e+001
1.513123e+002	4.399937e+001
1.516006e+002	5.063163e+001
1.519887e+002	6.123909e+001
1.520445e+002	5.859629e+001
1.518179e+002	4.469084e+001
1.520564e+002	4.933575e+001
1.527103e+002	7.054340e+001
1.528159e+002	6.988798e+001
1.531375e+002	7.784538e+001
1.534093e+002	8.381543e+001
1.534817e+002	8.183509e+001
1.538199e+002	9.045494e+001
1.537927e+002	8.449965e+001
1.538983e+002	8.384445e+001
1.540039e+002	8.318903e+001
1.538272e+002	7.127118e+001
1.536670e+002	6.001576e+001
1.540717e+002	7.128568e+001
1.545760e+002	8.653079e+001
1.548312e+002	9.183814e+001
1.546212e+002	7.859514e+001
1.541121e+002	5.342682e+001
1.540018e+002	4.415901e+001
1.541573e+002	4.549118e+001
1.544955e+002	5.411105e+001
1.548670e+002	6.405604e+001
1.547899e+002	5.611315e+001
1.549121e+002	5.612041e+001
1.554829e+002	7.401556e+001
1.557048e+002	7.799777e+001
1.553952e+002	6.077982e+001
1.554177e+002	5.681189e+001
1.556895e+002	6.278192e+001
1.556789e+002	5.748908e+001
1.557014e+002	5.352116e+001
1.558735e+002	5.551600e+001
1.561287e+002	6.082335e+001
1.567161e+002	7.938096e+001
1.572038e+002	9.396338e+001
1.568609e+002	7.542029e+001
1.565513e+002	5.820233e+001
1.565572e+002	5.357195e+001
1.569619e+002	6.484186e+001
1.571340e+002	6.683671e+001
1.568575e+002	5.094367e+001
1.564316e+002	2.908806e+001
1.566037e+002	3.108292e+001
1.571246e+002	4.699047e+001
1.573798e+002	5.229783e+001
1.576183e+002	5.694251e+001
1.577904e+002	5.893735e+001
1.580289e+002	6.358226e+001
1.580681e+002	6.027700e+001
1.582236e+002	6.160918e+001
1.583459e+002	6.161643e+001
1.586508e+002	6.891138e+001
1.589226e+002	7.488119e+001
1.587957e+002	6.495070e+001
1.585857e+002	5.170771e+001
1.585750e+002	4.641488e+001
1.588302e+002	5.172223e+001
1.591186e+002	5.835472e+001
1.590747e+002	5.173674e+001
1.589478e+002	4.180648e+001
1.592860e+002	5.042634e+001
1.594248e+002	5.109605e+001
1.593976e+002	4.514076e+001
1.594202e+002	4.117283e+001
1.596587e+002	4.581773e+001
1.598474e+002	4.847503e+001
1.599863e+002	4.914474e+001
1.602082e+002	5.312718e+001
1.601477e+002	4.584675e+001
1.601703e+002	4.187905e+001
1.605750e+002	5.314896e+001
1.611624e+002	7.170656e+001
1.614175e+002	7.701392e+001
1.614401e+002	7.304599e+001
1.615790e+002	7.371592e+001
1.616514e+002	7.173559e+001
1.613915e+002	5.650500e+001
1.614473e+002	5.386221e+001
1.618686e+002	6.579481e+001
1.623397e+002	7.971477e+001
1.626447e+002	8.700971e+001
1.625178e+002	7.707923e+001
1.623410e+002	6.516115e+001
1.625297e+002	6.781846e+001
1.630839e+002	8.505115e+001
1.634553e+002	9.499614e+001
1.632453e+002	8.175315e+001
1.626200e+002	5.194719e+001
1.623934e+002	3.804174e+001
1.626652e+002	4.401154e+001
1.631529e+002	5.859419e+001
1.637403e+002	7.715180e+001
1.642779e+002	9.372181e+001
1.644001e+002	9.372907e+001
1.640905e+002	7.651111e+001
1.638140e+002	6.061806e+001
1.641522e+002	6.923793e+001
1.643575e+002	7.255770e+001
1.645130e+002	7.389009e+001
1.648679e+002	8.317240e+001
1.648904e+002	7.920470e+001
1.650293e+002	7.987441e+001
1.654672e+002	9.246946e+001
1.658054e+002	1.010893e+002
1.656951e+002	9.182129e+001
1.654685e+002	7.791584e+001
1.651754e+002	6.136034e+001
1.652312e+002	5.871756e+001
1.654531e+002	6.269978e+001
1.657748e+002	7.065718e+001
1.658638e+002	6.933952e+001
1.654212e+002	4.682124e+001
1.653109e+002	3.755343e+001
1.657488e+002	5.014849e+001
1.663196e+002	6.804340e+001
1.668571e+002	8.461364e+001
1.668299e+002	7.865812e+001
1.665867e+002	6.409022e+001
1.665760e+002	5.879737e+001
1.669641e+002	6.940483e+001
1.674186e+002	8.266234e+001
1.673581e+002	7.538190e+001
1.673142e+002	6.876415e+001
1.673866e+002	6.678381e+001
1.670936e+002	5.022830e+001
1.671328e+002	4.692283e+001
1.675540e+002	5.885543e+001
1.678424e+002	6.548769e+001
1.676656e+002	5.356984e+001
1.678211e+002	5.490201e+001
1.678603e+002	5.159676e+001
1.680822e+002	5.557920e+001
1.683042e+002	5.956142e+001
1.684763e+002	6.155627e+001
1.688975e+002	7.348865e+001
1.694185e+002	8.939620e+001
1.692085e+002	7.615320e+001
1.689819e+002	6.224775e+001
1.691041e+002	6.225501e+001
1.691433e+002	5.894976e+001
1.692656e+002	5.895702e+001
1.696370e+002	6.890202e+001
1.699752e+002	7.752188e+001
1.702138e+002	8.216678e+001
1.701699e+002	7.554880e+001
1.699765e+002	6.296827e+001
1.698828e+002	5.436291e+001
1.701878e+002	6.165787e+001
1.705426e+002	7.094019e+001
1.703160e+002	5.703474e+001
1.704217e+002	5.637953e+001
1.707100e+002	6.301180e+001
1.709320e+002	6.699424e+001
1.712702e+002	7.561411e+001
1.713592e+002	7.429645e+001
1.714648e+002	7.364104e+001
1.714210e+002	6.702328e+001
1.714436e+002	6.305534e+001
1.715824e+002	6.372528e+001
1.717545e+002	6.571991e+001
1.719100e+002	6.705229e+001
1.719824e+002	6.507195e+001
1.721047e+002	6.507921e+001
1.716787e+002	4.322362e+001
1.715518e+002	3.329313e+001
1.719564e+002	4.456304e+001
1.723445e+002	5.517050e+001
1.724834e+002	5.584044e+001
1.728050e+002	6.379784e+001
1.728774e+002	6.181751e+001
1.729830e+002	6.116230e+001
1.735538e+002	7.905723e+001
1.738754e+002	8.701464e+001
1.740309e+002	8.834704e+001
1.740202e+002	8.305419e+001
1.742754e+002	8.836154e+001
1.746136e+002	9.698141e+001
1.748189e+002	1.003012e+002
1.746421e+002	8.838331e+001
1.741664e+002	6.454012e+001
1.741391e+002	5.858483e+001
1.744441e+002	6.587956e+001
1.748820e+002	7.847460e+001
1.750208e+002	7.914432e+001
1.753923e+002	8.908931e+001
1.759298e+002	1.056593e+002
1.756866e+002	9.109142e+001
1.751112e+002	6.327304e+001
1.747350e+002	4.340503e+001
1.751895e+002	5.666254e+001
1.758102e+002	7.654506e+001
1.759158e+002	7.588986e+001
1.758553e+002	6.860942e+001
1.755955e+002	5.337906e+001
1.757510e+002	5.471123e+001
1.758068e+002	5.206844e+001
1.759456e+002	5.273815e+001
1.763005e+002	6.202069e+001
1.762732e+002	5.606539e+001
1.760798e+002	4.348485e+001
1.759529e+002	3.355437e+001
1.762745e+002	4.151177e+001
1.771277e+002	7.066959e+001
1.774659e+002	7.928944e+001
1.774719e+002	7.465928e+001
1.775609e+002	7.334140e+001
1.774173e+002	6.274846e+001
1.775562e+002	6.341817e+001
1.780107e+002	7.667568e+001
1.781330e+002	7.668294e+001
1.781223e+002	7.139010e+001
1.782778e+002	7.272248e+001
1.785496e+002	7.869230e+001
1.787549e+002	8.201206e+001
1.789768e+002	8.599451e+001
1.790824e+002	8.533930e+001
1.792545e+002	8.733393e+001
1.791941e+002	8.005372e+001
1.790173e+002	6.813564e+001
1.791229e+002	6.748044e+001
1.793781e+002	7.278779e+001
1.798326e+002	8.604530e+001
1.799715e+002	8.671501e+001
1.798944e+002	7.877212e+001
1.798671e+002	7.281682e+001
1.797402e+002	6.288634e+001
1.796631e+002	5.494345e+001
1.800677e+002	6.621335e+001
1.803561e+002	7.284584e+001
1.802624e+002	6.424049e+001
1.802019e+002	5.696006e+001
1.804072e+002	6.027982e+001
1.808950e+002	7.486246e+001
1.813329e+002	8.745729e+001
1.813886e+002	8.481450e+001
1.814444e+002	8.217170e+001
1.815335e+002	8.085405e+001
1.816890e+002	8.218622e+001
1.817448e+002	7.954342e+001
1.818670e+002	7.955068e+001
1.822385e+002	8.949568e+001
1.826265e+002	1.001031e+002
1.828318e+002	1.034229e+002
1.826551e+002	9.150505e+001
1.823786e+002	7.561200e+001
1.822849e+002	6.700665e+001
1.822743e+002	6.171381e+001
1.823633e+002	6.039593e+001
1.826517e+002	6.702842e+001
1.825912e+002	5.974798e+001
1.824809e+002	5.047996e+001
1.825201e+002	4.717471e+001
1.822934e+002	3.326926e+001
1.826483e+002	4.255157e+001
1.832855e+002	6.309678e+001
1.833247e+002	5.979153e+001
1.831978e+002	4.986104e+001
1.837685e+002	6.775619e+001
1.842064e+002	8.035123e+001
1.840629e+002	6.975829e+001
1.841021e+002	6.645282e+001
1.843074e+002	6.977281e+001
1.845127e+002	7.309257e+001
1.845353e+002	6.912464e+001
1.849067e+002	7.906964e+001
1.854775e+002	9.696478e+001
1.855333e+002	9.432199e+001
1.853399e+002	8.174146e+001
1.852462e+002	7.313611e+001
1.852854e+002	6.983086e+001
1.854741e+002	7.248817e+001
1.853804e+002	6.388259e+001
1.851206e+002	4.865223e+001
1.851764e+002	4.600944e+001
1.856143e+002	5.860426e+001
1.856701e+002	5.596148e+001
1.856262e+002	4.934372e+001
1.856488e+002	4.537578e+001
1.858209e+002	4.737064e+001
1.862422e+002	5.930322e+001
1.865139e+002	6.527304e+001
1.865199e+002	6.064265e+001
1.868747e+002	6.992520e+001
1.869305e+002	6.728240e+001
1.867870e+002	5.668946e+001
1.868926e+002	5.603403e+001
1.871478e+002	6.134139e+001
1.875026e+002	7.062393e+001
1.879405e+002	8.321899e+001
1.881292e+002	8.587629e+001
1.881019e+002	7.992077e+001
1.880248e+002	7.197787e+001
1.878481e+002	6.006002e+001
1.878208e+002	5.410472e+001
1.882919e+002	6.802468e+001
1.886468e+002	7.730699e+001
1.886859e+002	7.400175e+001
1.886088e+002	6.605886e+001
1.889304e+002	7.401627e+001
1.896009e+002	9.588638e+001
1.894574e+002	8.529343e+001
1.891311e+002	6.741302e+001
1.895856e+002	8.067052e+001
1.898407e+002	8.597788e+001
1.896972e+002	7.538494e+001
1.896865e+002	7.009209e+001
1.897590e+002	6.811177e+001
1.895822e+002	5.619368e+001
1.897543e+002	5.818852e+001
1.900427e+002	6.482102e+001
1.904639e+002	7.675340e+001
1.909350e+002	9.067335e+001
1.908746e+002	8.339314e+001
1.906480e+002	6.948746e+001
1.908034e+002	7.081986e+001
1.909589e+002	7.215203e+001
1.908818e+002	6.420914e+001
1.907715e+002	5.494134e+001
1.908605e+002	5.362345e+001
1.913316e+002	6.754364e+001
1.917695e+002	8.013846e+001
1.917589e+002	7.484562e+001
1.915987e+002	6.359022e+001
1.915881e+002	5.829738e+001
1.917602e+002	6.029222e+001
1.917827e+002	5.632430e+001
1.919715e+002	5.898160e+001
1.924592e+002	7.356425e+001
1.930300e+002	9.145940e+001
1.931024e+002	8.947906e+001
1.929256e+002	7.756099e+001
1.929814e+002	7.491819e+001
1.929209e+002	6.763798e+001
1.930266e+002	6.698254e+001
1.932651e+002	7.162745e+001
1.936366e+002	8.157245e+001
1.937090e+002	7.959212e+001
1.935987e+002	7.032431e+001
1.936378e+002	6.701883e+001
1.937601e+002	6.702609e+001
1.940983e+002	7.564618e+001
1.944531e+002	8.492849e+001
1.947913e+002	9.354836e+001
1.948471e+002	9.090557e+001
1.947202e+002	8.097530e+001
1.946431e+002	7.303241e+001
1.945162e+002	6.310193e+001
1.947215e+002	6.642169e+001
1.952258e+002	8.166678e+001
1.954478e+002	8.564901e+001
1.955700e+002	8.565627e+001
1.956258e+002	8.301347e+001
1.957315e+002	8.235827e+001
1.956212e+002	7.309046e+001
1.953613e+002	5.785987e+001
1.954503e+002	5.654200e+001
1.957387e+002	6.317449e+001
1.960105e+002	6.914430e+001
1.961826e+002	7.113915e+001
1.964045e+002	7.512137e+001
1.964603e+002	7.247858e+001
1.960343e+002	5.062298e+001
1.961068e+002	4.864264e+001
1.964948e+002	5.925010e+001
1.968330e+002	6.787018e+001
1.971380e+002	7.516491e+001
1.972437e+002	7.450971e+001
1.974158e+002	7.650456e+001
1.972390e+002	6.458648e+001
1.972449e+002	5.995631e+001
1.975998e+002	6.923864e+001
1.979546e+002	7.852118e+001
1.975785e+002	5.865295e+001
1.974516e+002	4.872247e+001
1.978230e+002	5.866746e+001
1.978456e+002	5.469975e+001
1.977519e+002	4.609419e+001
1.979406e+002	4.875149e+001
1.982622e+002	5.670889e+001
1.985173e+002	6.201625e+001
1.986562e+002	6.268619e+001
1.988615e+002	6.600595e+001
1.989671e+002	6.535075e+001
1.990728e+002	6.469533e+001
1.992781e+002	6.801532e+001
1.995166e+002	7.265999e+001
1.996389e+002	7.266725e+001
1.994953e+002	6.207430e+001
1.996176e+002	6.208156e+001
1.998229e+002	6.540155e+001
1.999618e+002	6.607126e+001
1.998515e+002	5.680323e+001
1.995418e+002	3.958527e+001
1.995644e+002	3.561735e+001
2.000853e+002	5.152490e+001
2.005232e+002	6.411995e+001
2.007950e+002	7.008976e+001
2.012495e+002	8.334727e+001
2.019532e+002	1.065425e+002
2.019093e+002	9.992476e+001
2.014501e+002	7.674403e+001
2.010574e+002	5.621334e+001
2.009304e+002	4.628286e+001
2.008533e+002	3.833997e+001
2.011251e+002	4.431000e+001
2.017623e+002	6.485498e+001
2.022169e+002	7.811247e+001
2.023889e+002	8.010733e+001
2.024614e+002	7.812699e+001
2.026002e+002	7.879693e+001
2.025564e+002	7.217894e+001
2.025457e+002	6.688611e+001
2.024520e+002	5.828076e+001
2.027570e+002	6.557570e+001
2.033610e+002	8.479576e+001
2.031012e+002	6.956518e+001
2.030573e+002	6.294743e+001
2.032128e+002	6.427959e+001
2.030858e+002	5.434911e+001
2.033742e+002	6.098160e+001
2.038619e+002	7.556402e+001
2.042998e+002	8.815908e+001
2.041729e+002	7.822859e+001
2.040294e+002	6.763565e+001
2.042014e+002	6.963049e+001
2.043237e+002	6.963775e+001
2.044792e+002	7.097014e+001
2.045018e+002	6.700221e+001
2.044413e+002	5.972178e+001
2.045137e+002	5.774166e+001
2.047855e+002	6.371147e+001
2.050738e+002	7.034375e+001
2.052127e+002	7.101368e+001
2.057669e+002	8.824615e+001
2.059722e+002	9.156591e+001
2.060446e+002	8.958579e+001
2.060173e+002	8.363028e+001
2.057907e+002	6.972483e+001
2.056306e+002	5.846942e+001
2.056199e+002	5.317658e+001
2.060578e+002	6.577163e+001
2.065788e+002	8.167919e+001
2.068173e+002	8.632386e+001
2.069562e+002	8.699380e+001
2.070784e+002	8.700106e+001
2.072505e+002	8.899569e+001
2.075057e+002	9.430304e+001
2.073621e+002	8.371010e+001
2.072020e+002	7.245470e+001
2.070917e+002	6.318689e+001
2.073468e+002	6.849425e+001
2.075189e+002	7.048887e+001
2.076744e+002	7.182127e+001
2.082285e+002	8.905374e+001
2.085501e+002	9.701114e+001
2.085727e+002	9.304343e+001
2.084292e+002	8.245049e+001
2.086843e+002	8.775786e+001
2.091056e+002	9.969022e+001
2.089953e+002	9.042241e+001
2.085361e+002	6.724167e+001
2.086916e+002	6.857407e+001
2.089301e+002	7.321875e+001
2.091355e+002	7.653873e+001
2.088590e+002	6.064569e+001
2.087819e+002	5.270280e+001
2.089872e+002	5.602257e+001
2.088603e+002	4.609208e+001
2.089327e+002	4.411174e+001
2.093208e+002	5.471919e+001
2.098417e+002	7.062675e+001
2.100968e+002	7.593411e+001
2.101526e+002	7.329132e+001
2.102583e+002	7.263612e+001
2.101147e+002	6.204316e+001
2.102204e+002	6.138796e+001
2.103925e+002	6.338282e+001
2.103818e+002	5.808997e+001
2.106702e+002	6.472225e+001
2.113074e+002	8.526744e+001
2.112303e+002	7.732455e+001
2.112197e+002	7.203170e+001
2.116077e+002	8.263916e+001
2.118131e+002	8.595893e+001
2.119353e+002	8.596619e+001
2.118250e+002	7.669837e+001
2.118310e+002	7.206799e+001
2.121193e+002	7.870026e+001
2.123579e+002	8.334516e+001
2.125798e+002	8.732760e+001
2.125857e+002	8.269721e+001
2.125087e+002	7.475432e+001
2.123983e+002	6.548629e+001
2.124874e+002	6.416864e+001
2.127757e+002	7.080090e+001
2.133299e+002	8.803359e+001
2.139173e+002	1.065912e+002
2.138900e+002	1.006359e+002
2.136468e+002	8.606777e+001
2.133704e+002	7.017473e+001
2.133763e+002	6.554434e+001
2.133159e+002	5.826413e+001
2.137538e+002	7.085896e+001
2.143910e+002	9.140416e+001
2.145132e+002	9.141141e+001
2.144860e+002	8.545611e+001
2.146082e+002	8.546337e+001
2.147637e+002	8.679554e+001
2.151518e+002	9.740299e+001
2.154069e+002	1.027104e+002
2.156122e+002	1.060303e+002
2.156514e+002	1.027249e+002
2.156408e+002	9.743202e+001
2.157962e+002	9.876441e+001
2.161511e+002	1.080467e+002
2.162235e+002	1.060666e+002
2.158474e+002	8.619839e+001
2.152719e+002	5.838023e+001
2.151616e+002	4.911221e+001
2.154665e+002	5.640715e+001
2.156054e+002	5.707686e+001
2.159769e+002	6.702187e+001
2.162652e+002	7.365414e+001
2.162380e+002	6.769883e+001
2.160944e+002	5.710589e+001
2.164991e+002	6.837581e+001
2.168705e+002	7.832081e+001
2.169263e+002	7.567801e+001
2.172479e+002	8.363542e+001
2.177190e+002	9.755538e+001
2.180572e+002	1.061755e+002
2.179137e+002	9.558252e+001
2.173715e+002	6.908928e+001
2.172777e+002	6.048371e+001
2.176160e+002	6.910379e+001
2.175721e+002	6.248581e+001
2.176611e+002	6.116816e+001
2.181654e+002	7.641304e+001
2.185369e+002	8.635804e+001
2.187588e+002	9.034048e+001
2.187315e+002	8.438495e+001
2.188538e+002	8.439221e+001
2.191089e+002	8.969957e+001
2.194472e+002	9.831964e+001
2.195362e+002	9.700177e+001
2.194757e+002	8.972133e+001
2.195980e+002	8.972859e+001
2.196205e+002	8.576088e+001
2.196099e+002	8.046804e+001
2.197488e+002	8.113776e+001
2.198544e+002	8.048254e+001
2.200265e+002	8.247740e+001
2.200158e+002	7.718456e+001
2.199886e+002	7.122904e+001
2.200776e+002	6.991138e+001
2.201999e+002	6.991863e+001
2.202390e+002	6.661339e+001
2.203447e+002	6.595797e+001
2.205832e+002	7.060286e+001
2.208550e+002	7.657267e+001
2.211267e+002	8.254271e+001
2.213985e+002	8.851252e+001
2.212217e+002	7.659445e+001
2.213606e+002	7.726438e+001
2.216157e+002	8.257173e+001
2.220703e+002	9.582924e+001
2.218935e+002	8.391117e+001
2.214675e+002	6.205556e+001
2.215067e+002	5.875031e+001
2.216123e+002	5.809489e+001
2.217844e+002	6.008974e+001
2.220728e+002	6.672223e+001
2.222449e+002	6.871687e+001
2.224004e+002	7.004925e+001
2.227054e+002	7.734420e+001
2.230602e+002	8.662652e+001
2.234150e+002	9.590907e+001
2.235373e+002	9.591632e+001
2.233273e+002	8.267333e+001
2.234827e+002	8.400550e+001
2.235718e+002	8.268784e+001
2.235777e+002	7.805745e+001
2.234508e+002	6.812696e+001
2.238222e+002	7.807197e+001
2.242103e+002	8.867942e+001
2.241166e+002	8.007407e+001
2.238900e+002	6.616840e+001
2.241617e+002	7.213844e+001
2.244833e+002	8.009584e+001
2.242401e+002	6.552772e+001
2.240301e+002	5.228472e+001
2.244514e+002	6.421731e+001
2.249557e+002	7.946219e+001
2.251610e+002	8.278217e+001
2.251172e+002	7.616419e+001
2.250567e+002	6.888376e+001
2.250128e+002	6.226600e+001
2.255670e+002	7.949848e+001
2.259052e+002	8.811855e+001
2.257118e+002	7.553802e+001
2.258341e+002	7.554527e+001
2.259896e+002	7.687744e+001
2.261450e+002	7.820984e+001
2.262341e+002	7.689196e+001
2.264228e+002	7.954927e+001
2.264453e+002	7.558156e+001
2.264513e+002	7.095117e+001
2.266732e+002	7.493361e+001
2.270114e+002	8.355348e+001
2.274825e+002	9.747344e+001
2.273722e+002	8.820564e+001
2.274779e+002	8.755021e+001
2.276666e+002	9.020752e+001
2.276559e+002	8.491467e+001
2.281603e+002	1.001598e+002
2.281828e+002	9.619206e+001
2.279728e+002	8.294907e+001
2.279456e+002	7.699356e+001
2.279183e+002	7.103825e+001
2.278080e+002	6.177044e+001
2.280465e+002	6.641512e+001
2.283349e+002	7.304761e+001
2.285070e+002	7.504246e+001
2.287123e+002	7.836222e+001
2.288346e+002	7.836948e+001
2.289070e+002	7.638915e+001
2.287634e+002	6.579620e+001
2.290684e+002	7.309115e+001
2.293402e+002	7.906097e+001
2.292797e+002	7.178053e+001
2.293687e+002	7.046287e+001
2.298066e+002	8.305792e+001
2.301947e+002	9.366538e+001
2.303003e+002	9.300995e+001
2.303229e+002	8.904225e+001
2.302790e+002	8.242427e+001
2.303016e+002	7.845656e+001
2.303906e+002	7.713868e+001
2.308617e+002	9.105886e+001
2.313495e+002	1.056413e+002
2.315382e+002	1.082986e+002
2.315109e+002	1.023433e+002
2.315003e+002	9.705044e+001
2.315062e+002	9.242006e+001
2.313295e+002	8.050221e+001
2.314019e+002	7.852187e+001
2.315906e+002	8.117918e+001
2.317793e+002	8.383648e+001
2.320178e+002	8.848138e+001
2.319905e+002	8.252585e+001
2.320796e+002	8.120820e+001
2.322517e+002	8.320305e+001
2.324071e+002	8.453523e+001
2.322968e+002	7.526742e+001
2.325021e+002	7.858718e+001
2.327074e+002	8.190695e+001
2.330623e+002	9.118948e+001
2.333008e+002	9.583416e+001
2.331905e+002	8.656636e+001
2.331466e+002	7.994838e+001
2.333187e+002	8.194322e+001
2.335240e+002	8.526299e+001
2.337460e+002	8.924543e+001
2.337353e+002	8.395258e+001
2.332429e+002	5.944693e+001
2.329997e+002	4.487881e+001
2.334210e+002	5.681140e+001
2.340914e+002	7.868151e+001
2.345127e+002	9.061388e+001
2.343858e+002	8.068362e+001
2.343419e+002	7.406564e+001
2.344309e+002	7.274798e+001
2.342043e+002	5.884231e+001
2.337285e+002	3.499911e+001
2.337013e+002	2.904382e+001
2.343219e+002	4.892656e+001
2.349425e+002	6.880908e+001
2.350315e+002	6.749142e+001
2.352867e+002	7.279878e+001
2.351265e+002	6.154315e+001
2.353485e+002	6.552560e+001
2.358694e+002	8.143315e+001
2.361744e+002	8.872810e+001
2.361305e+002	8.211012e+001
2.361033e+002	7.615483e+001
2.366574e+002	9.338729e+001
2.368461e+002	9.604460e+001
2.367192e+002	8.611433e+001
2.369245e+002	8.943410e+001
2.373956e+002	1.033541e+002
2.376342e+002	1.079990e+002
2.375571e+002	1.000561e+002
2.372142e+002	8.151297e+001
2.370374e+002	6.959490e+001
2.374088e+002	7.953990e+001
2.379298e+002	9.544746e+001
2.380022e+002	9.346712e+001
2.381079e+002	9.281192e+001
2.380308e+002	8.486903e+001
2.377377e+002	6.831352e+001
2.377271e+002	6.302068e+001
2.380985e+002	7.296568e+001
2.384367e+002	8.158554e+001
2.388248e+002	9.219300e+001
2.389304e+002	9.153780e+001
2.390693e+002	9.220751e+001
2.391251e+002	8.956472e+001
2.392307e+002	8.890952e+001
2.395523e+002	9.686692e+001
2.395251e+002	9.091140e+001
2.391323e+002	7.038094e+001
2.392878e+002	7.171310e+001
