    nm         	pN
0.000000e+000	6.540029e+002
1.042793e-001	6.531209e+002
1.375407e-001	6.487189e+002
8.201355e-002	6.399157e+002
8.712358e-003	6.302316e+002
2.421987e-002	6.249495e+002
4.199426e-003	6.179063e+002
-3.357380e-002	6.099832e+002
-5.359313e-002	6.029401e+002
-3.810465e-002	5.976571e+002
-5.812398e-002	5.906140e+002
-9.589721e-002	5.826909e+002
-1.691794e-001	5.730077e+002
-1.181629e-001	5.694857e+002
-1.026744e-001	5.642026e+002
-5.165801e-002	5.606806e+002
-5.390552e-002	5.545184e+002
-2.066202e-002	5.501155e+002
-4.066343e-002	5.430733e+002
1.035301e-002	5.395512e+002
-9.667436e-003	5.325081e+002
-1.540033e-001	5.193029e+002
-1.740226e-001	5.122598e+002
-1.407612e-001	5.078578e+002
-1.074986e-001	5.034557e+002
-7.423723e-002	4.990536e+002
-9.425656e-002	4.920105e+002
-7.876696e-002	4.867275e+002
-1.165413e-001	4.788044e+002
-1.365606e-001	4.717613e+002
-1.388255e-001	4.655983e+002
-1.588460e-001	4.585551e+002
-2.498826e-001	4.479919e+002
-2.699019e-001	4.409488e+002
-2.188860e-001	4.374267e+002
-2.744322e-001	4.286227e+002
-2.944515e-001	4.215796e+002
-2.079088e-001	4.198185e+002
-2.279287e-001	4.127754e+002
-1.946667e-001	4.083733e+002
-1.969316e-001	4.022103e+002
-1.281607e-001	3.995683e+002
-2.191978e-001	3.890051e+002
-2.037088e-001	3.837220e+002
-8.165716e-002	3.837211e+002
-4.839518e-002	3.793190e+002
-8.616897e-002	3.713959e+002
-1.417157e-001	3.625918e+002
-7.292688e-002	3.599507e+002
-5.743785e-002	3.546677e+002
1.133249e-002	3.520257e+002
9.787578e-002	3.502646e+002
7.785589e-002	3.432215e+002
4.555815e-003	3.335374e+002
2.308308e-003	3.273752e+002
5.332419e-002	3.238532e+002
6.881434e-002	3.185702e+002
1.553571e-001	3.168092e+002
1.353372e-001	3.097660e+002
1.330723e-001	3.036030e+002
1.840882e-001	3.000810e+002
1.640689e-001	2.930379e+002
2.328571e-001	2.903968e+002
1.950839e-001	2.824737e+002
1.572911e-001	2.745496e+002
1.905536e-001	2.701475e+002
9.949794e-002	2.595834e+002
1.150055e-001	2.543012e+002
1.127406e-001	2.481382e+002
1.104931e-001	2.419760e+002
1.437371e-001	2.375731e+002
1.769991e-001	2.331710e+002
1.925061e-001	2.278889e+002
2.079957e-001	2.226059e+002
2.945384e-001	2.208448e+002
2.034827e-001	2.102806e+002
2.189723e-001	2.049976e+002
3.055156e-001	2.032366e+002
3.032502e-001	1.970735e+002
3.010033e-001	1.909114e+002
2.809833e-001	1.838683e+002
3.675087e-001	1.821063e+002
4.007701e-001	1.777043e+002
5.405763e-001	1.785833e+002
6.448734e-001	1.777023e+002
7.136438e-001	1.750603e+002
6.758705e-001	1.671372e+002
6.736051e-001	1.609741e+002
6.003230e-001	1.512909e+002
5.803036e-001	1.442478e+002
5.070024e-001	1.345637e+002
5.402638e-001	1.301616e+002
6.800711e-001	1.310407e+002
7.843671e-001	1.301597e+002
8.176297e-001	1.257576e+002
7.798553e-001	1.178345e+002
9.196615e-001	1.187136e+002
9.884318e-001	1.160716e+002
1.003939e+000	1.107894e+002
1.001675e+000	1.046264e+002
1.123726e+000	1.046254e+002
1.139234e+000	9.934331e+001
1.083687e+000	9.053922e+001
1.170230e+000	8.877817e+001
1.185719e+000	8.349517e+001
1.094682e+000	7.293189e+001
1.127927e+000	6.852893e+001
1.338786e+000	7.292997e+001
1.478591e+000	7.380904e+001
1.618399e+000	7.468812e+001
2.024592e+000	8.877140e+001
2.430787e+000	1.028547e+002
2.464030e+000	9.845173e+001
2.390747e+000	8.876850e+001
2.388483e+000	8.260545e+001
2.386217e+000	7.644239e+001
2.419479e+000	7.204033e+001
2.488267e+000	6.939923e+001
2.432721e+000	6.059515e+001
2.448229e+000	5.531304e+001
2.445963e+000	4.914999e+001
2.550260e+000	4.826897e+001
2.547996e+000	4.210592e+001
2.758838e+000	4.650607e+001
2.845380e+000	4.474500e+001
2.931905e+000	4.298307e+001
3.231555e+000	5.178520e+001
3.495678e+000	5.882637e+001
3.742028e+000	6.498659e+001
3.917361e+000	6.762665e+001
4.074940e+000	6.938666e+001
4.250255e+000	7.202582e+001
4.176972e+000	6.234260e+001
4.121426e+000	5.353851e+001
4.207969e+000	5.177746e+001
4.347775e+000	5.265655e+001
4.434317e+000	5.089548e+001
4.432053e+000	4.473243e+001
4.252207e+000	2.976716e+001
4.125626e+000	1.744203e+001
3.981307e+000	4.237733e+000
4.032324e+000	7.156993e-001
3.976778e+000	-8.088358e+000
4.045566e+000	-1.072946e+001
4.274163e+000	-5.449274e+000
4.413969e+000	-4.570193e+000
4.269650e+000	-1.777449e+001
4.409456e+000	-1.689541e+001
4.638053e+000	-1.161523e+001
4.706841e+000	-1.425633e+001
4.686822e+000	-2.129942e+001
4.649047e+000	-2.922257e+001
4.771100e+000	-2.922353e+001
4.839870e+000	-3.186552e+001
4.553462e+000	-5.211282e+001
4.480179e+000	-6.179605e+001
4.691021e+000	-5.739591e+001
4.813073e+000	-5.739688e+001
4.757545e+000	-6.620006e+001
4.861824e+000	-6.708196e+001
4.983876e+000	-6.708293e+001
5.017138e+000	-7.148500e+001
5.156944e+000	-7.060593e+001
5.083661e+000	-8.028915e+001
5.063642e+000	-8.733225e+001
5.150167e+000	-8.909419e+001
5.361027e+000	-8.469317e+001
5.287725e+000	-9.437729e+001
5.161161e+000	-1.067015e+002
5.265441e+000	-1.075834e+002
5.263194e+000	-1.137456e+002
5.207648e+000	-1.225497e+002
5.276436e+000	-1.251908e+002
5.203135e+000	-1.348749e+002
5.023290e+000	-1.498402e+002
5.092061e+000	-1.524821e+002
5.427219e+000	-1.419199e+002
5.655816e+000	-1.366397e+002
5.653568e+000	-1.428019e+002
5.544759e+000	-1.542461e+002
5.400422e+000	-1.674513e+002
5.575755e+000	-1.648112e+002
5.609017e+000	-1.692133e+002
5.588998e+000	-1.762564e+002
5.853121e+000	-1.692152e+002
5.921891e+000	-1.718572e+002
5.742046e+000	-1.868225e+002
5.775307e+000	-1.912246e+002
5.844079e+000	-1.938665e+002
5.806304e+000	-2.017897e+002
5.821794e+000	-2.070727e+002
5.819546e+000	-2.132349e+002
5.728491e+000	-2.237990e+002
5.903806e+000	-2.211599e+002
6.096893e+000	-2.176398e+002
6.130155e+000	-2.220418e+002
6.039101e+000	-2.326060e+002
6.072362e+000	-2.370081e+002
6.354240e+000	-2.290869e+002
6.423028e+000	-2.317280e+002
6.278691e+000	-2.449332e+002
6.258673e+000	-2.519762e+002
6.185372e+000	-2.616604e+002
6.218634e+000	-2.660624e+002
6.322930e+000	-2.669434e+002
6.285157e+000	-2.748666e+002
6.300647e+000	-2.801496e+002
6.280626e+000	-2.871927e+002
6.278379e+000	-2.933549e+002
6.613537e+000	-2.827926e+002
6.806626e+000	-2.792725e+002
6.928677e+000	-2.792735e+002
6.979692e+000	-2.827955e+002
6.977427e+000	-2.889586e+002
6.957409e+000	-2.960017e+002
7.097215e+000	-2.951226e+002
7.308075e+000	-2.907216e+002
7.376845e+000	-2.933636e+002
7.250263e+000	-3.056887e+002
7.105944e+000	-3.188930e+002
7.050398e+000	-3.276971e+002
7.136941e+000	-3.294581e+002
7.933822e+000	-2.960094e+002
9.227954e+000	-2.379133e+002
9.847254e+000	-2.132668e+002
1.012913e+001	-2.053456e+002
1.005583e+001	-2.150297e+002
1.016013e+001	-2.159107e+002
1.022890e+001	-2.185527e+002
1.035095e+001	-2.185536e+002
1.041972e+001	-2.211956e+002
1.061281e+001	-2.176755e+002
1.059279e+001	-2.247186e+002
1.064382e+001	-2.282398e+002
1.074810e+001	-2.291217e+002
1.090568e+001	-2.273617e+002
1.113428e+001	-2.220815e+002
1.111426e+001	-2.291246e+002
1.109424e+001	-2.361677e+002
1.109199e+001	-2.423299e+002
1.117852e+001	-2.440918e+002
1.131832e+001	-2.432127e+002
1.161797e+001	-2.344106e+002
1.182881e+001	-2.300104e+002
1.172000e+001	-2.414546e+002
1.173549e+001	-2.467376e+002
1.217721e+001	-2.308934e+002
1.274323e+001	-2.088879e+002
1.354011e+001	-1.754392e+002
1.437252e+001	-1.402295e+002
1.524044e+001	-1.032598e+002
1.564662e+001	-8.917736e+001
1.596402e+001	-7.949517e+001
1.606832e+001	-8.037619e+001
1.652777e+001	-6.365276e+001
1.714708e+001	-3.900627e+001
1.719809e+001	-4.252830e+001
1.696497e+001	-6.013459e+001
1.690944e+001	-6.893778e+001
1.697821e+001	-7.157978e+001
1.678061e+001	-8.742508e+001
1.692041e+001	-8.654600e+001
1.748643e+001	-6.454054e+001
1.760849e+001	-6.454151e+001
1.742864e+001	-7.950678e+001
1.758622e+001	-7.774676e+001
1.783257e+001	-7.158654e+001
1.816773e+001	-6.102431e+001
1.839634e+001	-5.574324e+001
1.860718e+001	-5.134309e+001
1.874699e+001	-5.046401e+001
1.844283e+001	-7.159137e+001
1.822747e+001	-8.831674e+001
1.856263e+001	-7.775450e+001
1.880898e+001	-7.159427e+001
1.909086e+001	-6.367307e+001
1.923068e+001	-6.279310e+001
1.938825e+001	-6.103398e+001
1.926168e+001	-7.335824e+001
1.929494e+001	-7.776031e+001
1.920389e+001	-8.832447e+001
1.916610e+001	-9.624850e+001
1.900402e+001	-1.103328e+002
1.907279e+001	-1.129748e+002
1.912381e+001	-1.164969e+002
1.940569e+001	-1.085756e+002
1.958102e+001	-1.059356e+002
1.993393e+001	-9.449332e+001
2.014478e+001	-9.009318e+001
2.008925e+001	-9.889636e+001
2.028233e+001	-9.537626e+001
2.052868e+001	-8.921604e+001
2.068626e+001	-8.745603e+001
2.077279e+001	-8.921797e+001
2.077054e+001	-9.538013e+001
2.103466e+001	-8.833897e+001
2.115672e+001	-8.833993e+001
2.090584e+001	-1.068263e+002
2.081478e+001	-1.173904e+002
2.095459e+001	-1.165114e+002
2.137853e+001	-1.015480e+002
2.187352e+001	-8.306362e+001
2.211989e+001	-7.690251e+001
2.213538e+001	-8.218551e+001
2.195553e+001	-9.715078e+001
2.236172e+001	-8.306749e+001
2.299878e+001	-5.754095e+001
2.347601e+001	-3.993660e+001
2.361582e+001	-3.905753e+001
2.338269e+001	-5.666382e+001
2.341595e+001	-6.106589e+001
2.391094e+001	-4.258149e+001
2.387316e+001	-5.050464e+001
2.397746e+001	-5.138564e+001
2.413502e+001	-4.962652e+001
2.409725e+001	-5.754966e+001
2.405947e+001	-6.547281e+001
2.398617e+001	-7.515692e+001
2.416150e+001	-7.251686e+001
2.440787e+001	-6.635575e+001
2.452993e+001	-6.635671e+001
2.440334e+001	-7.868185e+001
2.463196e+001	-7.340078e+001
2.503815e+001	-5.931748e+001
2.508917e+001	-6.283951e+001
2.537105e+001	-5.491831e+001
2.570620e+001	-4.435608e+001
2.570394e+001	-5.051913e+001
2.541753e+001	-7.076646e+001
2.536200e+001	-7.956964e+001
2.550181e+001	-7.869055e+001
2.542853e+001	-8.837379e+001
2.574591e+001	-7.869249e+001
2.592125e+001	-7.605244e+001
2.614984e+001	-7.077224e+001
2.641396e+001	-6.373109e+001
2.650051e+001	-6.549214e+001
2.660481e+001	-6.637316e+001
2.679789e+001	-6.285306e+001
2.676010e+001	-7.077708e+001
2.684664e+001	-7.253814e+001
2.698645e+001	-7.165906e+001
2.741040e+001	-5.669572e+001
2.771005e+001	-4.789359e+001
2.765450e+001	-5.669766e+001
2.800741e+001	-4.525539e+001
2.811171e+001	-4.613639e+001
2.789636e+001	-6.286176e+001
2.796513e+001	-6.550375e+001
2.849562e+001	-4.525926e+001
2.872424e+001	-3.997818e+001
2.881076e+001	-4.174013e+001
2.857765e+001	-5.934553e+001
2.848660e+001	-6.990968e+001
2.857312e+001	-7.167163e+001
2.865966e+001	-7.343268e+001
2.863965e+001	-8.047579e+001
2.867291e+001	-8.487785e+001
2.911461e+001	-6.903449e+001
2.960959e+001	-5.055008e+001
2.969612e+001	-5.231202e+001
2.944524e+001	-7.079836e+001
2.922988e+001	-8.752371e+001
2.924537e+001	-9.280673e+001
2.950950e+001	-8.576556e+001
2.961379e+001	-8.664658e+001
2.939844e+001	-1.033719e+002
2.930738e+001	-1.139361e+002
2.951823e+001	-1.095359e+002
2.972907e+001	-1.051358e+002
2.988665e+001	-1.033758e+002
3.027507e+001	-9.017343e+001
3.061023e+001	-7.961121e+001
3.064349e+001	-8.401328e+001
3.064122e+001	-9.017634e+001
3.053242e+001	-1.016205e+002
3.045912e+001	-1.113047e+002
3.051013e+001	-1.148267e+002
3.077425e+001	-1.077855e+002
3.134027e+001	-8.578007e+001
3.165768e+001	-7.609788e+001
3.167318e+001	-8.138000e+001
3.149332e+001	-9.634616e+001
3.173969e+001	-9.018504e+001
3.168416e+001	-9.898823e+001
3.159311e+001	-1.095524e+002
3.194602e+001	-9.811011e+001
3.221014e+001	-9.106896e+001
3.188823e+001	-1.130763e+002
3.169063e+001	-1.289217e+002
3.158182e+001	-1.403659e+002
3.172162e+001	-1.394868e+002
3.196797e+001	-1.333266e+002
3.189469e+001	-1.430098e+002
3.212329e+001	-1.377296e+002
3.254724e+001	-1.227663e+002
3.258050e+001	-1.271684e+002
3.256048e+001	-1.342114e+002
3.252270e+001	-1.421346e+002
3.259148e+001	-1.447766e+002
3.258923e+001	-1.509387e+002
3.233835e+001	-1.694251e+002
3.262022e+001	-1.615039e+002
3.313296e+001	-1.421394e+002
3.369898e+001	-1.201340e+002
3.371449e+001	-1.254161e+002
3.369447e+001	-1.324592e+002
3.392307e+001	-1.271790e+002
3.409840e+001	-1.245389e+002
3.379424e+001	-1.456663e+002
3.377422e+001	-1.527094e+002
3.378972e+001	-1.579915e+002
3.376971e+001	-1.650346e+002
3.376744e+001	-1.711976e+002
3.369414e+001	-1.808818e+002
3.395826e+001	-1.738406e+002
3.431120e+001	-1.623974e+002
3.446875e+001	-1.606383e+002
3.437770e+001	-1.712025e+002
3.419785e+001	-1.861677e+002
3.385818e+001	-2.090552e+002
3.415781e+001	-2.002540e+002
3.445746e+001	-1.914518e+002
3.461502e+001	-1.896927e+002
3.473708e+001	-1.896936e+002
3.491241e+001	-1.870536e+002
3.510550e+001	-1.835335e+002
3.524530e+001	-1.826544e+002
3.550943e+001	-1.756133e+002
3.554269e+001	-1.800153e+002
3.530956e+001	-1.976216e+002
3.514747e+001	-2.117069e+002
3.535831e+001	-2.073067e+002
3.580003e+001	-1.914624e+002
3.593984e+001	-1.905834e+002
3.595533e+001	-1.958664e+002
3.602412e+001	-1.985075e+002
3.575547e+001	-2.178747e+002
3.562890e+001	-2.301990e+002
3.582199e+001	-2.266789e+002
3.615715e+001	-2.161167e+002
3.629695e+001	-2.152376e+002
3.615263e+001	-2.284419e+002
3.597277e+001	-2.434080e+002
3.597053e+001	-2.495702e+002
3.635895e+001	-2.363678e+002
3.648100e+001	-2.363688e+002
3.665633e+001	-2.337288e+002
3.686717e+001	-2.293286e+002
3.706026e+001	-2.258085e+002
3.737766e+001	-2.161263e+002
3.744643e+001	-2.187683e+002
3.753298e+001	-2.205294e+002
3.753071e+001	-2.266924e+002
3.738637e+001	-2.398976e+002
3.734860e+001	-2.478207e+002
3.720428e+001	-2.610251e+002
3.748616e+001	-2.531038e+002
3.744839e+001	-2.610270e+002
3.739284e+001	-2.698310e+002
3.760368e+001	-2.654309e+002
3.758368e+001	-2.724731e+002
3.765245e+001	-2.751151e+002
3.773898e+001	-2.768770e+002
3.773673e+001	-2.830392e+002
3.792982e+001	-2.795191e+002
3.785652e+001	-2.892032e+002
3.760564e+001	-3.076896e+002
3.765665e+001	-3.112116e+002
3.818716e+001	-2.909662e+002
3.852230e+001	-2.804049e+002
3.871539e+001	-2.768848e+002
3.851779e+001	-2.927301e+002
3.810709e+001	-3.191386e+002
3.833568e+001	-3.138584e+002
3.890170e+001	-2.918530e+002
3.920135e+001	-2.830508e+002
3.914580e+001	-2.918549e+002
3.891268e+001	-3.094612e+002
3.901697e+001	-3.103422e+002
3.926334e+001	-3.041811e+002
3.959850e+001	-2.936189e+002
3.975606e+001	-2.918597e+002
3.994915e+001	-2.883396e+002
4.042638e+001	-2.707353e+002
4.072601e+001	-2.619340e+002
4.070601e+001	-2.689762e+002
4.075703e+001	-2.724982e+002
4.077252e+001	-2.777813e+002
4.069922e+001	-2.874654e+002
4.082127e+001	-2.874664e+002
4.092556e+001	-2.883474e+002
4.088779e+001	-2.962705e+002
4.111640e+001	-2.909895e+002
4.129172e+001	-2.883503e+002
4.120066e+001	-2.989144e+002
4.105635e+001	-3.121187e+002
4.121391e+001	-3.103596e+002
4.137149e+001	-3.085996e+002
4.112060e+001	-3.270859e+002
4.104730e+001	-3.367701e+002
4.113385e+001	-3.385311e+002
4.130916e+001	-3.358919e+002
4.139570e+001	-3.376530e+002
4.142897e+001	-3.420551e+002
4.169309e+001	-3.350139e+002
4.192169e+001	-3.297337e+002
4.206149e+001	-3.288546e+002
4.209475e+001	-3.332567e+002
4.203923e+001	-3.420599e+002
4.205472e+001	-3.473429e+002
4.246091e+001	-3.332596e+002
4.316900e+001	-3.042120e+002
4.391260e+001	-2.734043e+002
4.428328e+001	-2.610811e+002
4.426327e+001	-2.681242e+002
4.461618e+001	-2.566820e+002
4.491581e+001	-2.478807e+002
4.505561e+001	-2.470016e+002
4.523095e+001	-2.443616e+002
4.553060e+001	-2.355594e+002
4.583023e+001	-2.267582e+002
4.589900e+001	-2.294002e+002
4.573691e+001	-2.434854e+002
4.571691e+001	-2.505276e+002
4.578568e+001	-2.531696e+002
4.601428e+001	-2.478894e+002
4.670461e+001	-2.197219e+002
4.782115e+001	-1.704288e+002
4.851148e+001	-1.422613e+002
4.866906e+001	-1.405012e+002
4.893316e+001	-1.334610e+002
4.896643e+001	-1.378631e+002
4.912400e+001	-1.361030e+002
4.940588e+001	-1.281818e+002
4.986534e+001	-1.114584e+002
5.012946e+001	-1.044173e+002
5.037583e+001	-9.825614e+001
5.037356e+001	-1.044192e+002
5.005165e+001	-1.264266e+002
5.010267e+001	-1.299486e+002
5.038456e+001	-1.220265e+002
5.077298e+001	-1.088242e+002
5.091279e+001	-1.079451e+002
5.087502e+001	-1.158682e+002
5.115689e+001	-1.079470e+002
5.131447e+001	-1.061870e+002
5.173842e+001	-9.122367e+001
5.216237e+001	-7.626034e+001
5.212459e+001	-8.418348e+001
5.198026e+001	-9.738866e+001
5.203128e+001	-1.009107e+002
5.188696e+001	-1.141150e+002
5.177815e+001	-1.255592e+002
5.206002e+001	-1.176380e+002
5.237741e+001	-1.079567e+002
5.232188e+001	-1.167599e+002
5.267480e+001	-1.053176e+002
5.340064e+001	-7.538997e+001
5.352269e+001	-7.539093e+001
5.307648e+001	-1.035595e+002
5.273679e+001	-1.264479e+002
5.300091e+001	-1.194067e+002
5.353142e+001	-9.916132e+001
5.358244e+001	-1.026834e+002
5.368673e+001	-1.035644e+002
5.379102e+001	-1.044463e+002
5.400188e+001	-1.000452e+002
5.435479e+001	-8.860296e+001
5.444131e+001	-9.036490e+001
5.433250e+001	-1.018091e+002
5.449008e+001	-1.000491e+002
5.461213e+001	-1.000501e+002
5.464538e+001	-1.044530e+002
5.464313e+001	-1.106152e+002
5.464086e+001	-1.167783e+002
5.460309e+001	-1.247014e+002
5.488497e+001	-1.167802e+002
5.500702e+001	-1.167812e+002
5.527114e+001	-1.097400e+002
5.546423e+001	-1.062199e+002
5.531989e+001	-1.194251e+002
5.544194e+001	-1.194260e+002
5.581263e+001	-1.071028e+002
5.566829e+001	-1.203080e+002
5.534638e+001	-1.423154e+002
5.536188e+001	-1.475975e+002
5.539513e+001	-1.520005e+002
5.578357e+001	-1.387973e+002
5.622527e+001	-1.229539e+002
5.618750e+001	-1.308770e+002
5.627404e+001	-1.326381e+002
5.653817e+001	-1.255969e+002
5.696211e+001	-1.106336e+002
5.745710e+001	-9.214917e+001
5.786329e+001	-7.806587e+001
5.826947e+001	-6.398347e+001
5.856912e+001	-5.518133e+001
5.876220e+001	-5.166123e+001
5.845804e+001	-7.278859e+001
5.850906e+001	-7.631062e+001
5.873765e+001	-7.103044e+001
5.885970e+001	-7.103141e+001
5.891072e+001	-7.455343e+001
5.901502e+001	-7.543444e+001
5.913707e+001	-7.543541e+001
5.920586e+001	-7.807651e+001
5.923910e+001	-8.247948e+001
5.939668e+001	-8.071947e+001
5.937666e+001	-8.776256e+001
5.925010e+001	-1.000868e+002
5.942541e+001	-9.744765e+001
5.963626e+001	-9.304750e+001
5.954522e+001	-1.036108e+002
5.995140e+001	-8.952837e+001
6.057070e+001	-6.488188e+001
6.063947e+001	-6.752387e+001
6.058394e+001	-7.632706e+001
6.081253e+001	-7.104687e+001
6.134304e+001	-5.080150e+001
6.141182e+001	-5.344348e+001
6.117869e+001	-7.104977e+001
6.122971e+001	-7.457181e+001
6.136953e+001	-7.369184e+001
6.126072e+001	-8.513604e+001
6.140053e+001	-8.425697e+001
6.150482e+001	-8.513797e+001
6.169791e+001	-8.161789e+001
6.174893e+001	-8.513991e+001
6.153356e+001	-1.018662e+002
6.153129e+001	-1.080292e+002
6.144023e+001	-1.185934e+002
6.152678e+001	-1.203544e+002
6.184418e+001	-1.106722e+002
6.210831e+001	-1.036311e+002
6.256776e+001	-8.690766e+001
6.265430e+001	-8.866871e+001
6.266979e+001	-9.395172e+001
6.266755e+001	-1.001139e+002
6.259425e+001	-1.097980e+002
6.282284e+001	-1.045178e+002
6.326457e+001	-8.867355e+001
6.342213e+001	-8.691443e+001
6.320677e+001	-1.036398e+002
6.332882e+001	-1.036408e+002
6.346863e+001	-1.027617e+002
6.360843e+001	-1.018826e+002
6.364170e+001	-1.062847e+002
6.365718e+001	-1.115677e+002
6.377924e+001	-1.115686e+002
6.377699e+001	-1.177308e+002
6.377473e+001	-1.238939e+002
6.416317e+001	-1.106906e+002
6.451608e+001	-9.924835e+001
6.476243e+001	-9.308811e+001
6.468915e+001	-1.027713e+002
6.479344e+001	-1.036524e+002
6.480893e+001	-1.089354e+002
6.468237e+001	-1.212596e+002
6.444924e+001	-1.388659e+002
6.426940e+001	-1.538312e+002
6.437369e+001	-1.547122e+002
6.479765e+001	-1.397488e+002
6.511503e+001	-1.300676e+002
6.521933e+001	-1.309486e+002
6.511052e+001	-1.423928e+002
6.510825e+001	-1.485558e+002
6.523030e+001	-1.485568e+002
6.540564e+001	-1.459167e+002
6.536786e+001	-1.538399e+002
6.518802e+001	-1.688052e+002
6.531007e+001	-1.688061e+002
6.584056e+001	-1.485616e+002
6.630004e+001	-1.318373e+002
6.633330e+001	-1.362394e+002
6.647311e+001	-1.353603e+002
6.641758e+001	-1.441635e+002
6.652186e+001	-1.450454e+002
6.692805e+001	-1.309621e+002
6.669492e+001	-1.485684e+002
6.663939e+001	-1.573716e+002
6.713438e+001	-1.388872e+002
6.727419e+001	-1.380081e+002
6.714762e+001	-1.503324e+002
6.702106e+001	-1.626566e+002
6.707207e+001	-1.661786e+002
6.717635e+001	-1.670605e+002
6.720961e+001	-1.714626e+002
6.729616e+001	-1.732237e+002
6.741821e+001	-1.732246e+002
6.757577e+001	-1.714655e+002
6.787542e+001	-1.626634e+002
6.796195e+001	-1.644253e+002
6.779985e+001	-1.785105e+002
6.776208e+001	-1.864337e+002
6.788413e+001	-1.864346e+002
6.782860e+001	-1.952378e+002
6.789737e+001	-1.978798e+002
6.825029e+001	-1.864375e+002
6.847888e+001	-1.811574e+002
6.851214e+001	-1.855594e+002
6.852765e+001	-1.908416e+002
6.864970e+001	-1.908425e+002
6.878951e+001	-1.899634e+002
6.884053e+001	-1.934855e+002
6.898033e+001	-1.926064e+002
6.887152e+001	-2.040506e+002
6.881599e+001	-2.128538e+002
6.918666e+001	-2.005315e+002
6.941528e+001	-1.952504e+002
6.934198e+001	-2.049345e+002
6.946403e+001	-2.049355e+002
6.942626e+001	-2.128586e+002
6.969038e+001	-2.058175e+002
7.006104e+001	-1.934952e+002
7.030742e+001	-1.873340e+002
7.005653e+001	-2.058204e+002
6.971686e+001	-2.287078e+002
6.978563e+001	-2.313498e+002
6.973008e+001	-2.401539e+002
6.953249e+001	-2.559992e+002
6.988540e+001	-2.445569e+002
7.016727e+001	-2.366357e+002
7.034261e+001	-2.339957e+002
7.035812e+001	-2.392778e+002
7.026706e+001	-2.498419e+002
6.994514e+001	-2.718493e+002
7.004945e+001	-2.727303e+002
7.045562e+001	-2.586479e+002
7.073751e+001	-2.507258e+002
7.128576e+001	-2.296013e+002
7.268645e+001	-1.662231e+002
7.422920e+001	-9.580368e+001
7.518591e+001	-5.443280e+001
7.568089e+001	-3.594840e+001
7.596277e+001	-2.802720e+001
7.588949e+001	-3.771042e+001
7.608257e+001	-3.419032e+001
7.638221e+001	-2.538907e+001
7.677063e+001	-1.218672e+001
7.691045e+001	-1.130675e+001
7.678387e+001	-2.363189e+001
7.674610e+001	-3.155502e+001
7.709901e+001	-2.011275e+001
7.732762e+001	-1.483168e+001
7.752071e+001	-1.131158e+001
7.732309e+001	-2.715779e+001
7.707222e+001	-4.564411e+001
7.726530e+001	-4.212403e+001
7.760045e+001	-3.156179e+001
7.779354e+001	-2.804169e+001
7.768473e+001	-3.948590e+001
7.750489e+001	-5.445117e+001
7.762694e+001	-5.445213e+001
7.808642e+001	-3.772783e+001
7.836829e+001	-2.980663e+001
7.854361e+001	-2.716745e+001
7.839929e+001	-4.037175e+001
7.862788e+001	-3.509157e+001
7.885650e+001	-2.981048e+001
7.915613e+001	-2.100923e+001
7.931371e+001	-1.924923e+001
7.934695e+001	-2.365220e+001
7.969987e+001	-1.220992e+001
7.991073e+001	-7.808895e+000
8.013932e+001	-2.528698e+000
8.038570e+001	3.632406e+000
8.034792e+001	-4.290730e+000
8.015030e+001	-2.013693e+001
8.013028e+001	-2.718002e+001
7.995044e+001	-4.214529e+001
8.001923e+001	-4.478639e+001
8.008799e+001	-4.742838e+001
8.061849e+001	-2.718389e+001
8.123779e+001	-2.537403e+000
8.141312e+001	1.026343e-001
8.125103e+001	-1.398257e+001
8.108894e+001	-2.806781e+001
8.103341e+001	-3.687099e+001
8.122650e+001	-3.335089e+001
8.166820e+001	-1.750751e+001
8.198560e+001	-7.825325e+000
8.200109e+001	-1.310834e+001
8.203436e+001	-1.751041e+001
8.238727e+001	-6.068143e+000
8.240278e+001	-1.135026e+001
8.220516e+001	-2.719647e+001
8.248706e+001	-1.927436e+001
8.246704e+001	-2.631746e+001
8.216288e+001	-4.744482e+001
8.208957e+001	-5.712894e+001
8.269112e+001	-3.336250e+001
8.327490e+001	-1.047698e+001
8.345023e+001	-7.836932e+000
8.369658e+001	-1.676700e+000
8.381863e+001	-1.677667e+000
8.385189e+001	-6.079750e+000
8.411602e+001	9.614035e-001
8.400720e+001	-1.048279e+001
8.400494e+001	-1.664584e+001
8.393166e+001	-2.632907e+001
8.376957e+001	-4.041429e+001
8.424680e+001	-2.280994e+001
8.474178e+001	-4.325537e+000
8.484606e+001	-5.207439e+000
8.487932e+001	-9.609509e+000
8.498362e+001	-1.049052e+001
8.519446e+001	-6.090389e+000
8.536979e+001	-3.450324e+000
8.503012e+001	-2.633778e+001
8.493907e+001	-3.690193e+001
8.523870e+001	-2.810068e+001
8.553835e+001	-1.929854e+001
8.544730e+001	-2.986270e+001
8.558710e+001	-2.898363e+001
8.583347e+001	-2.282251e+001
8.577792e+001	-3.162658e+001
8.607757e+001	-2.282445e+001
8.634170e+001	-1.578328e+001
8.632168e+001	-2.282638e+001
8.644373e+001	-2.282735e+001
8.674336e+001	-1.402610e+001
8.681213e+001	-1.666809e+001
8.682764e+001	-2.195020e+001
8.707401e+001	-1.578908e+001
8.707174e+001	-2.195214e+001
8.682086e+001	-4.043847e+001
8.701395e+001	-3.691837e+001
8.726030e+001	-3.075814e+001
8.752442e+001	-2.371698e+001
8.764648e+001	-2.371794e+001
8.743112e+001	-4.044331e+001
8.746438e+001	-4.484538e+001
8.785280e+001	-3.164303e+001
8.841882e+001	-9.637558e+000
8.870070e+001	-1.716356e+000
8.876949e+001	-4.357455e+000
8.858964e+001	-1.932273e+001
8.848082e+001	-3.076782e+001
8.840753e+001	-4.045103e+001
8.858287e+001	-3.781098e+001
8.875818e+001	-3.517182e+001
8.888023e+001	-3.517278e+001
8.912660e+001	-2.901167e+001
8.924865e+001	-2.901263e+001
8.928191e+001	-3.341472e+001
8.956379e+001	-2.549350e+001
8.941946e+001	-3.869869e+001
8.934617e+001	-4.838192e+001
8.969909e+001	-3.693964e+001
8.969682e+001	-4.310269e+001
9.001423e+001	-3.342052e+001
9.065128e+001	-7.893985e+000
9.084437e+001	-4.373885e+000
9.052246e+001	-2.638129e+001
9.048468e+001	-3.430442e+001
9.112171e+001	-8.778788e+000
9.152791e+001	5.304498e+000
9.188082e+001	1.674677e+001
9.184305e+001	8.823617e+000
9.178752e+001	2.043281e-002
9.196285e+001	2.660497e+000
9.231577e+001	1.410277e+001
9.218918e+001	1.777628e+000
9.197383e+001	-1.494773e+001
9.213139e+001	-1.318860e+001
9.237776e+001	-7.027478e+000
9.235774e+001	-1.407058e+001
9.212462e+001	-3.167687e+001
9.210459e+001	-3.871997e+001
9.247528e+001	-2.639676e+001
9.250852e+001	-3.079972e+001
9.248852e+001	-3.784193e+001
9.285919e+001	-2.551962e+001
9.333642e+001	-7.915264e+000
9.358277e+001	-1.755032e+000
9.365156e+001	-4.396131e+000
9.357826e+001	-1.408025e+001
9.352273e+001	-2.288343e+001
9.359150e+001	-2.552542e+001
9.360699e+001	-3.080843e+001
9.360474e+001	-3.697059e+001
9.365576e+001	-4.049263e+001
9.379556e+001	-3.961355e+001
9.411297e+001	-2.993136e+001
9.450139e+001	-1.672901e+001
9.458793e+001	-1.849006e+001
9.469223e+001	-1.937107e+001
9.481428e+001	-1.937204e+001
9.502512e+001	-1.497189e+001
9.509390e+001	-1.761388e+001
9.521595e+001	-1.761485e+001
9.571093e+001	8.695432e-001
9.579747e+001	-8.915075e-001
9.575968e+001	-8.815530e+000
9.589951e+001	-7.935562e+000
9.573741e+001	-2.202080e+001
9.578843e+001	-2.554282e+001
9.585720e+001	-2.818482e+001
9.628115e+001	-1.322148e+001
9.649199e+001	-8.821333e+000
9.661404e+001	-8.822301e+000
9.671834e+001	-9.703316e+000
9.687592e+001	-7.943301e+000
9.722883e+001	3.498955e+000
9.765278e+001	1.846229e+001
9.779259e+001	1.934137e+001
9.759498e+001	3.496053e+000
9.764600e+001	-2.596754e-002
9.767927e+001	-4.428036e+000
9.762372e+001	-1.323211e+001
9.746163e+001	-2.731734e+001
9.749489e+001	-3.171941e+001
9.795436e+001	-1.499511e+001
9.818296e+001	-9.714909e+000
9.796761e+001	-2.644028e+001
9.808966e+001	-2.644124e+001
9.828275e+001	-2.292114e+001
9.835152e+001	-2.556313e+001
9.849133e+001	-2.468405e+001
9.852459e+001	-2.908613e+001
9.838025e+001	-4.229130e+001
9.862661e+001	-3.613019e+001
9.910384e+001	-1.852583e+001
9.935020e+001	-1.236560e+001
9.959657e+001	-6.204482e+000
9.957655e+001	-1.324758e+001
9.952102e+001	-2.205077e+001
9.950100e+001	-2.909387e+001
9.951651e+001	-3.437599e+001
9.935442e+001	-4.846121e+001
9.931664e+001	-5.638435e+001
9.991817e+001	-3.261879e+001
1.007683e+002	3.470918e+000
1.009259e+002	5.230035e+000
1.006573e+002	-1.413634e+001
1.009214e+002	-7.095170e+000
1.011677e+002	-9.340523e-001
1.015384e+002	1.138825e+001
1.016072e+002	8.746265e+000
1.014451e+002	-5.338942e+000
1.012653e+002	-2.030421e+001
1.011920e+002	-2.998745e+001
1.012785e+002	-3.174939e+001
1.012585e+002	-3.879248e+001
1.011852e+002	-4.847572e+001
1.012540e+002	-5.111770e+001
1.016602e+002	-3.703441e+001
1.018888e+002	-3.175422e+001
1.020108e+002	-3.175519e+001
1.021329e+002	-3.175615e+001
1.022549e+002	-3.175712e+001
1.020928e+002	-4.584235e+001
1.021616e+002	-4.848345e+001
1.026033e+002	-3.264007e+001
1.029207e+002	-2.295789e+001
1.031138e+002	-1.943779e+001
1.031826e+002	-2.207977e+001
1.031270e+002	-3.088385e+001
1.031070e+002	-3.792606e+001
1.033534e+002	-3.176583e+001
1.035109e+002	-3.000582e+001
1.037928e+002	-2.208461e+001
1.041280e+002	-1.152239e+001
1.044454e+002	-1.841089e+000
1.044609e+002	-7.123207e+000
1.041745e+002	-2.737053e+001
1.042077e+002	-3.177259e+001
1.043475e+002	-3.089351e+001
1.046472e+002	-2.209138e+001
1.048936e+002	-1.593026e+001
1.047315e+002	-3.001549e+001
1.048357e+002	-3.089739e+001
1.049223e+002	-3.265845e+001
1.047957e+002	-4.498268e+001
1.047935e+002	-5.114574e+001
1.050398e+002	-4.498462e+001
1.057124e+002	-1.769801e+001
1.058700e+002	-1.593800e+001
1.059920e+002	-1.593897e+001
1.060430e+002	-1.946100e+001
1.063071e+002	-1.242072e+001
1.064470e+002	-1.154076e+001
1.064980e+002	-1.506279e+001
1.066911e+002	-1.154269e+001
1.066178e+002	-2.122681e+001
1.062248e+002	-4.675528e+001
1.061515e+002	-5.643850e+001
1.061848e+002	-6.084146e+001
1.064134e+002	-5.556040e+001
1.067486e+002	-4.499816e+001
1.071547e+002	-3.091576e+001
1.071702e+002	-3.619788e+001
1.069371e+002	-5.380417e+001
1.069704e+002	-5.820625e+001
1.071102e+002	-5.732717e+001
1.073388e+002	-5.204610e+001
1.078515e+002	-3.268165e+001
1.082932e+002	-1.683828e+001
1.084331e+002	-1.595831e+001
1.086617e+002	-1.067813e+001
1.091034e+002	5.165244e+000
1.090123e+002	-5.398897e+000
1.091344e+002	-5.399865e+000
1.089545e+002	-2.036513e+001
1.089700e+002	-2.564725e+001
1.092696e+002	-1.684600e+001
1.093029e+002	-2.124808e+001
1.093895e+002	-2.300914e+001
1.095115e+002	-2.301010e+001
1.097046e+002	-1.949000e+001
1.101285e+002	-4.526668e+000
1.101618e+002	-8.929637e+000
1.101595e+002	-1.509180e+001
1.100330e+002	-2.741694e+001
1.098886e+002	-4.062123e+001
1.101705e+002	-3.270003e+001
1.103459e+002	-3.005998e+001
1.104146e+002	-3.270196e+001
1.103768e+002	-4.062510e+001
1.106232e+002	-3.446398e+001
1.108696e+002	-2.830375e+001
1.110449e+002	-2.566370e+001
1.113623e+002	-1.598151e+001
1.116264e+002	-8.941244e+000
1.116774e+002	-1.246328e+001
1.114798e+002	-2.830858e+001
1.116907e+002	-2.390845e+001
1.120614e+002	-1.158524e+001
1.120236e+002	-1.950838e+001
1.120746e+002	-2.303041e+001
1.124630e+002	-9.828049e+000
1.130113e+002	1.129736e+001
1.132221e+002	1.569749e+001
1.134330e+002	2.009764e+001
1.134307e+002	1.393548e+001
1.131088e+002	-8.071916e+000
1.127336e+002	-3.272032e+001
1.129444e+002	-2.832019e+001
1.131020e+002	-2.656017e+001
1.129399e+002	-4.064541e+001
1.133284e+002	-2.744304e+001
1.135037e+002	-2.480299e+001
1.132173e+002	-4.504941e+001
1.132505e+002	-4.945238e+001
1.135324e+002	-4.153028e+001
1.136545e+002	-4.153125e+001
1.137943e+002	-4.065218e+001
1.142538e+002	-2.392875e+001
1.144113e+002	-2.216874e+001
1.143913e+002	-2.921183e+001
1.143890e+002	-3.537488e+001
1.146177e+002	-3.009381e+001
1.148818e+002	-2.305265e+001
1.151281e+002	-1.689243e+001
1.152147e+002	-1.865348e+001
1.153545e+002	-1.777440e+001
1.154233e+002	-2.041638e+001
1.151901e+002	-3.802179e+001
1.151168e+002	-4.770591e+001
1.153277e+002	-4.330577e+001
1.156273e+002	-3.450362e+001
1.161756e+002	-1.337910e+001
1.167238e+002	7.746307e+000
1.169524e+002	1.302650e+001
1.168259e+002	7.022521e-001
1.163796e+002	-2.746722e+001
1.164484e+002	-3.010832e+001
1.169256e+002	-1.250486e+001
1.172253e+002	-3.702719e+000
1.172408e+002	-8.985723e+000
1.173273e+002	-1.074677e+001
1.175559e+002	-5.466591e+000
1.178378e+002	2.455484e+000
1.181907e+002	1.389777e+001
1.180286e+002	-1.874553e-001
1.177778e+002	-1.867378e+001
1.179886e+002	-1.427364e+001
1.184126e+002	6.896780e-001
1.188898e+002	1.829403e+001
1.186389e+002	-1.922915e-001
1.181394e+002	-3.100279e+001
1.181727e+002	-3.540487e+001
1.181171e+002	-4.420805e+001
1.181149e+002	-5.037111e+001
1.184145e+002	-4.156897e+001
1.185898e+002	-3.892980e+001
1.187652e+002	-3.628974e+001
1.189938e+002	-3.100956e+001
1.191158e+002	-3.101052e+001
1.193444e+002	-2.572945e+001
1.193954e+002	-2.925149e+001
1.197483e+002	-1.780921e+001
1.201368e+002	-4.605968e+000
1.201168e+002	-1.164905e+001
1.201323e+002	-1.693207e+001
1.199702e+002	-3.101729e+001
1.197193e+002	-4.950363e+001
1.197525e+002	-5.390570e+001
1.202298e+002	-3.630135e+001
1.203874e+002	-3.454134e+001
1.202963e+002	-4.510550e+001
1.205427e+002	-3.894527e+001
1.207535e+002	-3.454425e+001
1.207690e+002	-3.982725e+001
1.210331e+002	-3.278608e+001
1.210664e+002	-3.718817e+001
1.210819e+002	-4.247117e+001
1.211329e+002	-4.599320e+001
1.213260e+002	-4.247310e+001
1.215368e+002	-3.807207e+001
1.217299e+002	-3.455198e+001
1.219940e+002	-2.751170e+001
1.220628e+002	-3.015280e+001
1.221671e+002	-3.103470e+001
1.224490e+002	-2.311260e+001
1.226243e+002	-2.047344e+001
1.225155e+002	-3.191764e+001
1.222646e+002	-5.040398e+001
1.225287e+002	-4.336281e+001
1.230060e+002	-2.575846e+001
1.232346e+002	-2.047827e+001
1.231790e+002	-2.928146e+001
1.233011e+002	-2.928243e+001
1.237428e+002	-1.343904e+001
1.238648e+002	-1.344001e+001
1.237738e+002	-2.400418e+001
1.242865e+002	-4.638840e+000
1.246217e+002	5.923367e+000
1.243175e+002	-1.520398e+001
1.243686e+002	-1.872600e+001
1.247215e+002	-7.283727e+000
1.249678e+002	-1.122609e+000
1.249123e+002	-9.926680e+000
1.247680e+002	-2.313098e+001
1.249788e+002	-1.873083e+001
1.254205e+002	-2.887462e+000
1.255958e+002	-2.474104e-001
1.254870e+002	-1.169161e+001
1.253605e+002	-2.401675e+001
1.255891e+002	-1.873567e+001
1.258887e+002	-9.934418e+000
1.261706e+002	-2.013217e+000
1.261506e+002	-9.056317e+000
1.263792e+002	-3.775234e+000
1.265723e+002	-2.551348e-001
1.265700e+002	-6.418188e+000
1.267098e+002	-5.539120e+000
1.269562e+002	6.219850e-001
1.267231e+002	-1.698429e+001
1.267030e+002	-2.402738e+001
1.270559e+002	-1.258511e+001
1.272135e+002	-1.082511e+001
1.270692e+002	-2.403028e+001
1.271024e+002	-2.843236e+001
1.273311e+002	-2.315129e+001
1.275597e+002	-1.787110e+001
1.277705e+002	-1.347096e+001
1.279458e+002	-1.083091e+001
1.279968e+002	-1.435293e+001
1.281011e+002	-1.523395e+001
1.285073e+002	-1.150659e+000
1.287537e+002	5.009559e+000
1.283785e+002	-1.963796e+001
1.280566e+002	-4.164535e+001
1.285338e+002	-2.404189e+001
1.290110e+002	-6.437532e+000
1.291864e+002	-3.797481e+000
1.293262e+002	-2.918400e+000
1.293772e+002	-6.440434e+000
1.296768e+002	2.361689e+000
1.296746e+002	-3.801350e+000
1.297433e+002	-6.443335e+000
1.297056e+002	-1.436647e+001
1.296855e+002	-2.140957e+001
1.300917e+002	-7.326272e+000
1.302316e+002	-6.447204e+000
1.303891e+002	-4.687188e+000
1.305644e+002	-2.048024e+000
1.304912e+002	-1.173126e+001
1.303291e+002	-2.581648e+001
1.303268e+002	-3.197953e+001
1.306087e+002	-2.405833e+001
1.307663e+002	-2.229831e+001
1.308350e+002	-2.494030e+001
1.310636e+002	-1.965923e+001
1.310614e+002	-2.582228e+001
1.310769e+002	-3.110529e+001
1.312167e+002	-3.022533e+001
1.312322e+002	-3.550834e+001
1.313187e+002	-3.726939e+001
1.313875e+002	-3.991137e+001
1.313675e+002	-4.695447e+001
1.315073e+002	-4.607539e+001
1.317004e+002	-4.255529e+001
1.321421e+002	-2.671103e+001
1.324950e+002	-1.526875e+001
1.326171e+002	-1.526972e+001
1.328812e+002	-8.228567e+000
1.333762e+002	1.025582e+001
1.334094e+002	5.853753e+000
1.332828e+002	-6.471372e+000
1.336180e+002	4.090835e+000
1.337401e+002	4.089867e+000
1.336490e+002	-6.474273e+000
1.337888e+002	-5.595206e+000
1.341595e+002	6.727984e+000
1.343170e+002	8.487114e+000
1.344036e+002	6.726050e+000
1.341882e+002	-1.000018e+001
1.339196e+002	-2.936655e+001
1.339706e+002	-3.288858e+001
1.340571e+002	-3.464965e+001
1.342325e+002	-3.201048e+001
1.344788e+002	-2.584936e+001
1.347962e+002	-1.616718e+001
1.351314e+002	-5.605832e+000
1.353067e+002	-2.965781e+000
1.352689e+002	-1.088893e+001
1.350181e+002	-2.937525e+001
1.350336e+002	-3.465738e+001
1.354575e+002	-1.969404e+001
1.359880e+002	5.504366e-001
1.359857e+002	-5.612602e+000
1.355928e+002	-3.114107e+001
1.356083e+002	-3.642319e+001
1.360145e+002	-2.233990e+001
1.364029e+002	-9.137538e+000
1.365960e+002	-5.617439e+000
1.366115e+002	-1.089956e+001
1.363606e+002	-2.938589e+001
1.362518e+002	-4.083010e+001
1.365337e+002	-3.290889e+001
1.367268e+002	-2.938879e+001
1.369021e+002	-2.674874e+001
1.371307e+002	-2.146856e+001
1.371107e+002	-2.851165e+001
1.373748e+002	-2.147050e+001
1.373193e+002	-3.027368e+001
1.374236e+002	-3.115557e+001
1.377410e+002	-2.147340e+001
1.378275e+002	-2.323445e+001
1.377720e+002	-3.203852e+001
1.380538e+002	-2.411732e+001
1.384067e+002	-1.267505e+001
1.390261e+002	1.197143e+001
1.390771e+002	8.449392e+000
1.388617e+002	-8.275948e+000
1.388772e+002	-1.355895e+001
1.387861e+002	-2.412312e+001
1.387306e+002	-3.292630e+001
1.388172e+002	-3.468735e+001
1.388859e+002	-3.732934e+001
1.390790e+002	-3.380924e+001
1.391478e+002	-3.645123e+001
1.393054e+002	-3.469123e+001
1.394984e+002	-3.117201e+001
1.397093e+002	-2.677098e+001
1.396715e+002	-3.469413e+001
1.398468e+002	-3.205496e+001
1.402708e+002	-1.709163e+001
1.405527e+002	-9.170411e+000
1.407990e+002	-3.009293e+000
1.407968e+002	-9.172345e+000
1.408478e+002	-1.269438e+001
1.409521e+002	-1.357540e+001
1.410209e+002	-1.621649e+001
1.410896e+002	-1.885848e+001
1.412650e+002	-1.621843e+001
1.414758e+002	-1.181828e+001
1.413315e+002	-2.502347e+001
1.410806e+002	-4.350980e+001
1.414158e+002	-3.294757e+001
1.417509e+002	-2.238535e+001
1.419085e+002	-2.062622e+001
1.422969e+002	-7.422982e+000
1.421881e+002	-1.886719e+001
1.421326e+002	-2.767126e+001
1.422013e+002	-3.031236e+001
1.423234e+002	-3.031332e+001
1.426230e+002	-2.151207e+001
1.427273e+002	-2.239309e+001
1.430802e+002	-1.095081e+001
1.432556e+002	-8.310755e+000
1.430580e+002	-2.415696e+001
1.430557e+002	-3.031913e+001
1.433731e+002	-2.063783e+001
1.434064e+002	-2.503991e+001
1.438303e+002	-1.007657e+001
1.440412e+002	-5.676426e+000
1.441810e+002	-4.796459e+000
1.444273e+002	1.363759e+000
1.442297e+002	-1.448155e+001
1.438901e+002	-3.736898e+001
1.439766e+002	-3.913093e+001
1.442407e+002	-3.208977e+001
1.445936e+002	-2.064750e+001
1.448045e+002	-1.624646e+001
1.449443e+002	-1.536740e+001
1.452084e+002	-8.326230e+000
1.454548e+002	-2.165999e+000
1.456123e+002	-4.059964e-001
1.455568e+002	-9.210068e+000
1.456256e+002	-1.185117e+001
1.457831e+002	-1.009204e+001
1.459585e+002	-7.451986e+000
1.460983e+002	-6.572905e+000
1.458651e+002	-2.417921e+001
1.459339e+002	-2.682030e+001
1.461625e+002	-2.154011e+001
1.462846e+002	-2.154108e+001
1.463534e+002	-2.418306e+001
1.462090e+002	-3.738736e+001
1.461002e+002	-4.883156e+001
1.464886e+002	-3.562921e+001
1.468771e+002	-2.242596e+001
1.473366e+002	-5.702542e+000
1.473698e+002	-1.010461e+001
1.474208e+002	-1.362664e+001
1.476139e+002	-1.010655e+001
1.475406e+002	-1.978978e+001
1.478758e+002	-9.228431e+000
1.481577e+002	-1.306343e+000
1.480844e+002	-1.099046e+001
1.480466e+002	-1.891360e+001
1.480621e+002	-2.419660e+001
1.480776e+002	-2.947872e+001
1.483417e+002	-2.243757e+001
1.486769e+002	-1.187533e+001
1.488700e+002	-8.355234e+000
1.490630e+002	-4.835148e+000
1.492384e+002	-2.195970e+000
1.494314e+002	1.324103e+000
1.497133e+002	9.245318e+000
1.496578e+002	4.421333e-001
1.493536e+002	-2.068521e+001
1.493869e+002	-2.508729e+001
1.496155e+002	-1.980621e+001
1.500217e+002	-5.723808e+000
1.500727e+002	-9.245842e+000
1.503901e+002	4.363299e-001
1.504411e+002	-3.085691e+000
1.503856e+002	-1.188888e+001
1.504544e+002	-1.453086e+001
1.506830e+002	-9.250677e+000
1.506274e+002	-1.805386e+001
1.503055e+002	-4.006125e+001
1.503388e+002	-4.446334e+001
1.509048e+002	-2.245787e+001
1.512222e+002	-1.277658e+001
1.511311e+002	-2.333985e+001
1.510934e+002	-3.126387e+001
1.512687e+002	-2.862382e+001
1.516216e+002	-1.718155e+001
1.517792e+002	-1.542155e+001
1.518657e+002	-1.718349e+001
1.518102e+002	-2.598667e+001
1.518079e+002	-3.214972e+001
1.521608e+002	-2.070745e+001
1.525670e+002	-6.624154e+000
1.526358e+002	-9.266154e+000
1.528467e+002	-4.865119e+000
1.530397e+002	-1.345019e+000
1.531263e+002	-3.106970e+000
1.532661e+002	-2.227889e+000
1.531217e+002	-1.543217e+001
1.528709e+002	-3.391851e+001
1.529929e+002	-3.391948e+001
1.531505e+002	-3.216036e+001
1.533791e+002	-2.687928e+001
1.535189e+002	-2.600021e+001
1.536054e+002	-2.776215e+001
1.535321e+002	-3.744538e+001
1.533878e+002	-5.065056e+001
1.535454e+002	-4.889055e+001
1.540404e+002	-3.040615e+001
1.544288e+002	-1.720380e+001
1.546219e+002	-1.368370e+001
1.547439e+002	-1.368467e+001
1.547949e+002	-1.720670e+001
1.549880e+002	-1.368660e+001
1.550390e+002	-1.720863e+001
1.549658e+002	-2.689185e+001
1.551589e+002	-2.337175e+001
1.554052e+002	-1.721152e+001
1.555095e+002	-1.809254e+001
1.552941e+002	-3.481789e+001
1.551676e+002	-4.714303e+001
1.551653e+002	-5.330608e+001
1.556603e+002	-3.482079e+001
1.560310e+002	-2.249849e+001
1.560997e+002	-2.514047e+001
1.561330e+002	-2.954255e+001
1.559709e+002	-4.362776e+001
1.562706e+002	-3.482563e+001
1.565347e+002	-2.778536e+001
1.567100e+002	-2.514531e+001
1.569919e+002	-1.722410e+001
1.572205e+002	-1.194303e+001
1.573070e+002	-1.370496e+001
1.573758e+002	-1.634606e+001
1.577465e+002	-4.023760e+000
1.577442e+002	-1.018680e+001
1.578663e+002	-1.018777e+001
1.576509e+002	-2.691313e+001
1.575243e+002	-3.923827e+001
1.577707e+002	-3.307715e+001
1.582124e+002	-1.723377e+001
1.586008e+002	-4.030517e+000
1.586696e+002	-6.672516e+000
1.584010e+002	-2.603889e+001
1.583810e+002	-3.308199e+001
1.586984e+002	-2.339980e+001
1.588559e+002	-2.164067e+001
1.592621e+002	-7.557387e+000
1.595262e+002	-5.162207e-001
1.591688e+002	-2.428461e+001
1.591310e+002	-3.220774e+001
1.593774e+002	-2.604662e+001
1.597125e+002	-1.548439e+001
1.600122e+002	-6.683142e+000
1.603829e+002	5.640048e+000
1.607002e+002	1.532133e+001
1.606270e+002	5.638113e+000
1.608911e+002	1.267838e+001
1.608533e+002	4.755244e+000
1.607622e+002	-5.808911e+000
1.607245e+002	-1.373205e+001
1.607400e+002	-1.901416e+001
1.607732e+002	-2.341625e+001
1.607710e+002	-2.957929e+001
1.607509e+002	-3.662239e+001
1.607842e+002	-4.102447e+001
1.610306e+002	-3.486335e+001
1.610638e+002	-3.926631e+001
1.611148e+002	-4.278834e+001
1.613790e+002	-3.574718e+001
1.613767e+002	-4.190934e+001
1.612857e+002	-5.247351e+001
1.615498e+002	-4.543234e+001
1.621158e+002	-2.342687e+001
1.621135e+002	-2.958992e+001
1.622178e+002	-3.047094e+001
1.627483e+002	-1.022646e+001
1.631368e+002	2.976783e+000
1.628326e+002	-1.815056e+001
1.626350e+002	-3.399588e+001
1.626860e+002	-3.751790e+001
1.630744e+002	-2.431555e+001
1.633386e+002	-1.727438e+001
1.634429e+002	-1.815540e+001
1.630677e+002	-4.280382e+001
1.629589e+002	-5.424802e+001
1.634361e+002	-3.664367e+001
1.636292e+002	-3.312357e+001
1.636092e+002	-4.016665e+001
1.637135e+002	-4.104767e+001
1.640308e+002	-3.136637e+001
1.642062e+002	-2.872632e+001
1.644703e+002	-2.168517e+001
1.645568e+002	-2.344622e+001
1.644658e+002	-3.401037e+001
1.643392e+002	-4.633551e+001
1.645145e+002	-4.369546e+001
1.648497e+002	-3.313324e+001
1.652204e+002	-2.081092e+001
1.653247e+002	-2.169192e+001
1.657486e+002	-6.728589e+000
1.659772e+002	-1.447519e+000
1.658684e+002	-1.289261e+001
1.658484e+002	-1.993482e+001
1.660237e+002	-1.729566e+001
1.662345e+002	-1.289551e+001
1.664099e+002	-1.025546e+001
1.663899e+002	-1.729856e+001
1.662278e+002	-3.138378e+001
1.666872e+002	-1.465948e+001
1.667205e+002	-1.906155e+001
1.666650e+002	-2.786562e+001
1.665029e+002	-4.194995e+001
1.664651e+002	-4.987399e+001
1.665161e+002	-5.339602e+001
1.669223e+002	-3.931272e+001
1.673285e+002	-2.522943e+001
1.676281e+002	-1.642730e+001
1.677857e+002	-1.466817e+001
1.675526e+002	-3.227447e+001
1.674260e+002	-4.459871e+001
1.676724e+002	-3.843759e+001
1.681141e+002	-2.259422e+001
1.685558e+002	-6.750835e+000
1.688909e+002	3.811371e+000
1.688532e+002	-4.111751e+000
1.689397e+002	-5.873689e+000
1.688842e+002	-1.467687e+001
1.690062e+002	-1.467784e+001
1.691283e+002	-1.467881e+001
1.693924e+002	-7.637654e+000
1.694257e+002	-1.203972e+001
1.693168e+002	-2.348393e+001
1.695987e+002	-1.556272e+001
1.700049e+002	-1.479438e+000
1.703401e+002	9.081896e+000
1.701425e+002	-6.763409e+000
1.700337e+002	-1.820761e+001
1.698893e+002	-3.141280e+001
1.702600e+002	-1.908959e+001
1.702933e+002	-2.349166e+001
1.702555e+002	-3.141570e+001
1.706084e+002	-1.997253e+001
1.709258e+002	-1.029125e+001
1.711899e+002	-3.250080e+000
1.715251e+002	7.312140e+000
1.718070e+002	1.523334e+001
1.714850e+002	-6.774049e+000
1.716071e+002	-6.775016e+000
1.717114e+002	-7.656018e+000
1.716736e+002	-1.557917e+001
1.716181e+002	-2.438324e+001
1.717401e+002	-2.438421e+001
1.716846e+002	-3.318739e+001
1.716291e+002	-4.199057e+001
1.716623e+002	-4.639353e+001
1.718732e+002	-4.199251e+001
1.723149e+002	-2.614913e+001
1.726678e+002	-1.470686e+001
1.726655e+002	-2.086991e+001
1.726455e+002	-2.791300e+001
1.728741e+002	-2.263193e+001
1.732803e+002	-8.548641e+000
1.732248e+002	-1.735271e+001
1.732403e+002	-2.263483e+001
1.731137e+002	-3.495908e+001
1.728273e+002	-5.520639e+001
1.729849e+002	-5.344727e+001
1.737995e+002	-1.911763e+001
1.742412e+002	-3.274248e+000
1.742567e+002	-8.556379e+000
1.740769e+002	-2.352165e+001
1.742877e+002	-1.912150e+001
1.746584e+002	-6.799184e+000
1.747804e+002	-6.800151e+000
1.747427e+002	-1.472329e+001
1.746516e+002	-2.528745e+001
1.746493e+002	-3.145051e+001
1.745938e+002	-4.025369e+001
1.746448e+002	-4.377573e+001
1.749800e+002	-3.321349e+001
1.754395e+002	-1.648919e+001
1.757924e+002	-5.046905e+000
1.757546e+002	-1.297094e+001
1.756635e+002	-2.353421e+001
1.755192e+002	-3.673940e+001
1.758188e+002	-2.793814e+001
1.765980e+002	4.630497e+000
1.768088e+002	9.030646e+000
1.768421e+002	4.628563e+000
1.768221e+002	-2.414511e+000
1.768553e+002	-6.816594e+000
1.770662e+002	-2.416446e+000
1.771704e+002	-3.297461e+000
1.770439e+002	-1.562171e+001
1.768640e+002	-3.058698e+001
1.769328e+002	-3.322897e+001
1.768418e+002	-4.379312e+001
1.767685e+002	-5.347724e+001
1.769260e+002	-5.171724e+001
1.770126e+002	-5.347918e+001
1.772589e+002	-4.731806e+001
1.775763e+002	-3.763587e+001
1.781601e+002	-1.475037e+001
1.784420e+002	-6.829168e+000
1.781734e+002	-2.619554e+001
1.780468e+002	-3.851979e+001
1.783997e+002	-2.707752e+001
1.786105e+002	-2.267737e+001
1.789457e+002	-1.211515e+001
1.790855e+002	-1.123607e+001
1.791010e+002	-1.651819e+001
1.793119e+002	-1.211806e+001
1.798423e+002	8.126430e+000
1.801775e+002	1.868865e+001
1.803884e+002	2.308880e+001
1.802973e+002	1.252463e+001
1.804549e+002	1.428465e+001
1.807190e+002	2.132580e+001
1.805569e+002	7.240578e+000
1.803238e+002	-1.036570e+001
1.802327e+002	-2.092987e+001
1.802127e+002	-2.797295e+001
1.801572e+002	-3.677614e+001
1.802082e+002	-4.029817e+001
1.803480e+002	-3.941909e+001
1.807542e+002	-2.533580e+001
1.809650e+002	-2.093565e+001
1.808562e+002	-3.237987e+001
1.808362e+002	-3.942296e+001
1.809050e+002	-4.206406e+001
1.812579e+002	-3.062179e+001
1.814155e+002	-2.886267e+001
1.814132e+002	-3.502484e+001
1.817128e+002	-2.622359e+001
1.818527e+002	-2.534451e+001
1.817261e+002	-3.766876e+001
1.818836e+002	-3.590963e+001
1.823254e+002	-2.006536e+001
1.825362e+002	-1.566522e+001
1.827826e+002	-9.504993e+000
1.830467e+002	-2.463827e+000
1.831510e+002	-3.344842e+000
1.832908e+002	-2.465761e+000
1.834484e+002	-7.057583e-001
1.834461e+002	-6.868811e+000
1.834794e+002	-1.127088e+001
1.834771e+002	-1.743393e+001
1.834216e+002	-2.623712e+001
1.835081e+002	-2.799907e+001
1.839498e+002	-1.215480e+001
1.841784e+002	-6.874614e+000
1.841406e+002	-1.479775e+001
1.842272e+002	-1.655880e+001
1.845268e+002	-7.757551e+000
1.844180e+002	-1.920175e+001
1.846644e+002	-1.304154e+001
1.850173e+002	-1.598367e+000
1.851749e+002	1.607355e-001
1.853324e+002	1.920752e+000
1.852058e+002	-1.040437e+001
1.851858e+002	-1.744747e+001
1.853079e+002	-1.744844e+001
1.852701e+002	-2.537158e+001
1.855698e+002	-1.656944e+001
1.858871e+002	-6.888142e+000
1.855297e+002	-3.065563e+001
1.853854e+002	-4.386081e+001
1.858804e+002	-2.537641e+001
1.863576e+002	-7.772060e+000
1.861600e+002	-2.361738e+001
1.858381e+002	-4.562477e+001
1.860667e+002	-4.034459e+001
1.861710e+002	-4.122560e+001
1.862930e+002	-4.122657e+001
1.866459e+002	-2.978430e+001
1.868923e+002	-2.362318e+001
1.866592e+002	-4.122947e+001
1.867990e+002	-4.035039e+001
1.871164e+002	-3.066820e+001
1.874160e+002	-2.186695e+001
1.875736e+002	-2.010695e+001
1.878199e+002	-1.394672e+001
1.879598e+002	-1.306764e+001
1.878687e+002	-2.363091e+001
1.881151e+002	-1.747069e+001
1.881661e+002	-2.099271e+001
1.879862e+002	-3.595798e+001
1.880195e+002	-4.036006e+001
1.884079e+002	-2.715681e+001
1.886188e+002	-2.275667e+001
1.887763e+002	-2.099754e+001
1.893069e+002	-7.521720e-001
1.897486e+002	1.509120e+001
1.896042e+002	1.886899e+000
1.891935e+002	-2.452248e+001
1.892623e+002	-2.716358e+001
1.895087e+002	-2.100335e+001
1.896840e+002	-1.836330e+001
1.893976e+002	-3.860972e+001
1.893065e+002	-4.917388e+001
1.897127e+002	-3.509058e+001
1.900656e+002	-2.364832e+001
1.900456e+002	-3.069142e+001
1.900256e+002	-3.773450e+001
1.904673e+002	-2.189113e+001
1.907492e+002	-1.396992e+001
1.908180e+002	-1.661102e+001
1.908157e+002	-2.277407e+001
1.908135e+002	-2.893712e+001
1.909710e+002	-2.717712e+001
1.911641e+002	-2.365702e+001
1.911618e+002	-2.982007e+001
1.909642e+002	-4.566539e+001
1.911041e+002	-4.478631e+001
1.915635e+002	-2.806288e+001
1.918276e+002	-2.102173e+001
1.919852e+002	-1.926171e+001
1.922138e+002	-1.398153e+001
1.921050e+002	-2.542573e+001
1.921738e+002	-2.806771e+001
1.925977e+002	-1.310438e+001
1.930039e+002	9.788944e-001
1.930549e+002	-2.543126e+000
1.929994e+002	-1.134631e+001
1.930859e+002	-1.310825e+001
1.934921e+002	9.750254e-001
1.938095e+002	1.065721e+001
1.938428e+002	6.255128e+000
1.938405e+002	9.207529e-002
1.938915e+002	-3.429932e+000
1.936762e+002	-2.015530e+001
1.936384e+002	-2.807932e+001
1.936894e+002	-3.160136e+001
1.939358e+002	-2.544024e+001
1.938092e+002	-3.776449e+001
1.939135e+002	-3.864549e+001
1.940711e+002	-3.688638e+001
1.940511e+002	-4.392947e+001
1.941021e+002	-4.745151e+001
1.942064e+002	-4.833251e+001
1.943284e+002	-4.833348e+001
1.945925e+002	-4.129233e+001
1.950342e+002	-2.544894e+001
1.954937e+002	-8.724623e+000
1.954204e+002	-1.840874e+001
1.956135e+002	-1.488864e+001
1.956823e+002	-1.753063e+001
1.957511e+002	-2.017173e+001
1.957133e+002	-2.809576e+001
1.957110e+002	-3.425793e+001
1.955667e+002	-4.746310e+001
1.951560e+002	-7.387161e+001
1.954556e+002	-6.507036e+001
1.959684e+002	-4.570503e+001
1.965522e+002	-2.281952e+001
1.968340e+002	-1.489832e+001
1.969738e+002	-1.401923e+001
1.973800e+002	6.403894e-002
1.976086e+002	5.345108e+000
1.974110e+002	-1.050108e+001
1.970891e+002	-3.250847e+001
1.972112e+002	-3.250944e+001
1.974575e+002	-2.634832e+001
1.976329e+002	-2.370827e+001
1.975063e+002	-3.603341e+001
1.975751e+002	-3.867451e+001
1.979280e+002	-2.723224e+001
1.981388e+002	-2.283209e+001
1.985450e+002	-8.748805e+000
1.986848e+002	-7.869723e+000
1.987891e+002	-8.750739e+000
1.987336e+002	-1.755481e+001
1.983229e+002	-4.396332e+001
1.982851e+002	-5.188645e+001
1.986202e+002	-4.132423e+001
1.989199e+002	-3.252298e+001
1.991307e+002	-2.812283e+001
1.995014e+002	-1.579963e+001
1.995702e+002	-1.844163e+001
1.995857e+002	-2.372375e+001
2.000096e+002	-8.760411e+000
2.000607e+002	-1.228243e+001
1.996499e+002	-3.869095e+001
1.997720e+002	-3.869192e+001
2.003025e+002	-1.844742e+001
2.004601e+002	-1.668742e+001
2.004400e+002	-2.373052e+001
2.003135e+002	-3.605564e+001
2.001514e+002	-5.014088e+001
2.004510e+002	-4.133874e+001
2.006974e+002	-3.517762e+001
2.007662e+002	-3.781961e+001
2.007817e+002	-4.310261e+001
2.006373e+002	-5.630691e+001
2.004752e+002	-7.039213e+001
2.007394e+002	-6.335096e+001
2.012699e+002	-4.310648e+001
2.018004e+002	-2.286111e+001
2.018691e+002	-2.550309e+001
2.014939e+002	-5.015151e+001
2.016870e+002	-4.663142e+001
2.020755e+002	-3.342816e+001
2.025882e+002	-1.406373e+001
2.028523e+002	-7.022561e+000
2.029034e+002	-1.054459e+001
2.030254e+002	-1.054556e+001
2.030231e+002	-1.670773e+001
2.028611e+002	-3.079295e+001
2.027345e+002	-4.311809e+001
2.028743e+002	-4.223812e+001
2.029786e+002	-4.312002e+001
2.030296e+002	-4.664205e+001
2.032937e+002	-3.960089e+001
2.037710e+002	-2.199653e+001
2.038220e+002	-2.551857e+001
2.039796e+002	-2.375855e+001
2.042437e+002	-1.671739e+001
2.042592e+002	-2.200040e+001
2.041326e+002	-3.432464e+001
2.040771e+002	-4.312873e+001
2.045720e+002	-2.464432e+001
2.050670e+002	-6.159922e+000
2.052601e+002	-2.639823e+000
2.053111e+002	-6.161857e+000
2.052911e+002	-1.320494e+001
2.053954e+002	-1.408596e+001
2.059259e+002	6.159399e+000
2.062255e+002	1.496065e+001
2.064364e+002	1.936080e+001
2.062033e+002	1.755395e+000
2.061477e+002	-7.048662e+000
2.062520e+002	-7.929679e+000
2.063386e+002	-9.691629e+000
2.062830e+002	-1.849481e+001
2.064228e+002	-1.761573e+001
2.062430e+002	-3.258100e+001
2.062585e+002	-3.786312e+001
2.064693e+002	-3.346297e+001
2.068578e+002	-2.025973e+001
2.071219e+002	-1.321945e+001
2.071729e+002	-1.674060e+001
2.075791e+002	-2.658200e+000
2.078965e+002	7.023971e+000
2.077166e+002	-7.941285e+000
2.074657e+002	-2.642762e+001
2.074990e+002	-3.082969e+001
2.074257e+002	-4.051381e+001
2.076721e+002	-3.435269e+001
2.080960e+002	-1.938936e+001
2.082713e+002	-1.674931e+001
2.083046e+002	-2.115226e+001
2.081425e+002	-3.523661e+001
2.082113e+002	-3.787860e+001
2.085820e+002	-2.555628e+001
2.087573e+002	-2.291623e+001
2.087728e+002	-2.819923e+001
2.089836e+002	-2.379820e+001
2.092477e+002	-1.675704e+001
2.096539e+002	-2.674630e+000
2.096161e+002	-1.059778e+001
2.094718e+002	-2.380207e+001
2.093808e+002	-3.436623e+001
2.096804e+002	-2.556498e+001
2.097847e+002	-2.644599e+001
2.093917e+002	-5.197446e+001
2.091409e+002	-7.046079e+001
2.095293e+002	-5.725754e+001
2.103084e+002	-2.468977e+001
2.105903e+002	-1.676767e+001
2.106768e+002	-1.852962e+001
2.110120e+002	-7.967387e+000
2.113471e+002	2.594820e+000
2.113094e+002	-5.328303e+000
2.111473e+002	-1.941352e+001
2.113403e+002	-1.589344e+001
2.117110e+002	-3.571121e+000
2.119219e+002	8.290134e-001
2.120617e+002	1.708981e+000
2.117753e+002	-1.853833e+001
2.115954e+002	-3.350360e+001
2.116109e+002	-3.878571e+001
2.119106e+002	-2.998446e+001
2.117662e+002	-4.318964e+001
2.113378e+002	-7.047819e+001
2.115664e+002	-6.519801e+001
2.120436e+002	-4.759365e+001
2.123077e+002	-4.055248e+001
2.122699e+002	-4.847562e+001
2.125340e+002	-4.143447e+001
2.127271e+002	-3.791437e+001
2.126183e+002	-4.935857e+001
2.128469e+002	-4.407839e+001
2.129335e+002	-4.583944e+001
2.128957e+002	-5.376348e+001
2.130710e+002	-5.112341e+001
2.134417e+002	-3.880021e+001
2.138123e+002	-2.647790e+001
2.139877e+002	-2.383784e+001
2.140742e+002	-2.559979e+001
2.142318e+002	-2.383977e+001
2.143361e+002	-2.472168e+001
2.147600e+002	-9.758341e+000
2.148288e+002	-1.239944e+001
2.147555e+002	-2.208356e+001
2.148243e+002	-2.472555e+001
2.151061e+002	-1.680346e+001
2.152637e+002	-1.504433e+001
2.154035e+002	-1.416526e+001
2.153657e+002	-2.208840e+001
2.154168e+002	-2.561043e+001
2.156276e+002	-2.121028e+001
2.157674e+002	-2.033031e+001
2.160670e+002	-1.152906e+001
2.162246e+002	-9.769948e+000
2.161513e+002	-1.945318e+001
2.160070e+002	-3.265836e+001
2.162356e+002	-2.737728e+001
2.164287e+002	-2.385719e+001
2.166928e+002	-1.681602e+001
2.170812e+002	-3.613666e+000
2.173631e+002	4.307536e+000
2.175029e+002	5.187490e+000
2.173408e+002	-8.897718e+000
2.171787e+002	-2.298294e+001
2.173363e+002	-2.122382e+001
2.176715e+002	-1.066159e+001
2.179001e+002	-5.380520e+000
2.180754e+002	-2.741356e+000
2.181442e+002	-5.382454e+000
2.180176e+002	-1.770759e+001
2.179443e+002	-2.739083e+001
2.180486e+002	-2.827271e+001
2.182949e+002	-2.211160e+001
2.185236e+002	-1.683053e+001
2.186278e+002	-1.771243e+001
2.185723e+002	-2.651561e+001
2.183037e+002	-4.588199e+001
2.184257e+002	-4.588295e+001
2.187609e+002	-3.532073e+001
2.189717e+002	-3.092059e+001
2.189162e+002	-3.972465e+001
2.192691e+002	-2.828239e+001
2.194799e+002	-2.388137e+001
2.195309e+002	-2.740339e+001
2.194399e+002	-3.796755e+001
2.193311e+002	-4.941176e+001
2.192933e+002	-5.733489e+001
2.196107e+002	-4.765361e+001
2.198038e+002	-4.413351e+001
2.197482e+002	-5.293669e+001
2.197460e+002	-5.909975e+001
2.200101e+002	-5.205858e+001
2.202032e+002	-4.853848e+001
2.204318e+002	-4.325830e+001
2.208557e+002	-2.829496e+001
2.209600e+002	-2.917598e+001
2.207624e+002	-4.502128e+001
2.206003e+002	-5.910652e+001
2.209710e+002	-4.678420e+001
2.211463e+002	-4.414415e+001
2.212861e+002	-4.326507e+001
2.217811e+002	-2.478066e+001
2.223116e+002	-4.535292e+000
2.224337e+002	-4.536259e+000
2.225380e+002	-5.417262e+000
2.225357e+002	-1.158031e+001
2.221427e+002	-3.710878e+001
2.220872e+002	-4.591197e+001
2.223336e+002	-3.975174e+001
2.224911e+002	-3.799172e+001
2.227375e+002	-3.183149e+001
2.229306e+002	-2.831140e+001
2.231237e+002	-2.479130e+001
2.233523e+002	-1.951022e+001
2.234566e+002	-2.039124e+001
2.232945e+002	-3.447646e+001
2.233100e+002	-3.975948e+001
2.232367e+002	-4.944270e+001
2.233765e+002	-4.856363e+001
2.238004e+002	-3.360029e+001
2.240290e+002	-2.832009e+001
2.246128e+002	-5.433705e+000
2.247704e+002	-3.674588e+000
2.245017e+002	-2.304096e+001
2.244995e+002	-2.920401e+001
2.245683e+002	-3.184600e+001
2.247081e+002	-3.096603e+001
2.249012e+002	-2.744594e+001
2.252185e+002	-1.776465e+001
2.255182e+002	-8.962510e+000
2.253561e+002	-2.304773e+001
2.249987e+002	-4.681610e+001
2.249964e+002	-5.297827e+001
2.251717e+002	-5.033910e+001
2.255247e+002	-3.889595e+001
2.260196e+002	-2.041155e+001
2.262127e+002	-1.689145e+001
2.259263e+002	-3.713875e+001
2.259773e+002	-4.066079e+001
2.262237e+002	-3.449967e+001
2.265589e+002	-2.393744e+001
2.265921e+002	-2.834041e+001
2.266609e+002	-3.098151e+001
2.269072e+002	-2.482128e+001
2.272069e+002	-1.601914e+001
2.277019e+002	2.465251e+000
2.278772e+002	5.105302e+000
2.279993e+002	5.104334e+000
2.278904e+002	-6.340741e+000
2.280125e+002	-6.341709e+000
2.280635e+002	-9.863743e+000
2.280613e+002	-1.602591e+001
2.279169e+002	-2.923110e+001
2.280567e+002	-2.835201e+001
2.281966e+002	-2.747205e+001
2.282120e+002	-3.275505e+001
2.281742e+002	-4.067820e+001
2.281365e+002	-4.860133e+001
2.283651e+002	-4.332115e+001
2.286114e+002	-3.716004e+001
2.284849e+002	-4.948428e+001
2.284471e+002	-5.740742e+001
2.288000e+002	-4.596516e+001
2.292062e+002	-3.188274e+001
2.294703e+002	-2.484159e+001
2.295924e+002	-2.484255e+001
2.295013e+002	-3.540582e+001
2.294813e+002	-4.244892e+001
2.295501e+002	-4.509091e+001
2.295833e+002	-4.949298e+001
2.296876e+002	-5.037488e+001
2.301826e+002	-3.189048e+001
2.307486e+002	-9.885022e+000
2.309595e+002	-5.483987e+000
2.307441e+002	-2.221023e+001
2.306175e+002	-3.453448e+001
2.307574e+002	-3.365541e+001
2.307906e+002	-3.805748e+001
2.306996e+002	-4.862165e+001
2.309104e+002	-4.422150e+001
2.310680e+002	-4.246150e+001
2.312966e+002	-3.718130e+001
2.315252e+002	-3.190112e+001
2.317538e+002	-2.662005e+001
2.318936e+002	-2.574097e+001
2.319801e+002	-2.750202e+001
2.321910e+002	-2.310188e+001
2.321887e+002	-2.926493e+001
2.323285e+002	-2.838585e+001
2.326281e+002	-1.958372e+001
2.329455e+002	-9.902419e+000
2.327657e+002	-2.486769e+001
2.326924e+002	-3.455092e+001
2.330453e+002	-2.310865e+001
2.331674e+002	-2.310962e+001
2.330941e+002	-3.279374e+001
2.330385e+002	-4.159692e+001
2.330718e+002	-4.599899e+001
2.329807e+002	-5.656316e+001
2.331560e+002	-5.392398e+001
2.335090e+002	-4.248083e+001
2.338796e+002	-3.015851e+001
2.341260e+002	-2.399739e+001
2.342125e+002	-2.575934e+001
2.342103e+002	-3.192240e+001
2.341547e+002	-4.072558e+001
2.342945e+002	-3.984650e+001
2.346475e+002	-2.840423e+001
2.350004e+002	-1.696108e+001
2.350336e+002	-2.136403e+001
2.347295e+002	-4.249050e+001
2.349048e+002	-3.985134e+001
2.353465e+002	-2.400707e+001
2.356817e+002	-1.344573e+001
2.357327e+002	-1.696687e+001
2.357304e+002	-2.312992e+001
2.355506e+002	-3.809519e+001
2.357259e+002	-3.545514e+001
2.360078e+002	-2.753394e+001
2.361653e+002	-2.577481e+001
