    nm         	pN
0.000000e+000	6.293834e+002
-7.333479e-002	6.196976e+002
-1.999582e-001	6.073704e+002
-1.666799e-001	6.029691e+002
-8.011539e-002	6.012091e+002
-6.460115e-002	5.959274e+002
-1.356120e-002	5.924065e+002
-6.913312e-002	5.836012e+002
-2.312822e-001	5.695130e+002
-2.513105e-001	5.624695e+002
-1.825077e-001	5.598291e+002
-7.816123e-002	5.589506e+002
2.618411e-002	5.580719e+002
-2.938669e-002	5.492666e+002
-1.204855e-001	5.387003e+002
-1.760406e-001	5.298958e+002
-1.072378e-001	5.272554e+002
-5.619670e-002	5.237346e+002
-2.291961e-002	5.193333e+002
-2.518615e-002	5.131702e+002
-4.521444e-002	5.061266e+002
5.824400e-003	5.026057e+002
-4.972961e-002	4.938013e+002
-1.408261e-001	4.832351e+002
-8.978730e-002	4.797142e+002
-9.203481e-002	4.735520e+002
-1.120631e-001	4.665084e+002
-7.735676e-003	4.656289e+002
-2.776452e-002	4.585854e+002
-4.777601e-002	4.515427e+002
2.102737e-002	4.489023e+002
1.075925e-001	4.471424e+002
8.756364e-002	4.400988e+002
8.531557e-002	4.339366e+002
-7.685088e-002	4.198476e+002
9.714799e-003	4.180877e+002
2.028918e-001	4.216122e+002
2.539318e-001	4.180914e+002
2.872088e-001	4.136901e+002
2.494177e-001	4.057661e+002
2.471512e-001	3.996029e+002
2.093600e-001	3.916789e+002
2.603994e-001	3.881581e+002
4.358147e-001	3.908022e+002
4.513289e-001	3.855204e+002
4.313001e-001	3.784769e+002
3.934910e-001	3.705520e+002
2.135622e-001	3.555826e+002
1.402448e-001	3.458976e+002
1.379788e-001	3.397345e+002
1.179500e-001	3.326910e+002
9.792113e-002	3.256474e+002
1.489605e-001	3.221265e+002
1.289317e-001	3.150830e+002
1.799722e-001	3.115621e+002
1.777236e-001	3.053999e+002
1.576947e-001	2.983563e+002
2.620412e-001	2.974778e+002
1.353999e-001	2.851497e+002
1.509141e-001	2.798679e+002
2.730234e-001	2.798698e+002
2.352317e-001	2.719458e+002
2.152029e-001	2.649022e+002
2.306998e-001	2.596196e+002
3.172828e-001	2.578605e+002
3.327791e-001	2.525778e+002
3.482939e-001	2.472961e+002
3.460279e-001	2.411330e+002
3.970679e-001	2.376122e+002
3.948193e-001	2.314499e+002
4.103156e-001	2.261673e+002
4.080501e-001	2.200042e+002
4.235644e-001	2.147224e+002
3.502296e-001	2.050366e+002
3.657438e-001	1.997548e+002
4.700903e-001	1.988762e+002
5.211303e-001	1.953554e+002
4.833385e-001	1.874314e+002
4.633097e-001	1.803878e+002
4.788060e-001	1.751052e+002
4.943208e-001	1.698234e+002
4.565291e-001	1.618994e+002
4.009572e-001	1.530940e+002
3.631660e-001	1.451700e+002
3.608995e-001	1.390069e+002
3.586508e-001	1.328447e+002
3.208597e-001	1.249207e+002
3.718996e-001	1.213998e+002
5.295336e-001	1.231626e+002
5.805735e-001	1.196417e+002
6.671571e-001	1.178827e+002
6.115852e-001	1.090773e+002
5.560301e-001	1.002729e+002
5.893072e-001	9.587155e+001
7.114165e-001	9.587341e+001
6.913871e-001	8.882985e+001
5.647469e-001	7.650178e+001
4.914301e-001	6.681687e+001
4.536378e-001	5.889285e+001
6.290345e-001	6.153607e+001
7.689246e-001	6.241928e+001
6.778270e-001	5.185300e+001
7.111041e-001	4.745170e+001
7.976698e-001	4.569176e+001
7.776404e-001	3.864821e+001
7.220863e-001	2.984373e+001
7.908892e-001	2.720333e+001
8.952345e-001	2.632473e+001
8.218997e-001	1.663892e+001
8.018715e-001	9.595363e+000
9.062168e-001	8.716765e+000
8.684256e-001	7.927556e-001
8.306345e-001	-7.131253e+000
8.994373e-001	-9.771641e+000
9.327144e-001	-1.417296e+001
8.771425e-001	-2.297831e+001
9.814878e-001	-2.385690e+001
9.614595e-001	-3.090047e+001
9.769737e-001	-3.618223e+001
9.214018e-001	-4.498759e+001
1.061291e+000	-4.410438e+001
1.130094e+000	-4.674479e+001
1.074522e+000	-5.555014e+001
1.090036e+000	-6.083190e+001
1.212144e+000	-6.083005e+001
1.280947e+000	-6.347044e+001
1.331987e+000	-6.699130e+001
1.454095e+000	-6.698944e+001
1.611748e+000	-6.522579e+001
1.591719e+000	-7.226934e+001
1.553928e+000	-8.019335e+001
1.551661e+000	-8.635646e+001
1.513870e+000	-9.428047e+001
1.618215e+000	-9.515908e+001
1.829156e+000	-9.075406e+001
1.826890e+000	-9.691716e+001
1.877930e+000	-1.004380e+002
1.786832e+000	-1.110043e+002
1.802347e+000	-1.162861e+002
1.871149e+000	-1.189264e+002
2.064327e+000	-1.154019e+002
2.008772e+000	-1.242064e+002
1.757775e+000	-1.426985e+002
1.595608e+000	-1.567875e+002
1.468986e+000	-1.691146e+002
1.555550e+000	-1.708746e+002
1.855322e+000	-1.620664e+002
1.959668e+000	-1.629450e+002
1.850808e+000	-1.743917e+002
1.937391e+000	-1.761508e+002
2.308231e+000	-1.638199e+002
2.679072e+000	-1.514890e+002
2.641281e+000	-1.594130e+002
2.532420e+000	-1.708597e+002
2.476866e+000	-1.796642e+002
2.439074e+000	-1.875882e+002
2.561183e+000	-1.875863e+002
2.452305e+000	-1.990340e+002
2.556650e+000	-1.999126e+002
2.483333e+000	-2.095975e+002
2.552136e+000	-2.122379e+002
2.692008e+000	-2.113556e+002
2.814116e+000	-2.113537e+002
2.882919e+000	-2.139941e+002
2.809603e+000	-2.236790e+002
2.771810e+000	-2.316031e+002
2.840613e+000	-2.342435e+002
2.856109e+000	-2.395261e+002
2.853862e+000	-2.456883e+002
3.029259e+000	-2.430451e+002
3.311285e+000	-2.351165e+002
3.362325e+000	-2.386373e+002
3.271228e+000	-2.492036e+002
3.180130e+000	-2.597699e+002
3.248933e+000	-2.624103e+002
3.246667e+000	-2.685734e+002
3.155586e+000	-2.791387e+002
3.259916e+000	-2.800182e+002
3.346498e+000	-2.817773e+002
3.344232e+000	-2.879404e+002
3.235372e+000	-2.993871e+002
3.250886e+000	-3.046689e+002
3.284146e+000	-3.090711e+002
3.530630e+000	-3.029043e+002
3.563906e+000	-3.073055e+002
3.508353e+000	-3.161100e+002
3.612681e+000	-3.169895e+002
3.681500e+000	-3.196290e+002
3.696996e+000	-3.249117e+002
3.463761e+000	-3.425233e+002
3.443734e+000	-3.495669e+002
3.725760e+000	-3.416383e+002
3.865633e+000	-3.407560e+002
3.898909e+000	-3.451573e+002
3.861100e+000	-3.530822e+002
3.912140e+000	-3.566030e+002
4.052029e+000	-3.557198e+002
4.120830e+000	-3.583602e+002
4.118565e+000	-3.645233e+002
4.311742e+000	-3.609988e+002
4.487156e+000	-3.583547e+002
4.662573e+000	-3.557105e+002
4.997888e+000	-3.451406e+002
4.995621e+000	-3.513037e+002
5.064424e+000	-3.539441e+002
5.044395e+000	-3.609877e+002
4.988840e+000	-3.697921e+002
5.110949e+000	-3.697903e+002
5.304126e+000	-3.662657e+002
5.337404e+000	-3.706670e+002
5.530580e+000	-3.671425e+002
5.759285e+000	-3.618569e+002
6.201193e+000	-3.460034e+002
6.376610e+000	-3.433592e+002
6.409886e+000	-3.477606e+002
6.460926e+000	-3.512814e+002
6.387591e+000	-3.609672e+002
6.438631e+000	-3.644881e+002
6.667351e+000	-3.592017e+002
6.771699e+000	-3.600803e+002
6.573987e+000	-3.759311e+002
6.500670e+000	-3.856160e+002
6.818206e+000	-3.759274e+002
6.833720e+000	-3.812091e+002
6.902521e+000	-3.838495e+002
6.918035e+000	-3.891313e+002
7.128976e+000	-3.847263e+002
7.375442e+000	-3.785603e+002
7.248820e+000	-3.908875e+002
7.317622e+000	-3.935279e+002
7.635175e+000	-3.838384e+002
7.473007e+000	-3.979274e+002
7.293079e+000	-4.128968e+002
7.539561e+000	-4.067300e+002
7.643909e+000	-4.076086e+002
7.694949e+000	-4.111294e+002
7.657137e+000	-4.190543e+002
7.743721e+000	-4.208134e+002
8.203413e+000	-4.040784e+002
8.592013e+000	-3.908671e+002
8.785192e+000	-3.873425e+002
8.658570e+000	-3.996697e+002
8.780677e+000	-3.996679e+002
9.222587e+000	-3.838143e+002
9.469069e+000	-3.776475e+002
9.537873e+000	-3.802879e+002
9.375707e+000	-3.943768e+002
9.320152e+000	-4.031813e+002
9.531092e+000	-3.987763e+002
9.955238e+000	-3.838031e+002
1.025501e+001	-3.749949e+002
1.062587e+001	-3.626632e+002
1.058808e+001	-3.705872e+002
1.060357e+001	-3.758699e+002
1.076123e+001	-3.741062e+002
1.086555e+001	-3.749857e+002
1.088107e+001	-3.802674e+002
1.094987e+001	-3.829078e+002
1.108976e+001	-3.820246e+002
1.154943e+001	-3.652906e+002
1.241775e+001	-3.283007e+002
1.323279e+001	-2.939523e+002
1.344373e+001	-2.895472e+002
1.344146e+001	-2.957103e+002
1.361688e+001	-2.930662e+002
1.407655e+001	-2.763322e+002
1.442963e+001	-2.648818e+002
1.439183e+001	-2.728058e+002
1.426521e+001	-2.851329e+002
1.451169e+001	-2.789661e+002
1.456274e+001	-2.824870e+002
1.447164e+001	-2.930532e+002
1.461151e+001	-2.921709e+002
1.487575e+001	-2.851236e+002
1.514000e+001	-2.780764e+002
1.531542e+001	-2.754323e+002
1.536645e+001	-2.789531e+002
1.532865e+001	-2.868780e+002
1.520202e+001	-2.992052e+002
1.523530e+001	-3.036065e+002
1.578382e+001	-2.824684e+002
1.654553e+001	-2.507631e+002
1.712958e+001	-2.278641e+002
1.810451e+001	-1.855897e+002
1.875963e+001	-1.591680e+002
1.932591e+001	-1.371494e+002
1.987443e+001	-1.160113e+002
2.026305e+001	-1.027991e+002
2.040292e+001	-1.019168e+002
2.057832e+001	-9.927358e+001
2.098471e+001	-8.518088e+001
2.135556e+001	-7.284911e+001
2.154874e+001	-6.932455e+001
2.174192e+001	-6.579999e+001
2.182848e+001	-6.755992e+001
2.198614e+001	-6.579626e+001
2.219708e+001	-6.139125e+001
2.207044e+001	-7.371932e+001
2.203264e+001	-8.164333e+001
2.203040e+001	-8.780555e+001
2.234793e+001	-7.811692e+001
2.261218e+001	-7.106964e+001
2.260991e+001	-7.723275e+001
2.260766e+001	-8.339496e+001
2.251656e+001	-9.396123e+001
2.237216e+001	-1.071697e+002
2.242320e+001	-1.106906e+002
2.282958e+001	-9.659791e+001
2.314714e+001	-8.690839e+001
2.348245e+001	-7.633840e+001
2.383553e+001	-6.488798e+001
2.397540e+001	-6.400566e+001
2.409751e+001	-6.400381e+001
2.434399e+001	-5.783700e+001
2.437727e+001	-6.223830e+001
2.417956e+001	-7.808907e+001
2.408846e+001	-8.865533e+001
2.421057e+001	-8.865348e+001
2.451036e+001	-7.984441e+001
2.470354e+001	-7.631985e+001
2.498555e+001	-6.839212e+001
2.496552e+001	-7.543568e+001
2.498103e+001	-8.071745e+001
2.508536e+001	-8.159693e+001
2.499426e+001	-9.216319e+001
2.500978e+001	-9.744496e+001
2.493644e+001	-1.071308e+002
2.495196e+001	-1.124125e+002
2.507407e+001	-1.124107e+002
2.544491e+001	-1.000798e+002
2.585129e+001	-8.598710e+001
2.618660e+001	-7.541713e+001
2.632648e+001	-7.453481e+001
2.598665e+001	-9.743011e+001
2.609099e+001	-9.830870e+001
2.662173e+001	-7.805195e+001
2.685045e+001	-7.276559e+001
2.667053e+001	-8.773501e+001
2.666826e+001	-9.389812e+001
2.721678e+001	-7.276001e+001
2.728558e+001	-7.540042e+001
2.705235e+001	-9.301210e+001
2.729883e+001	-8.684527e+001
2.729657e+001	-9.300839e+001
2.729430e+001	-9.917149e+001
2.732758e+001	-1.035728e+002
2.727202e+001	-1.123773e+002
2.710986e+001	-1.264662e+002
2.739186e+001	-1.185385e+002
2.767387e+001	-1.106108e+002
2.800919e+001	-1.000408e+002
2.839781e+001	-8.682858e+001
2.848438e+001	-8.858851e+001
2.837552e+001	-1.000352e+002
2.835549e+001	-1.070788e+002
2.847759e+001	-1.070769e+002
2.879515e+001	-9.738741e+001
2.884619e+001	-1.009083e+002
2.905713e+001	-9.650326e+001
2.933914e+001	-8.857552e+001
2.942572e+001	-9.033459e+001
2.915696e+001	-1.097072e+002
2.917246e+001	-1.149898e+002
2.924126e+001	-1.176302e+002
2.922125e+001	-1.246729e+002
2.907684e+001	-1.378814e+002
2.896798e+001	-1.493281e+002
2.910785e+001	-1.484458e+002
2.938986e+001	-1.405181e+002
2.949421e+001	-1.413967e+002
2.968739e+001	-1.378721e+002
2.979173e+001	-1.387507e+002
2.980723e+001	-1.440334e+002
2.976944e+001	-1.519574e+002
3.017582e+001	-1.378647e+002
3.044007e+001	-1.308174e+002
3.040228e+001	-1.387414e+002
3.018680e+001	-1.554727e+002
3.029115e+001	-1.563513e+002
3.060870e+001	-1.466617e+002
3.065974e+001	-1.501826e+002
3.065747e+001	-1.563457e+002
3.085065e+001	-1.528211e+002
3.115042e+001	-1.440130e+002
3.116594e+001	-1.492947e+002
3.144795e+001	-1.413670e+002
3.185433e+001	-1.272743e+002
3.190537e+001	-1.307952e+002
3.144117e+001	-1.598554e+002
3.136783e+001	-1.695412e+002
3.145442e+001	-1.713003e+002
3.150545e+001	-1.748211e+002
3.168087e+001	-1.721770e+002
3.164306e+001	-1.801019e+002
3.171188e+001	-1.827414e+002
3.215379e+001	-1.668878e+002
3.257794e+001	-1.519147e+002
3.278888e+001	-1.475097e+002
3.260895e+001	-1.624791e+002
3.255339e+001	-1.712836e+002
3.253336e+001	-1.783271e+002
3.260217e+001	-1.809675e+002
3.274204e+001	-1.800852e+002
3.311290e+001	-1.677535e+002
3.348374e+001	-1.554226e+002
3.339264e+001	-1.659888e+002
3.326602e+001	-1.783160e+002
3.345919e+001	-1.747914e+002
3.345693e+001	-1.809545e+002
3.405876e+001	-1.571742e+002
3.469611e+001	-1.316329e+002
3.497812e+001	-1.237052e+002
3.513575e+001	-1.219424e+002
3.506243e+001	-1.316274e+002
3.474037e+001	-1.536422e+002
3.480917e+001	-1.562826e+002
3.516225e+001	-1.448322e+002
3.558640e+001	-1.298590e+002
3.554860e+001	-1.377830e+002
3.542198e+001	-1.501102e+002
3.554409e+001	-1.501084e+002
3.596823e+001	-1.351352e+002
3.658781e+001	-1.104753e+002
3.695867e+001	-9.814352e+001
3.740058e+001	-8.228992e+001
3.780696e+001	-6.819724e+001
3.801790e+001	-6.379221e+001
3.808670e+001	-6.643262e+001
3.796008e+001	-7.875979e+001
3.770908e+001	-9.725192e+001
3.784895e+001	-9.636961e+001
3.855737e+001	-6.730563e+001
3.880386e+001	-6.113882e+001
3.869500e+001	-7.258555e+001
3.885263e+001	-7.082278e+001
3.865494e+001	-8.667267e+001
3.875929e+001	-8.755126e+001
3.898799e+001	-8.226578e+001
3.868368e+001	-1.034002e+002
3.859259e+001	-1.139664e+002
3.912335e+001	-9.370880e+001
3.945866e+001	-8.313882e+001
3.952746e+001	-8.577922e+001
3.952520e+001	-9.194231e+001
3.957624e+001	-9.546317e+001
3.971613e+001	-9.457998e+001
3.978493e+001	-9.722038e+001
3.999587e+001	-9.281535e+001
4.006467e+001	-9.545575e+001
4.015126e+001	-9.721481e+001
4.066423e+001	-7.783851e+001
4.089295e+001	-7.255214e+001
4.069524e+001	-8.840291e+001
4.053310e+001	-1.024910e+002
4.079732e+001	-9.544462e+001
4.115042e+001	-8.399329e+001
4.157457e+001	-6.902015e+001
4.174996e+001	-6.637693e+001
4.172993e+001	-7.342048e+001
4.146117e+001	-9.279308e+001
4.106804e+001	-1.183306e+002
4.115462e+001	-1.200897e+002
4.148994e+001	-1.095197e+002
4.216281e+001	-8.221753e+001
4.255143e+001	-6.900529e+001
4.247810e+001	-7.869111e+001
4.254690e+001	-8.133150e+001
4.259794e+001	-8.485236e+001
4.254239e+001	-9.365683e+001
4.245129e+001	-1.042231e+002
4.255564e+001	-1.051017e+002
4.232240e+001	-1.227134e+002
4.217800e+001	-1.359219e+002
4.263769e+001	-1.191870e+002
4.307960e+001	-1.033334e+002
4.325501e+001	-1.006893e+002
4.327052e+001	-1.059710e+002
4.310836e+001	-1.200600e+002
4.337261e+001	-1.130127e+002
4.385004e+001	-9.539822e+001
4.370565e+001	-1.086058e+002
4.382776e+001	-1.086040e+002
4.398540e+001	-1.068412e+002
4.421412e+001	-1.015549e+002
4.430068e+001	-1.033148e+002
4.436950e+001	-1.059543e+002
4.465151e+001	-9.802658e+001
4.496905e+001	-8.833795e+001
4.471805e+001	-1.068301e+002
4.457366e+001	-1.200377e+002
4.458916e+001	-1.253204e+002
4.446254e+001	-1.376475e+002
4.458465e+001	-1.376457e+002
4.465345e+001	-1.402861e+002
4.505983e+001	-1.261934e+002
4.527077e+001	-1.217884e+002
4.510861e+001	-1.358774e+002
4.517743e+001	-1.385169e+002
4.515740e+001	-1.455604e+002
4.503076e+001	-1.578885e+002
4.518841e+001	-1.561248e+002
4.539935e+001	-1.517198e+002
4.562807e+001	-1.464334e+002
4.569687e+001	-1.490739e+002
4.580122e+001	-1.499525e+002
4.578119e+001	-1.569960e+002
4.579669e+001	-1.622787e+002
4.595434e+001	-1.605150e+002
4.636072e+001	-1.464223e+002
4.658943e+001	-1.411368e+002
4.660494e+001	-1.464186e+002
4.662044e+001	-1.517012e+002
4.656488e+001	-1.605057e+002
4.647379e+001	-1.710720e+002
4.679132e+001	-1.613834e+002
4.712663e+001	-1.508134e+002
4.700001e+001	-1.631405e+002
4.706881e+001	-1.657809e+002
4.740413e+001	-1.552110e+002
4.763285e+001	-1.499246e+002
4.757728e+001	-1.587300e+002
4.732628e+001	-1.772221e+002
4.743062e+001	-1.781007e+002
4.794360e+001	-1.587244e+002
4.831446e+001	-1.463926e+002
4.850762e+001	-1.428689e+002
4.864751e+001	-1.419857e+002
4.875184e+001	-1.428652e+002
4.885618e+001	-1.437438e+002
4.887170e+001	-1.490256e+002
4.863847e+001	-1.666373e+002
4.849406e+001	-1.798458e+002
4.859841e+001	-1.807244e+002
4.847178e+001	-1.930516e+002
4.848728e+001	-1.983342e+002
4.834289e+001	-2.115419e+002
4.818073e+001	-2.256308e+002
4.833836e+001	-2.238680e+002
4.863815e+001	-2.150590e+002
4.872471e+001	-2.168189e+002
4.914886e+001	-2.018458e+002
4.941311e+001	-1.947985e+002
4.923318e+001	-2.097679e+002
4.944412e+001	-2.053629e+002
4.967284e+001	-2.000766e+002
4.979495e+001	-2.000747e+002
4.986375e+001	-2.027151e+002
4.982596e+001	-2.106391e+002
4.998361e+001	-2.088755e+002
5.046105e+001	-1.912610e+002
5.042326e+001	-1.991850e+002
5.034994e+001	-2.088699e+002
5.052534e+001	-2.062267e+002
5.050531e+001	-2.132702e+002
5.057413e+001	-2.159097e+002
5.071400e+001	-2.150274e+002
5.087163e+001	-2.132647e+002
5.104705e+001	-2.106206e+002
5.150674e+001	-1.938856e+002
5.223292e+001	-1.639412e+002
5.246163e+001	-1.586557e+002
5.233500e+001	-1.709829e+002
5.240381e+001	-1.736233e+002
5.245484e+001	-1.771441e+002
5.248812e+001	-1.815454e+002
5.305441e+001	-1.595269e+002
5.331865e+001	-1.524796e+002
5.324532e+001	-1.621654e+002
5.358063e+001	-1.515955e+002
5.407585e+001	-1.330996e+002
5.434010e+001	-1.260523e+002
5.412462e+001	-1.427836e+002
5.415790e+001	-1.471849e+002
5.424448e+001	-1.489439e+002
5.468639e+001	-1.330903e+002
5.530598e+001	-1.084295e+002
5.580119e+001	-8.993366e+001
5.649185e+001	-6.175014e+001
5.679163e+001	-5.294197e+001
5.686043e+001	-5.558236e+001
5.684040e+001	-6.262592e+001
5.658940e+001	-8.111806e+001
5.671151e+001	-8.111620e+001
5.706459e+001	-6.966577e+001
5.736438e+001	-6.085670e+001
5.753979e+001	-5.821259e+001
5.753753e+001	-6.437570e+001
5.717992e+001	-8.815233e+001
5.719543e+001	-9.343410e+001
5.744192e+001	-8.726728e+001
5.763509e+001	-8.374271e+001
5.795263e+001	-7.405408e+001
5.814580e+001	-7.052952e+001
5.800142e+001	-8.373715e+001
5.798139e+001	-9.078071e+001
5.813902e+001	-8.901794e+001
5.824337e+001	-8.989653e+001
5.836548e+001	-8.989468e+001
5.841652e+001	-9.341553e+001
5.830766e+001	-1.048623e+002
5.864297e+001	-9.429228e+001
5.913819e+001	-7.579643e+001
5.952679e+001	-6.258509e+001
5.968445e+001	-6.082144e+001
5.957558e+001	-7.226815e+001
5.934235e+001	-8.987984e+001
5.939339e+001	-9.340069e+001
5.972871e+001	-8.283071e+001
5.983305e+001	-8.370930e+001
5.975971e+001	-9.339512e+001
6.002396e+001	-8.634785e+001
6.067908e+001	-5.992613e+001
6.112099e+001	-4.407253e+001
6.094105e+001	-5.904197e+001
6.065454e+001	-7.929501e+001
6.043906e+001	-9.602624e+001
6.041903e+001	-1.030698e+002
6.066551e+001	-9.690298e+001
6.078762e+001	-9.690113e+001
6.085642e+001	-9.954152e+001
6.110291e+001	-9.337471e+001
6.117171e+001	-9.601510e+001
6.136489e+001	-9.249054e+001
6.177127e+001	-7.839784e+001
6.208882e+001	-6.870832e+001
6.201549e+001	-7.839414e+001
6.211984e+001	-7.927273e+001
6.225971e+001	-7.839043e+001
6.241734e+001	-7.662766e+001
6.250393e+001	-7.838671e+001
6.246614e+001	-8.631073e+001
6.228620e+001	-1.012802e+002
6.235501e+001	-1.039206e+002
6.267256e+001	-9.423103e+001
6.302564e+001	-8.278059e+001
6.314774e+001	-8.277874e+001
6.335868e+001	-7.837372e+001
6.332090e+001	-8.629773e+001
6.321203e+001	-9.774446e+001
6.328084e+001	-1.003849e+002
6.350954e+001	-9.509938e+001
6.372050e+001	-9.069347e+001
6.398474e+001	-8.364621e+001
6.419568e+001	-7.924118e+001
6.408683e+001	-9.068791e+001
6.413786e+001	-9.420876e+001
6.406453e+001	-1.038946e+002
6.411557e+001	-1.074154e+002
6.461078e+001	-8.891958e+001
6.499940e+001	-7.570734e+001
6.512151e+001	-7.570548e+001
6.519031e+001	-7.834589e+001
6.469059e+001	-1.091670e+002
6.454619e+001	-1.223756e+002
6.500587e+001	-1.056406e+002
6.534117e+001	-9.507153e+001
6.558766e+001	-8.890472e+001
6.576307e+001	-8.626061e+001
6.600955e+001	-8.009380e+001
6.623826e+001	-7.480832e+001
6.630706e+001	-7.744872e+001
6.628703e+001	-8.449228e+001
6.639137e+001	-8.537088e+001
6.624697e+001	-9.857939e+001
6.651122e+001	-9.153213e+001
6.665110e+001	-9.064893e+001
6.659553e+001	-9.945429e+001
6.703746e+001	-8.359981e+001
6.717733e+001	-8.271749e+001
6.715730e+001	-8.976105e+001
6.697737e+001	-1.047305e+002
6.701065e+001	-1.091318e+002
6.725712e+001	-1.029659e+002
6.757467e+001	-9.327633e+001
6.771454e+001	-9.239402e+001
6.785442e+001	-9.151171e+001
6.811866e+001	-8.446444e+001
6.806310e+001	-9.326891e+001
6.827404e+001	-8.886390e+001
6.848499e+001	-8.445887e+001
6.830506e+001	-9.942831e+001
6.812513e+001	-1.143977e+002
6.835385e+001	-1.091114e+002
6.881352e+001	-9.237731e+001
6.897117e+001	-9.061366e+001
6.882676e+001	-1.038222e+002
6.877121e+001	-1.126267e+002
6.892885e+001	-1.108639e+002
6.937076e+001	-9.501029e+001
6.967055e+001	-8.620122e+001
6.972159e+001	-8.972207e+001
6.973708e+001	-9.500471e+001
6.968153e+001	-1.038092e+002
6.978588e+001	-1.046878e+002
6.983691e+001	-1.082086e+002
6.978134e+001	-1.170140e+002
7.018772e+001	-1.029213e+002
7.045197e+001	-9.587404e+001
7.036088e+001	-1.064403e+002
7.028756e+001	-1.161252e+002
6.998325e+001	-1.372596e+002
6.996323e+001	-1.443032e+002
7.044068e+001	-1.266878e+002
7.086482e+001	-1.117146e+002
7.127121e+001	-9.762195e+001
7.146438e+001	-9.409740e+001
7.156871e+001	-9.497688e+001
7.142432e+001	-1.081845e+002
7.126216e+001	-1.222735e+002
7.115330e+001	-1.337202e+002
7.095561e+001	-1.495701e+002
7.111324e+001	-1.478073e+002
7.123535e+001	-1.478055e+002
7.107319e+001	-1.618944e+002
7.124860e+001	-1.592503e+002
7.167274e+001	-1.442772e+002
7.179486e+001	-1.442753e+002
7.165045e+001	-1.574839e+002
7.171927e+001	-1.601234e+002
7.209011e+001	-1.477925e+002
7.244319e+001	-1.363420e+002
7.242316e+001	-1.433856e+002
7.238537e+001	-1.513096e+002
7.266738e+001	-1.433819e+002
7.298493e+001	-1.336924e+002
7.319587e+001	-1.292873e+002
7.344236e+001	-1.231205e+002
7.349340e+001	-1.266414e+002
7.345560e+001	-1.345654e+002
7.343557e+001	-1.416089e+002
7.353990e+001	-1.424884e+002
7.359096e+001	-1.460084e+002
7.403287e+001	-1.301548e+002
7.426157e+001	-1.248693e+002
7.397505e+001	-1.451224e+002
7.388395e+001	-1.556887e+002
7.418372e+001	-1.468805e+002
7.425255e+001	-1.495200e+002
7.425028e+001	-1.556831e+002
7.453229e+001	-1.477553e+002
7.461887e+001	-1.495144e+002
7.470543e+001	-1.512743e+002
7.502299e+001	-1.415848e+002
7.519839e+001	-1.389416e+002
7.530273e+001	-1.398202e+002
7.515835e+001	-1.530278e+002
7.485404e+001	-1.741622e+002
7.524265e+001	-1.609509e+002
7.545360e+001	-1.565450e+002
7.570006e+001	-1.503791e+002
7.578665e+001	-1.521381e+002
7.546458e+001	-1.741529e+002
7.556893e+001	-1.750315e+002
7.611743e+001	-1.538943e+002
7.643499e+001	-1.442048e+002
7.643272e+001	-1.503679e+002
7.643047e+001	-1.565301e+002
7.639268e+001	-1.644541e+002
7.672798e+001	-1.538850e+002
7.706329e+001	-1.433151e+002
7.713211e+001	-1.459546e+002
7.709431e+001	-1.538795e+002
7.710982e+001	-1.591612e+002
7.730299e+001	-1.556367e+002
7.762055e+001	-1.459472e+002
7.745838e+001	-1.600361e+002
7.758049e+001	-1.600343e+002
7.766705e+001	-1.617942e+002
7.750489e+001	-1.758832e+002
7.743157e+001	-1.855681e+002
7.767804e+001	-1.794022e+002
7.808442e+001	-1.653095e+002
7.840197e+001	-1.556200e+002
7.829311e+001	-1.670667e+002
7.807764e+001	-1.837979e+002
7.796878e+001	-1.952447e+002
7.825079e+001	-1.873169e+002
7.830183e+001	-1.908378e+002
7.801530e+001	-2.110908e+002
7.813741e+001	-2.110890e+002
7.838388e+001	-2.049230e+002
7.870143e+001	-1.952335e+002
7.910781e+001	-1.811408e+002
7.914110e+001	-1.855421e+002
7.906776e+001	-1.952279e+002
7.931424e+001	-1.890611e+002
7.948966e+001	-1.864170e+002
7.946963e+001	-1.934606e+002
7.936075e+001	-2.049082e+002
7.926967e+001	-2.154736e+002
7.951613e+001	-2.093076e+002
7.981593e+001	-2.004986e+002
8.016900e+001	-1.890481e+002
8.057538e+001	-1.749554e+002
8.076857e+001	-1.714309e+002
8.065969e+001	-1.828785e+002
8.083510e+001	-1.802344e+002
8.115265e+001	-1.705449e+002
8.109708e+001	-1.793502e+002
8.086386e+001	-1.969610e+002
8.096819e+001	-1.978405e+002
8.123244e+001	-1.907932e+002
8.119465e+001	-1.987172e+002
8.110355e+001	-2.092835e+002
8.142110e+001	-1.995940e+002
8.173865e+001	-1.899045e+002
8.186076e+001	-1.899026e+002
8.189402e+001	-1.943048e+002
8.196284e+001	-1.969443e+002
8.199610e+001	-2.013465e+002
8.188724e+001	-2.127932e+002
8.195606e+001	-2.154327e+002
8.222030e+001	-2.083855e+002
8.223580e+001	-2.136681e+002
8.271326e+001	-1.960527e+002
8.379479e+001	-1.484947e+002
8.460980e+001	-1.141472e+002
8.483852e+001	-1.088608e+002
8.499615e+001	-1.070980e+002
8.502943e+001	-1.114993e+002
8.500940e+001	-1.185429e+002
8.539802e+001	-1.053307e+002
8.573332e+001	-9.476157e+001
8.562446e+001	-1.062083e+002
8.578211e+001	-1.044446e+002
8.588646e+001	-1.053232e+002
8.616847e+001	-9.739552e+001
8.655707e+001	-8.418417e+001
8.671472e+001	-8.242051e+001
8.678352e+001	-8.506090e+001
8.671019e+001	-9.474672e+001
8.702774e+001	-8.505720e+001
8.736306e+001	-7.448723e+001
8.725420e+001	-8.593394e+001
8.716310e+001	-9.650020e+001
8.719638e+001	-1.009015e+002
8.715858e+001	-1.088255e+002
8.747612e+001	-9.913690e+001
8.758047e+001	-1.000155e+002
8.741830e+001	-1.141045e+002
8.784244e+001	-9.913132e+001
8.846204e+001	-7.447051e+001
8.847755e+001	-7.975227e+001
8.824431e+001	-9.736396e+001
8.831312e+001	-1.000044e+002
8.841747e+001	-1.008830e+002
8.846850e+001	-1.044038e+002
8.848400e+001	-1.096864e+002
8.842844e+001	-1.184909e+002
8.874600e+001	-1.088014e+002
8.892140e+001	-1.061582e+002
8.902574e+001	-1.070368e+002
8.928999e+001	-9.998950e+001
8.944762e+001	-9.822675e+001
8.937430e+001	-1.079117e+002
8.938980e+001	-1.131943e+002
8.945862e+001	-1.158338e+002
8.933198e+001	-1.281619e+002
8.929419e+001	-1.360859e+002
8.939853e+001	-1.369645e+002
8.941403e+001	-1.422472e+002
8.948285e+001	-1.448867e+002
8.992476e+001	-1.290331e+002
9.050881e+001	-1.061341e+002
9.100403e+001	-8.763821e+001
9.087740e+001	-9.996538e+001
9.094620e+001	-1.026058e+002
9.122821e+001	-9.467804e+001
9.127925e+001	-9.819889e+001
9.101049e+001	-1.175715e+002
9.067066e+001	-1.404668e+002
9.063287e+001	-1.483908e+002
9.087933e+001	-1.422249e+002
9.121465e+001	-1.316549e+002
9.121240e+001	-1.378171e+002
9.103248e+001	-1.527865e+002
9.111904e+001	-1.545465e+002
9.156095e+001	-1.386929e+002
9.198511e+001	-1.237189e+002
9.192954e+001	-1.325242e+002
9.199834e+001	-1.351646e+002
9.238696e+001	-1.219524e+002
9.240248e+001	-1.272341e+002
9.247128e+001	-1.298745e+002
9.284212e+001	-1.175437e+002
9.312413e+001	-1.096159e+002
9.331731e+001	-1.060914e+002
9.313738e+001	-1.210608e+002
9.297521e+001	-1.351498e+002
9.329276e+001	-1.254602e+002
9.352146e+001	-1.201748e+002
9.375019e+001	-1.148884e+002
9.392561e+001	-1.122443e+002
9.388779e+001	-1.201692e+002
9.377893e+001	-1.316159e+002
9.375891e+001	-1.386595e+002
9.396987e+001	-1.342536e+002
9.410974e+001	-1.333713e+002
9.408971e+001	-1.404148e+002
9.438948e+001	-1.316066e+002
9.435168e+001	-1.395307e+002
9.401185e+001	-1.624259e+002
9.399183e+001	-1.694695e+002
9.420277e+001	-1.650645e+002
9.441371e+001	-1.606595e+002
9.455360e+001	-1.597763e+002
9.483561e+001	-1.518485e+002
9.470898e+001	-1.641757e+002
9.477778e+001	-1.668161e+002
9.482883e+001	-1.703370e+002
9.473773e+001	-1.809032e+002
9.491314e+001	-1.782591e+002
9.535505e+001	-1.624055e+002
9.602793e+001	-1.351034e+002
9.620334e+001	-1.324593e+002
9.620108e+001	-1.386223e+002
9.637650e+001	-1.359782e+002
9.664074e+001	-1.289310e+002
9.662071e+001	-1.359745e+002
9.681388e+001	-1.324500e+002
9.688269e+001	-1.350904e+002
9.620530e+001	-1.747179e+002
9.613196e+001	-1.844037e+002
9.652059e+001	-1.711914e+002
9.674929e+001	-1.659060e+002
9.696023e+001	-1.615010e+002
9.750875e+001	-1.403628e+002
9.757755e+001	-1.430032e+002
9.748646e+001	-1.535695e+002
9.728876e+001	-1.694194e+002
9.739311e+001	-1.702980e+002
9.767512e+001	-1.623703e+002
9.749519e+001	-1.773397e+002
9.736856e+001	-1.896669e+002
9.770386e+001	-1.790978e+002
9.814579e+001	-1.632433e+002
9.837449e+001	-1.579578e+002
9.824787e+001	-1.702850e+002
9.799687e+001	-1.887771e+002
9.811898e+001	-1.887753e+002
9.848982e+001	-1.764444e+002
9.878961e+001	-1.676353e+002
9.892948e+001	-1.667530e+002
9.890945e+001	-1.737966e+002
9.899602e+001	-1.755565e+002
9.895822e+001	-1.834805e+002
9.884936e+001	-1.949272e+002
9.895371e+001	-1.958058e+002
9.925348e+001	-1.869977e+002
9.965986e+001	-1.729050e+002
9.995966e+001	-1.640959e+002
1.001884e+002	-1.588104e+002
1.003282e+002	-1.579281e+002
1.003615e+002	-1.623294e+002
1.004836e+002	-1.623276e+002
1.002504e+002	-1.799393e+002
1.001593e+002	-1.905055e+002
1.001215e+002	-1.984296e+002
9.992380e+001	-2.142794e+002
9.995708e+001	-2.186807e+002
1.003990e+002	-2.028271e+002
1.006099e+002	-1.984221e+002
1.007676e+002	-1.966585e+002
1.008541e+002	-1.984184e+002
1.011184e+002	-1.913711e+002
1.013826e+002	-1.843239e+002
1.015225e+002	-1.834416e+002
1.015203e+002	-1.896038e+002
1.010916e+002	-2.169031e+002
1.007340e+002	-2.406789e+002
1.009094e+002	-2.380356e+002
1.012802e+002	-2.257039e+002
1.018821e+002	-2.019244e+002
1.025549e+002	-1.746213e+002
1.030679e+002	-1.552450e+002
1.034388e+002	-1.429142e+002
1.038985e+002	-1.261792e+002
1.043048e+002	-1.120865e+002
1.045335e+002	-1.068011e+002
1.047445e+002	-1.023960e+002
1.047955e+002	-1.059169e+002
1.046867e+002	-1.173636e+002
1.048088e+002	-1.173618e+002
1.051441e+002	-1.067918e+002
1.054261e+002	-9.886404e+001
1.057792e+002	-8.741360e+001
1.059191e+002	-8.653041e+001
1.060412e+002	-8.652856e+001
1.061633e+002	-8.652671e+001
1.061965e+002	-9.092890e+001
1.060166e+002	-1.058983e+002
1.060677e+002	-1.094192e+002
1.061365e+002	-1.120587e+002
1.061875e+002	-1.155795e+002
1.063274e+002	-1.146972e+002
1.066982e+002	-1.023663e+002
1.068914e+002	-9.884177e+001
1.069602e+002	-1.014813e+002
1.069224e+002	-1.094062e+002
1.070445e+002	-1.094043e+002
1.069357e+002	-1.208511e+002
1.067735e+002	-1.349400e+002
1.071088e+002	-1.243701e+002
1.073731e+002	-1.173228e+002
1.075307e+002	-1.155591e+002
1.077594e+002	-1.102736e+002
1.079348e+002	-1.076295e+002
1.080569e+002	-1.076277e+002
1.079125e+002	-1.208362e+002
1.081235e+002	-1.164312e+002
1.082634e+002	-1.155480e+002
1.086520e+002	-1.023366e+002
1.088984e+002	-9.616983e+001
1.088607e+002	-1.040938e+002
1.084320e+002	-1.313932e+002
1.081988e+002	-1.490040e+002
1.086407e+002	-1.331504e+002
1.089049e+002	-1.261031e+002
1.092047e+002	-1.172949e+002
1.094867e+002	-1.093672e+002
1.095555e+002	-1.120067e+002
1.096243e+002	-1.146471e+002
1.097109e+002	-1.164071e+002
1.095665e+002	-1.296147e+002
1.095998e+002	-1.340160e+002
1.099173e+002	-1.243274e+002
1.104481e+002	-1.040697e+002
1.110144e+002	-8.205116e+001
1.111187e+002	-8.292975e+001
1.111520e+002	-8.733194e+001
1.114517e+002	-7.852288e+001
1.118048e+002	-6.707244e+001
1.119092e+002	-6.795103e+001
1.122622e+002	-5.650061e+001
1.123666e+002	-5.737921e+001
1.124532e+002	-5.913914e+001
1.126286e+002	-5.649504e+001
1.131238e+002	-3.799919e+001
1.134413e+002	-2.831056e+001
1.135812e+002	-2.742735e+001
1.137566e+002	-2.478413e+001
1.136655e+002	-3.535041e+001
1.137343e+002	-3.798991e+001
1.138209e+002	-3.974986e+001
1.136410e+002	-5.471928e+001
1.134788e+002	-6.880826e+001
1.136187e+002	-6.792505e+001
1.138474e+002	-6.263958e+001
1.143604e+002	-4.326328e+001
1.148023e+002	-2.740880e+001
1.147467e+002	-3.621415e+001
1.146912e+002	-4.501862e+001
1.147955e+002	-4.589722e+001
1.148466e+002	-4.941807e+001
1.150575e+002	-4.501305e+001
1.150908e+002	-4.941436e+001
1.151773e+002	-5.117430e+001
1.156015e+002	-3.620116e+001
1.161322e+002	-1.594351e+001
1.164143e+002	-8.015789e+000
1.163765e+002	-1.593980e+001
1.162143e+002	-3.002877e+001
1.162120e+002	-3.619187e+001
1.164408e+002	-3.090551e+001
1.169537e+002	-1.152921e+001
1.170936e+002	-1.064691e+001
1.167005e+002	-3.618446e+001
1.166094e+002	-4.675072e+001
1.167848e+002	-4.410661e+001
1.170846e+002	-3.529843e+001
1.174909e+002	-2.120574e+001
1.177552e+002	-1.415848e+001
1.175575e+002	-3.000836e+001
1.171110e+002	-5.818817e+001
1.169134e+002	-7.403804e+001
1.170532e+002	-7.315573e+001
1.172286e+002	-7.051162e+001
1.174573e+002	-6.522615e+001
1.178993e+002	-4.937167e+001
1.180925e+002	-4.584710e+001
1.181435e+002	-4.936795e+001
1.181057e+002	-5.729197e+001
1.180146e+002	-6.785823e+001
1.180834e+002	-7.049863e+001
1.184365e+002	-5.904820e+001
1.185941e+002	-5.728454e+001
1.189294e+002	-4.671546e+001
1.192825e+002	-3.526502e+001
1.198133e+002	-1.500737e+001
1.199887e+002	-1.236326e+001
1.199331e+002	-2.116862e+001
1.197354e+002	-3.701851e+001
1.195733e+002	-5.110748e+001
1.198375e+002	-4.406021e+001
1.199241e+002	-4.581926e+001
1.197086e+002	-6.255049e+001
1.198485e+002	-6.166818e+001
1.201127e+002	-5.462090e+001
1.201460e+002	-5.902222e+001
1.201082e+002	-6.694623e+001
1.205146e+002	-5.285354e+001
1.208321e+002	-4.316491e+001
1.209365e+002	-4.404350e+001
1.211830e+002	-3.787669e+001
1.215538e+002	-2.554580e+001
1.218891e+002	-1.497582e+001
1.217803e+002	-2.642254e+001
1.216892e+002	-3.698881e+001
1.216869e+002	-4.315191e+001
1.218090e+002	-4.315006e+001
1.220377e+002	-3.786370e+001
1.224441e+002	-2.377101e+001
1.224596e+002	-2.905366e+001
1.222797e+002	-4.402308e+001
1.220997e+002	-5.899252e+001
1.221685e+002	-6.163291e+001
1.223440e+002	-5.898881e+001
1.228214e+002	-4.137341e+001
1.230857e+002	-3.432613e+001
1.229946e+002	-4.489241e+001
1.226014e+002	-7.042996e+001
1.228834e+002	-6.250223e+001
1.233964e+002	-4.312593e+001
1.236429e+002	-3.695911e+001
1.234452e+002	-5.280899e+001
1.234607e+002	-5.809165e+001
1.236894e+002	-5.280528e+001
1.245222e+002	-1.757725e+001
1.248398e+002	-7.887711e+000
1.245888e+002	-2.637985e+001
1.243733e+002	-4.311107e+001
1.242111e+002	-5.719917e+001
1.244043e+002	-5.367548e+001
1.247219e+002	-4.398596e+001
1.250039e+002	-3.605823e+001
1.255168e+002	-1.668105e+001
1.259232e+002	-2.589245e+000
1.257611e+002	-1.667734e+001
1.254212e+002	-3.957353e+001
1.252768e+002	-5.278116e+001
1.253812e+002	-5.366064e+001
1.255388e+002	-5.189698e+001
1.254833e+002	-6.070146e+001
1.256764e+002	-5.717690e+001
1.261894e+002	-3.780059e+001
1.264714e+002	-2.987287e+001
1.267357e+002	-2.282559e+001
1.267156e+002	-2.986915e+001
1.268022e+002	-3.162910e+001
1.271198e+002	-2.193956e+001
1.271175e+002	-2.810267e+001
1.269909e+002	-4.042985e+001
1.271663e+002	-3.778574e+001
1.272884e+002	-3.778389e+001
1.271795e+002	-4.923060e+001
1.273727e+002	-4.570604e+001
1.277969e+002	-3.073290e+001
1.276702e+002	-4.306097e+001
1.275791e+002	-5.362723e+001
1.277190e+002	-5.274404e+001
1.274858e+002	-7.035571e+001
1.272525e+002	-8.796740e+001
1.272858e+002	-9.236870e+001
1.273546e+002	-9.500910e+001
1.274057e+002	-9.852995e+001
1.278653e+002	-8.179502e+001
1.285738e+002	-5.273103e+001
1.288735e+002	-4.392285e+001
1.289779e+002	-4.480146e+001
1.289579e+002	-5.184502e+001
1.289556e+002	-5.800812e+001
1.292909e+002	-4.743814e+001
1.293597e+002	-5.007854e+001
1.291620e+002	-6.592842e+001
1.291420e+002	-7.297199e+001
1.291930e+002	-7.649284e+001
1.294750e+002	-6.856511e+001
1.298104e+002	-5.799512e+001
1.299503e+002	-5.711193e+001
1.300724e+002	-5.711008e+001
1.301945e+002	-5.710821e+001
1.305120e+002	-4.741958e+001
1.310783e+002	-2.540102e+001
1.315380e+002	-8.666079e+000
1.313936e+002	-2.187461e+001
1.315867e+002	-1.835004e+001
1.317977e+002	-1.394503e+001
1.314934e+002	-3.507941e+001
1.310825e+002	-6.149743e+001
1.312401e+002	-5.973377e+001
1.316465e+002	-4.564108e+001
1.318575e+002	-4.123607e+001
1.319973e+002	-4.035375e+001
1.320661e+002	-4.299415e+001
1.319040e+002	-5.708223e+001
1.316174e+002	-7.733617e+001
1.319883e+002	-6.500527e+001
1.324657e+002	-4.738989e+001
1.326234e+002	-4.562623e+001
1.326567e+002	-5.002842e+001
1.325123e+002	-6.323606e+001
1.325811e+002	-6.587646e+001
1.330408e+002	-4.914151e+001
1.332517e+002	-4.473650e+001
1.328230e+002	-7.203584e+001
1.328385e+002	-7.731761e+001
1.329429e+002	-7.819621e+001
1.331005e+002	-7.643344e+001
1.334358e+002	-6.586346e+001
1.335224e+002	-6.762251e+001
1.334491e+002	-7.730833e+001
1.336422e+002	-7.378376e+001
1.339953e+002	-6.233333e+001
1.344017e+002	-4.824064e+001
1.346126e+002	-4.383563e+001
1.348769e+002	-3.678835e+001
1.350701e+002	-3.326379e+001
1.353166e+002	-2.709697e+001
1.353498e+002	-3.149916e+001
1.350455e+002	-5.263267e+001
1.350966e+002	-5.615352e+001
1.352898e+002	-5.262895e+001
1.353230e+002	-5.703026e+001
1.355873e+002	-4.998387e+001
1.360647e+002	-3.236848e+001
1.362224e+002	-3.060483e+001
1.361490e+002	-4.029065e+001
1.362711e+002	-4.028878e+001
1.361445e+002	-5.261596e+001
1.359290e+002	-6.934719e+001
1.357846e+002	-8.255482e+001
1.359956e+002	-7.814981e+001
1.362243e+002	-7.286433e+001
1.363819e+002	-7.110067e+001
1.365218e+002	-7.021837e+001
1.366617e+002	-6.933605e+001
1.367127e+002	-7.285690e+001
1.367460e+002	-7.725821e+001
1.367437e+002	-8.342131e+001
1.368659e+002	-8.341946e+001
1.369880e+002	-8.341760e+001
1.373766e+002	-7.020538e+001
1.379429e+002	-4.818681e+001
1.383137e+002	-3.585592e+001
1.384536e+002	-3.497362e+001
1.384691e+002	-4.025537e+001
1.383069e+002	-5.434436e+001
1.384646e+002	-5.258070e+001
1.387288e+002	-4.553343e+001
1.388509e+002	-4.553156e+001
1.388842e+002	-4.993377e+001
1.392373e+002	-3.848245e+001
1.392528e+002	-4.376509e+001
1.391084e+002	-5.697272e+001
1.391061e+002	-6.313582e+001
1.391749e+002	-6.577622e+001
1.394214e+002	-5.960941e+001
1.400943e+002	-3.230723e+001
1.404651e+002	-1.997546e+001
1.403563e+002	-3.142306e+001
1.401053e+002	-4.991520e+001
1.401563e+002	-5.343605e+001
1.404383e+002	-4.550744e+001
1.404183e+002	-5.255099e+001
1.403983e+002	-5.959455e+001
1.406803e+002	-5.166683e+001
1.408735e+002	-4.814226e+001
1.409423e+002	-5.078266e+001
1.411177e+002	-4.813856e+001
1.412753e+002	-4.637579e+001
1.409888e+002	-6.662884e+001
1.411820e+002	-6.310426e+001
1.416772e+002	-4.460842e+001
1.420658e+002	-3.139708e+001
1.422945e+002	-2.611072e+001
1.419547e+002	-4.900601e+001
1.417570e+002	-6.485679e+001
1.419679e+002	-6.045088e+001
1.420190e+002	-6.397173e+001
1.421589e+002	-6.308942e+001
1.424409e+002	-5.516169e+001
1.427051e+002	-4.811443e+001
1.427384e+002	-5.251573e+001
1.427361e+002	-5.867884e+001
1.430181e+002	-5.075111e+001
1.432113e+002	-4.722655e+001
1.435111e+002	-3.841748e+001
1.435088e+002	-4.458059e+001
1.437731e+002	-3.753331e+001
1.441972e+002	-2.256016e+001
1.445681e+002	-1.022928e+001
1.444592e+002	-2.167600e+001
1.444925e+002	-2.607731e+001
1.444014e+002	-3.664357e+001
1.442570e+002	-4.985209e+001
1.443080e+002	-5.337294e+001
1.445545e+002	-4.720613e+001
1.446588e+002	-4.808473e+001
1.448876e+002	-4.279925e+001
1.449386e+002	-4.632010e+001
1.449719e+002	-5.072142e+001
1.451828e+002	-4.631640e+001
1.455359e+002	-3.486596e+001
1.455514e+002	-4.014773e+001
1.456380e+002	-4.190677e+001
1.456535e+002	-4.718943e+001
1.456335e+002	-5.423299e+001
1.457555e+002	-5.423113e+001
1.459487e+002	-5.070656e+001
1.461775e+002	-4.542020e+001
1.463706e+002	-4.189564e+001
1.466526e+002	-3.396791e+001
1.467214e+002	-3.660831e+001
1.467370e+002	-4.189008e+001
1.467347e+002	-4.805317e+001
1.467502e+002	-5.333583e+001
1.469789e+002	-4.804946e+001
1.472965e+002	-3.835994e+001
1.479693e+002	-1.105777e+001
1.478960e+002	-2.074358e+001
1.474673e+002	-4.804203e+001
1.477316e+002	-4.099477e+001
1.481913e+002	-2.426072e+001
1.485266e+002	-1.369074e+001
1.487375e+002	-9.285713e+000
1.488419e+002	-1.016432e+001
1.487685e+002	-1.984924e+001
1.486064e+002	-3.393822e+001
1.487463e+002	-3.305590e+001
1.489394e+002	-2.953134e+001
1.489016e+002	-3.745535e+001
1.485085e+002	-6.299290e+001
1.484885e+002	-7.003647e+001
1.488060e+002	-6.034694e+001
1.488037e+002	-6.651005e+001
1.485705e+002	-8.412174e+001
1.484972e+002	-9.380755e+001
1.489036e+002	-7.971485e+001
1.493100e+002	-6.562217e+001
1.495031e+002	-6.209760e+001
1.497851e+002	-5.416988e+001
1.501027e+002	-4.448036e+001
1.502781e+002	-4.183625e+001
1.504357e+002	-4.007348e+001
1.505756e+002	-3.919117e+001
1.504845e+002	-4.975743e+001
1.505889e+002	-5.063603e+001
1.510130e+002	-3.566289e+001
1.512950e+002	-2.773516e+001
1.512572e+002	-3.565918e+001
1.512194e+002	-4.358319e+001
1.513771e+002	-4.181954e+001
1.515170e+002	-4.093723e+001
1.516746e+002	-3.917446e+001
1.519033e+002	-3.388810e+001
1.520432e+002	-3.300579e+001
1.520765e+002	-3.740709e+001
1.521453e+002	-4.004750e+001
1.520897e+002	-4.885196e+001
1.523006e+002	-4.444695e+001
1.527070e+002	-3.035425e+001
1.528114e+002	-3.123374e+001
1.528624e+002	-3.475459e+001
1.530734e+002	-3.034869e+001
1.530888e+002	-3.563133e+001
1.530155e+002	-4.531626e+001
1.530843e+002	-4.795666e+001
1.535262e+002	-3.210307e+001
1.539859e+002	-1.536812e+001
1.539482e+002	-2.329213e+001
1.534839e+002	-5.235240e+001
1.531441e+002	-7.524859e+001
1.530175e+002	-8.757577e+001
1.534949e+002	-6.996037e+001
1.538480e+002	-5.850993e+001
1.540589e+002	-5.410491e+001
1.542344e+002	-5.146080e+001
1.544453e+002	-4.705579e+001
1.546207e+002	-4.441168e+001
1.545651e+002	-5.321703e+001
1.549360e+002	-4.088525e+001
1.552002e+002	-3.383799e+001
1.549848e+002	-5.056921e+001
1.549115e+002	-6.025414e+001
1.549270e+002	-6.553679e+001
1.548714e+002	-7.434126e+001
1.551712e+002	-6.553307e+001
1.555242e+002	-5.408264e+001
1.556286e+002	-5.496123e+001
1.559817e+002	-4.351081e+001
1.563525e+002	-3.117992e+001
1.565635e+002	-2.677401e+001
1.564368e+002	-3.910208e+001
1.563990e+002	-4.702609e+001
1.565567e+002	-4.526243e+001
1.566077e+002	-4.878328e+001
1.567476e+002	-4.790098e+001
1.569408e+002	-4.437642e+001
1.570806e+002	-4.349410e+001
1.573982e+002	-3.380458e+001
1.574848e+002	-3.556452e+001
1.571982e+002	-5.581757e+001
1.571605e+002	-6.374158e+001
1.568917e+002	-8.311506e+001
1.568184e+002	-9.279998e+001
1.569760e+002	-9.103721e+001
1.572047e+002	-8.575085e+001
1.577177e+002	-6.637455e+001
1.580708e+002	-5.492412e+001
1.582106e+002	-5.404181e+001
1.581373e+002	-6.372674e+001
1.578863e+002	-8.221886e+001
1.580795e+002	-7.869430e+001
1.582904e+002	-7.428929e+001
1.587323e+002	-5.843569e+001
1.592631e+002	-3.817805e+001
1.594030e+002	-3.729573e+001
1.592053e+002	-5.314650e+001
1.588299e+002	-7.780272e+001
1.587033e+002	-9.013078e+001
1.589142e+002	-8.572487e+001
1.592495e+002	-7.515578e+001
1.596381e+002	-6.194355e+001
1.598313e+002	-5.841898e+001
1.601844e+002	-4.696855e+001
1.602532e+002	-4.960895e+001
1.603753e+002	-4.960710e+001
1.603020e+002	-5.929201e+001
1.602997e+002	-6.545511e+001
1.607594e+002	-4.872018e+001
1.610770e+002	-3.903154e+001
1.615366e+002	-2.229661e+001
1.616765e+002	-2.141429e+001
1.616743e+002	-2.757739e+001
1.616898e+002	-3.285916e+001
1.616342e+002	-4.166362e+001
1.617030e+002	-4.430402e+001
1.617363e+002	-4.870533e+001
1.621604e+002	-3.373218e+001
1.623003e+002	-3.284988e+001
1.622803e+002	-3.989344e+001
1.624024e+002	-3.989158e+001
1.625067e+002	-4.077018e+001
1.624156e+002	-5.133645e+001
1.623601e+002	-6.014092e+001
1.629441e+002	-3.724190e+001
1.632617e+002	-2.755327e+001
1.628152e+002	-5.573219e+001
1.625820e+002	-7.334386e+001
1.628996e+002	-6.365434e+001
1.632171e+002	-5.396571e+001
1.633925e+002	-5.132160e+001
1.635857e+002	-4.779704e+001
1.634413e+002	-6.100556e+001
1.633680e+002	-7.069048e+001
1.636677e+002	-6.188230e+001
1.640386e+002	-4.955142e+001
1.641429e+002	-5.043001e+001
1.640696e+002	-6.011494e+001
1.639963e+002	-6.980073e+001
1.639407e+002	-7.860521e+001
1.641517e+002	-7.420020e+001
1.643804e+002	-6.891472e+001
1.645558e+002	-6.627061e+001
1.646779e+002	-6.626876e+001
1.649421e+002	-5.922148e+001
1.652952e+002	-4.777105e+001
1.653463e+002	-5.129190e+001
1.653973e+002	-5.481275e+001
1.653595e+002	-6.273677e+001
1.656593e+002	-5.392859e+001
1.661900e+002	-3.367094e+001
1.664187e+002	-2.838546e+001
1.664875e+002	-3.102587e+001
1.664142e+002	-4.071079e+001
1.663942e+002	-4.775435e+001
1.665874e+002	-4.422978e+001
1.668338e+002	-3.806296e+001
1.669382e+002	-3.894246e+001
1.668293e+002	-5.038917e+001
1.668448e+002	-5.567093e+001
1.673400e+002	-3.717508e+001
1.674799e+002	-3.629277e+001
1.673355e+002	-4.950129e+001
1.672622e+002	-5.918622e+001
1.673132e+002	-6.270707e+001
1.673287e+002	-6.798972e+001
1.677707e+002	-5.213523e+001
1.684791e+002	-2.307127e+001
1.687789e+002	-1.426308e+001
1.688121e+002	-1.866439e+001
1.686322e+002	-3.363382e+001
1.683101e+002	-5.564866e+001
1.680769e+002	-7.326034e+001
1.681990e+002	-7.325849e+001
1.684633e+002	-6.621121e+001
1.686387e+002	-6.356710e+001
1.689740e+002	-5.299802e+001
1.690250e+002	-5.651798e+001
1.695202e+002	-3.802213e+001
1.696779e+002	-3.625937e+001
1.694446e+002	-5.387104e+001
1.693003e+002	-6.707867e+001
1.692980e+002	-7.324178e+001
1.694023e+002	-7.412038e+001
1.700930e+002	-4.593775e+001
1.706415e+002	-2.479965e+001
1.707636e+002	-2.479779e+001
1.706192e+002	-3.800543e+001
1.705992e+002	-4.504898e+001
1.704193e+002	-6.001841e+001
1.701150e+002	-8.115281e+001
1.701127e+002	-8.731590e+001
1.705013e+002	-7.410367e+001
1.710676e+002	-5.208512e+001
1.711897e+002	-5.208327e+001
1.714362e+002	-4.591733e+001
1.716294e+002	-4.239277e+001
1.718936e+002	-3.534550e+001
1.719269e+002	-3.974681e+001
1.719602e+002	-4.414811e+001
1.723132e+002	-3.269767e+001
1.727018e+002	-1.948545e+001
1.729483e+002	-1.331952e+001
1.728572e+002	-2.388579e+001
1.728017e+002	-3.269026e+001
1.728705e+002	-3.533064e+001
1.728504e+002	-4.237422e+001
1.731324e+002	-3.444649e+001
1.732723e+002	-3.356328e+001
1.731990e+002	-4.324910e+001
1.733922e+002	-3.972453e+001
1.736209e+002	-3.443906e+001
1.737430e+002	-3.443720e+001
1.738651e+002	-3.443535e+001
1.734542e+002	-6.085336e+001
1.731144e+002	-8.374865e+001
1.733786e+002	-7.670139e+001
1.739804e+002	-5.292192e+001
1.743335e+002	-4.147059e+001
1.743846e+002	-4.499144e+001
1.745067e+002	-4.498959e+001
1.747354e+002	-3.970411e+001
1.747509e+002	-4.498588e+001
1.744466e+002	-6.612026e+001
1.743910e+002	-7.492563e+001
1.745664e+002	-7.228151e+001
1.747063e+002	-7.139921e+001
1.751127e+002	-5.730652e+001
1.752881e+002	-5.466241e+001
1.754990e+002	-5.025739e+001
1.758699e+002	-3.792561e+001
1.762407e+002	-2.559473e+001
1.762029e+002	-3.351874e+001
1.763250e+002	-3.351688e+001
1.761629e+002	-4.760586e+001
1.757520e+002	-7.402387e+001
1.757320e+002	-8.106742e+001
1.761383e+002	-6.697473e+001
1.764381e+002	-5.816655e+001
1.767734e+002	-4.759658e+001
1.768955e+002	-4.759473e+001
1.768044e+002	-5.816099e+001
1.773530e+002	-3.702289e+001
1.777238e+002	-2.469200e+001
1.778992e+002	-2.204789e+001
1.778970e+002	-2.821100e+001
1.779835e+002	-2.997005e+001
1.779990e+002	-3.525269e+001
1.778546e+002	-4.846032e+001
1.779234e+002	-5.110072e+001
1.781521e+002	-4.581525e+001
1.783098e+002	-4.405160e+001
1.784319e+002	-4.404974e+001
1.783053e+002	-5.637691e+001
1.781431e+002	-7.046590e+001
1.782830e+002	-6.958358e+001
1.785117e+002	-6.429810e+001
1.787226e+002	-5.989220e+001
1.789514e+002	-5.460673e+001
1.792511e+002	-4.579855e+001
1.796753e+002	-3.082540e+001
1.798152e+002	-2.994220e+001
1.797241e+002	-4.050848e+001
1.795086e+002	-5.723970e+001
1.795241e+002	-6.252145e+001
1.798061e+002	-5.459374e+001
1.802480e+002	-3.874013e+001
1.802280e+002	-4.578370e+001
1.802257e+002	-5.194591e+001
1.805611e+002	-4.137594e+001
1.810030e+002	-2.552233e+001
1.808586e+002	-3.873086e+001
1.807319e+002	-5.105803e+001
1.804276e+002	-7.219243e+001
1.803721e+002	-8.099690e+001
1.804231e+002	-8.451775e+001
1.806518e+002	-7.923227e+001
1.812003e+002	-5.809417e+001
1.816600e+002	-4.135923e+001
1.819953e+002	-3.079014e+001
1.819043e+002	-4.135552e+001
1.815467e+002	-6.513216e+001
1.815977e+002	-6.865301e+001
1.819508e+002	-5.720258e+001
1.824815e+002	-3.694493e+001
1.825681e+002	-3.870487e+001
1.825658e+002	-4.486709e+001
1.825813e+002	-5.014974e+001
1.826857e+002	-5.102834e+001
1.830388e+002	-3.957790e+001
1.834274e+002	-2.636566e+001
1.836383e+002	-2.196065e+001
1.838493e+002	-1.755563e+001
1.836338e+002	-3.428687e+001
1.832584e+002	-5.894307e+001
1.830963e+002	-7.303205e+001
1.833960e+002	-6.422387e+001
1.835537e+002	-6.246021e+001
1.836403e+002	-6.422015e+001
1.837268e+002	-6.597921e+001
1.839911e+002	-5.893193e+001
1.841132e+002	-5.893008e+001
1.842886e+002	-5.628597e+001
1.845706e+002	-4.835824e+001
1.846927e+002	-4.835638e+001
1.850636e+002	-3.602550e+001
1.854877e+002	-2.105235e+001
1.854677e+002	-2.809591e+001
1.851812e+002	-4.834897e+001
1.849124e+002	-6.772245e+001
1.850700e+002	-6.595879e+001
1.855120e+002	-5.010520e+001
1.858828e+002	-3.777341e+001
1.861115e+002	-3.248795e+001
1.863225e+002	-2.808292e+001
1.864623e+002	-2.720062e+001
1.866555e+002	-2.367604e+001
1.865644e+002	-3.424232e+001
1.867220e+002	-3.247866e+001
1.868264e+002	-3.335726e+001
1.867886e+002	-4.128127e+001
1.868752e+002	-4.304122e+001
1.865353e+002	-6.593651e+001
1.866397e+002	-6.681512e+001
1.874192e+002	-3.422932e+001
1.878433e+002	-1.925529e+001
1.876989e+002	-3.246381e+001
1.872170e+002	-6.240453e+001
1.871258e+002	-7.297079e+001
1.871947e+002	-7.561119e+001
1.875833e+002	-6.239895e+001
1.879897e+002	-4.830628e+001
1.883783e+002	-3.509492e+001
1.885004e+002	-3.509307e+001
1.886935e+002	-3.156851e+001
1.890999e+002	-1.747582e+001
1.889911e+002	-2.892255e+001
1.886868e+002	-5.005693e+001
1.889155e+002	-4.477057e+001
1.891975e+002	-3.684285e+001
1.892308e+002	-4.124415e+001
1.894417e+002	-3.683913e+001
1.892795e+002	-5.092811e+001
1.890641e+002	-6.765934e+001
1.891684e+002	-6.853793e+001
1.893971e+002	-6.325157e+001
1.893771e+002	-7.029513e+001
1.894814e+002	-7.117461e+001
1.897457e+002	-6.412735e+001
1.899567e+002	-5.972144e+001
1.905407e+002	-3.682243e+001
1.907339e+002	-3.329787e+001
1.902519e+002	-6.323858e+001
1.900187e+002	-8.085027e+001
1.897854e+002	-9.846194e+001
1.900319e+002	-9.229513e+001
1.904916e+002	-7.556107e+001
1.905959e+002	-7.643967e+001
1.909490e+002	-6.498924e+001
1.913554e+002	-5.089655e+001
1.916374e+002	-4.296882e+001
1.921682e+002	-2.271119e+001
1.922903e+002	-2.270932e+001
1.921281e+002	-3.679830e+001
1.922324e+002	-3.767690e+001
1.923013e+002	-4.031730e+001
1.920325e+002	-5.968989e+001
1.921013e+002	-6.233028e+001
1.923833e+002	-5.440256e+001
1.924877e+002	-5.528116e+001
1.923255e+002	-6.937013e+001
1.921456e+002	-8.433956e+001
1.927652e+002	-5.967875e+001
1.935446e+002	-2.709296e+001
1.938089e+002	-2.004569e+001
1.937533e+002	-2.885015e+001
1.940176e+002	-2.180289e+001
1.942285e+002	-1.739786e+001
1.941374e+002	-2.796413e+001
1.943839e+002	-2.179731e+001
1.946126e+002	-1.651184e+001
1.948235e+002	-1.210683e+001
1.949812e+002	-1.034317e+001
1.950677e+002	-1.210312e+001
1.950655e+002	-1.826532e+001
1.951165e+002	-2.178618e+001
1.951143e+002	-2.794928e+001
1.950765e+002	-3.587330e+001
1.949854e+002	-4.643957e+001
1.948943e+002	-5.700583e+001
1.949453e+002	-6.052668e+001
1.951030e+002	-5.876303e+001
1.952962e+002	-5.523847e+001
1.956492e+002	-4.378803e+001
1.960023e+002	-3.233759e+001
1.961422e+002	-3.145529e+001
1.962465e+002	-3.233389e+001
1.962620e+002	-3.761564e+001
1.962953e+002	-4.201784e+001
1.963286e+002	-4.641915e+001
1.964329e+002	-4.729775e+001
1.963596e+002	-5.698356e+001
1.963218e+002	-6.490757e+001
1.963373e+002	-7.018933e+001
1.965660e+002	-6.490386e+001
1.969013e+002	-5.433387e+001
1.971123e+002	-4.992886e+001
1.971633e+002	-5.344972e+001
1.973565e+002	-4.992516e+001
1.974786e+002	-4.992329e+001
1.976185e+002	-4.904098e+001
1.979538e+002	-3.847100e+001
1.981470e+002	-3.494644e+001
1.983401e+002	-3.142188e+001
1.981957e+002	-4.462951e+001
1.978204e+002	-6.928661e+001
1.977470e+002	-7.897243e+001
1.976560e+002	-8.953869e+001
1.980268e+002	-7.720691e+001
1.988418e+002	-4.285931e+001
1.993726e+002	-2.260167e+001
1.995480e+002	-1.995845e+001
1.995279e+002	-2.700201e+001
1.993303e+002	-4.285190e+001
1.993458e+002	-4.813365e+001
1.995034e+002	-4.637089e+001
1.994123e+002	-5.693716e+001
1.991968e+002	-7.366750e+001
1.996032e+002	-5.957480e+001
2.000452e+002	-4.372121e+001
2.003094e+002	-3.667395e+001
2.002716e+002	-4.459795e+001
2.001983e+002	-5.428377e+001
2.004092e+002	-4.987874e+001
2.007445e+002	-3.930877e+001
2.007245e+002	-4.635233e+001
2.006867e+002	-5.427634e+001
2.011109e+002	-3.930320e+001
2.012685e+002	-3.753955e+001
2.014261e+002	-3.577678e+001
2.015660e+002	-3.489447e+001
2.013683e+002	-5.074435e+001
2.014194e+002	-5.426520e+001
2.015948e+002	-5.162109e+001
2.018768e+002	-4.369338e+001
2.020522e+002	-4.104927e+001
2.020677e+002	-4.633191e+001
2.021720e+002	-4.721051e+001
2.021698e+002	-5.337361e+001
2.025761e+002	-3.928092e+001
2.028582e+002	-3.135320e+001
2.029625e+002	-3.223180e+001
2.028892e+002	-4.191762e+001
2.030646e+002	-3.927351e+001
2.031156e+002	-4.279436e+001
2.032733e+002	-4.103070e+001
2.033776e+002	-4.191019e+001
2.035530e+002	-3.926608e+001
2.037284e+002	-3.662197e+001
2.035130e+002	-5.335319e+001
2.036351e+002	-5.335134e+001
2.036861e+002	-5.687219e+001
2.041458e+002	-4.013725e+001
2.047121e+002	-1.811869e+001
2.048875e+002	-1.547459e+001
2.046010e+002	-3.572853e+001
2.044388e+002	-4.981750e+001
2.044365e+002	-5.597972e+001
2.044698e+002	-6.038191e+001
2.044676e+002	-6.654412e+001
2.045719e+002	-6.742361e+001
2.046762e+002	-6.830221e+001
2.048339e+002	-6.653855e+001
2.050271e+002	-6.301399e+001
2.049892e+002	-7.093889e+001
2.049515e+002	-7.886291e+001
2.050025e+002	-8.238377e+001
2.054977e+002	-6.388792e+001
2.056198e+002	-6.388606e+001
2.055110e+002	-7.533277e+001
2.057219e+002	-7.092775e+001
2.059684e+002	-6.476094e+001
2.063215e+002	-5.331050e+001
2.065146e+002	-4.978594e+001
2.068322e+002	-4.009642e+001
2.069010e+002	-4.273682e+001
2.068454e+002	-5.154128e+001
2.072163e+002	-3.921040e+001
2.076049e+002	-2.599817e+001
2.078336e+002	-2.071269e+001
2.075293e+002	-4.184707e+001
2.073138e+002	-5.857743e+001
2.074715e+002	-5.681466e+001
2.076469e+002	-5.417055e+001
2.077690e+002	-5.416869e+001
2.076424e+002	-6.649586e+001
2.077289e+002	-6.825581e+001
2.083663e+002	-4.271455e+001
2.087016e+002	-3.214456e+001
2.088770e+002	-2.950046e+001
2.089280e+002	-3.302131e+001
2.089258e+002	-3.918442e+001
2.088524e+002	-4.887023e+001
2.088502e+002	-5.503245e+001
2.089012e+002	-5.855329e+001
2.092010e+002	-4.974512e+001
2.094830e+002	-4.181739e+001
2.097828e+002	-3.300832e+001
2.096029e+002	-4.797774e+001
2.095473e+002	-5.678310e+001
2.096161e+002	-5.942261e+001
2.097204e+002	-6.030210e+001
2.099491e+002	-5.501574e+001
2.101956e+002	-4.884981e+001
2.103355e+002	-4.796660e+001
2.106353e+002	-3.915843e+001
2.107574e+002	-3.915657e+001
2.106130e+002	-5.236508e+001
2.103797e+002	-6.997589e+001
2.105907e+002	-6.557086e+001
2.112280e+002	-4.002960e+001
2.115278e+002	-3.122142e+001
2.119164e+002	-1.800919e+001
2.119497e+002	-2.241050e+001
2.118231e+002	-3.473857e+001
2.116609e+002	-4.882754e+001
2.119784e+002	-3.913802e+001
2.125803e+002	-1.535766e+001
2.128090e+002	-1.007218e+001
2.125224e+002	-3.032611e+001
2.123425e+002	-4.529555e+001
2.119849e+002	-6.907130e+001
2.120715e+002	-7.083124e+001
2.125134e+002	-5.497676e+001
2.130264e+002	-3.560045e+001
2.133084e+002	-2.767273e+001
2.136437e+002	-1.710275e+001
2.140678e+002	-2.129607e+000
2.140300e+002	-1.005362e+001
2.140988e+002	-1.269402e+001
2.139900e+002	-2.414074e+001
2.140943e+002	-2.501934e+001
2.142875e+002	-2.149477e+001
2.140365e+002	-3.998691e+001
2.136789e+002	-6.376356e+001
2.136766e+002	-6.992577e+001
2.141008e+002	-5.495262e+001
2.143295e+002	-4.966716e+001
2.145582e+002	-4.438080e+001
2.148757e+002	-3.469217e+001
2.149268e+002	-3.821302e+001
2.146580e+002	-5.758561e+001
2.147090e+002	-6.110646e+001
2.149200e+002	-5.670144e+001
2.151665e+002	-5.053462e+001
2.153063e+002	-4.965230e+001
2.153574e+002	-5.317315e+001
2.154439e+002	-5.493222e+001
2.157082e+002	-4.788494e+001
2.159014e+002	-4.436038e+001
2.157392e+002	-5.844935e+001
2.160212e+002	-5.052163e+001
2.165342e+002	-3.114532e+001
2.165497e+002	-3.642709e+001
2.166185e+002	-3.906747e+001
2.167051e+002	-4.082654e+001
2.169693e+002	-3.378016e+001
2.172158e+002	-2.761333e+001
2.172313e+002	-3.289510e+001
2.169092e+002	-5.490994e+001
2.169425e+002	-5.931125e+001
2.172956e+002	-4.786081e+001
2.175243e+002	-4.257534e+001
2.175220e+002	-4.873844e+001
2.175908e+002	-5.137795e+001
2.177307e+002	-5.049564e+001
2.178528e+002	-5.049378e+001
2.180815e+002	-4.520831e+001
2.181859e+002	-4.608691e+001
2.182902e+002	-4.696551e+001
2.186078e+002	-3.727598e+001
2.185522e+002	-4.608134e+001
2.187809e+002	-4.079498e+001
2.192228e+002	-2.494139e+001
2.194337e+002	-2.053636e+001
2.195381e+002	-2.141496e+001
2.196602e+002	-2.141311e+001
2.197645e+002	-2.229170e+001
2.197800e+002	-2.757436e+001
2.196889e+002	-3.814062e+001
2.195801e+002	-4.958735e+001
2.194534e+002	-6.191452e+001
2.197888e+002	-5.134455e+001
2.198753e+002	-5.310448e+001
2.199441e+002	-5.574400e+001
2.202794e+002	-4.517490e+001
2.206503e+002	-3.284312e+001
2.206836e+002	-3.724443e+001
2.206102e+002	-4.693024e+001
2.207679e+002	-4.516748e+001
2.207834e+002	-5.044924e+001
2.209766e+002	-4.692468e+001
2.211520e+002	-4.428057e+001
2.212208e+002	-4.692097e+001
2.213784e+002	-4.515820e+001
2.214472e+002	-4.779771e+001
2.213739e+002	-5.748352e+001
2.213894e+002	-6.276528e+001
2.217247e+002	-5.219620e+001
2.220600e+002	-4.162621e+001
2.218801e+002	-5.659564e+001
2.218423e+002	-6.451965e+001
2.222842e+002	-4.866606e+001
2.227616e+002	-3.105066e+001
2.227061e+002	-3.985514e+001
2.226328e+002	-4.954095e+001
2.228437e+002	-4.513593e+001
2.230724e+002	-3.984956e+001
2.229813e+002	-5.041583e+001
2.230679e+002	-5.217577e+001
2.231722e+002	-5.305437e+001
2.234542e+002	-4.512664e+001
2.239317e+002	-2.751125e+001
2.241249e+002	-2.398669e+001
2.241404e+002	-2.926844e+001
2.240848e+002	-3.807380e+001
2.239937e+002	-4.864006e+001
2.242047e+002	-4.423417e+001
2.243801e+002	-4.159095e+001
2.246088e+002	-3.630458e+001
2.249619e+002	-2.485415e+001
2.252616e+002	-1.604596e+001
2.254015e+002	-1.516277e+001
2.252038e+002	-3.101355e+001
2.248107e+002	-5.655110e+001
2.245419e+002	-7.592369e+001
2.248772e+002	-6.535370e+001
2.254080e+002	-4.509695e+001
2.254768e+002	-4.773645e+001
2.253324e+002	-6.094497e+001
2.254190e+002	-6.270404e+001
2.261096e+002	-3.452139e+001
2.263561e+002	-2.835458e+001
2.261051e+002	-4.684672e+001
2.262627e+002	-4.508395e+001
2.266158e+002	-3.363353e+001
2.265425e+002	-4.331844e+001
2.261316e+002	-6.973645e+001
2.261116e+002	-7.678001e+001
2.265535e+002	-6.092642e+001
2.269243e+002	-4.859553e+001
2.270464e+002	-4.859366e+001
2.271685e+002	-4.859181e+001
2.276104e+002	-3.273733e+001
2.278036e+002	-2.921277e+001
2.277303e+002	-3.889858e+001
2.276392e+002	-4.946485e+001
2.278679e+002	-4.417848e+001
2.281677e+002	-3.537030e+001
2.281477e+002	-4.241386e+001
2.283231e+002	-3.976975e+001
2.286939e+002	-2.743887e+001
2.288160e+002	-2.743701e+001
2.288493e+002	-3.183831e+001
2.288292e+002	-3.888187e+001
2.287559e+002	-4.856768e+001
2.289491e+002	-4.504313e+001
2.291067e+002	-4.327947e+001
2.289979e+002	-5.472618e+001
2.287824e+002	-7.145742e+001
2.288157e+002	-7.585872e+001
2.292398e+002	-6.088558e+001
2.300904e+002	-2.477619e+001
2.306034e+002	-5.399892e+000
2.303879e+002	-2.213023e+001
2.300481e+002	-4.502641e+001
2.299037e+002	-5.823404e+001
2.299547e+002	-6.175489e+001
2.302367e+002	-5.382718e+001
2.303411e+002	-5.470578e+001
2.302144e+002	-6.703384e+001
2.303543e+002	-6.615064e+001
2.304764e+002	-6.614878e+001
2.306874e+002	-6.174376e+001
2.307917e+002	-6.262236e+001
2.308250e+002	-6.702456e+001
2.310181e+002	-6.349999e+001
2.314423e+002	-4.852685e+001
2.315111e+002	-5.116636e+001
2.318820e+002	-3.883547e+001
2.322173e+002	-2.826549e+001
2.322861e+002	-3.090589e+001
2.323549e+002	-3.354629e+001
2.325125e+002	-3.178263e+001
2.326346e+002	-3.178078e+001
2.326857e+002	-3.530163e+001
2.324524e+002	-5.291331e+001
2.324502e+002	-5.907552e+001
2.328565e+002	-4.498373e+001
2.331030e+002	-3.881690e+001
2.332429e+002	-3.793460e+001
2.330807e+002	-5.202357e+001
2.330429e+002	-5.994760e+001
2.333605e+002	-5.025806e+001
2.333937e+002	-5.465938e+001
2.333382e+002	-6.346473e+001
2.334070e+002	-6.610424e+001
2.337956e+002	-5.289290e+001
2.340243e+002	-4.760654e+001
2.342175e+002	-4.408196e+001
2.342508e+002	-4.848416e+001
2.344084e+002	-4.672051e+001
2.345128e+002	-4.759911e+001
2.346704e+002	-4.583634e+001
2.348813e+002	-4.143133e+001
2.349502e+002	-4.407083e+001
2.350723e+002	-4.406897e+001
2.350878e+002	-4.935163e+001
2.353342e+002	-4.318481e+001
2.354030e+002	-4.582520e+001
2.355074e+002	-4.670380e+001
2.356828e+002	-4.405969e+001
2.356450e+002	-5.198460e+001
2.355539e+002	-6.254998e+001
2.354273e+002	-7.487804e+001
2.356738e+002	-6.871123e+001
2.362045e+002	-4.845446e+001
