    nm         	pN
0.000000e+000	6.306141e+002
7.265159e-002	6.285923e+002
6.288869e-002	6.231988e+002
3.670867e-003	6.157820e+002
-3.905429e-002	6.090399e+002
-6.529764e-002	6.029722e+002
2.383576e-002	6.016246e+002
6.351422e-002	5.982538e+002
-1.217320e-002	5.901633e+002
-1.043411e-001	5.813984e+002
-9.762353e-002	5.766791e+002
-1.238682e-001	5.706113e+002
-1.336311e-001	5.652178e+002
-1.763563e-001	5.584758e+002
-2.026010e-001	5.524080e+002
-1.464407e-001	5.497114e+002
-1.397231e-001	5.449922e+002
-1.329947e-001	5.402733e+002
-1.592394e-001	5.342055e+002
-1.360401e-001	5.301605e+002
-1.394577e-002	5.301615e+002
-2.370866e-002	5.247680e+002
-8.291563e-002	5.173516e+002
-7.619808e-002	5.126323e+002
-2.003780e-002	5.099358e+002
-2.980069e-002	5.045423e+002
-1.384504e-001	4.951032e+002
-1.646951e-001	4.890354e+002
-1.579762e-001	4.843161e+002
-6.884413e-002	4.829686e+002
-9.508884e-002	4.769007e+002
-2.367089e-001	4.661128e+002
-2.135109e-001	4.620677e+002
-1.573411e-001	4.593716e+002
-1.506222e-001	4.546524e+002
-2.098292e-001	4.472360e+002
-2.690463e-001	4.398193e+002
-2.128745e-001	4.371232e+002
-1.731954e-001	4.337525e+002
-1.335054e-001	4.303821e+002
-1.597501e-001	4.243143e+002
-7.062755e-002	4.229663e+002
-1.445710e-002	4.202702e+002
-1.231156e-001	4.108308e+002
-1.658415e-001	4.040887e+002
-1.096703e-001	4.013926e+002
-1.688773e-001	3.939763e+002
-1.786395e-001	3.885828e+002
-8.951831e-002	3.872347e+002
-1.652051e-001	3.791442e+002
-1.584882e-001	3.744249e+002
-3.639319e-002	3.744259e+002
-9.559949e-002	3.670095e+002
-1.218428e-001	3.609418e+002
-1.480875e-001	3.548740e+002
-1.743322e-001	3.488062e+002
-1.840951e-001	3.434126e+002
-1.444160e-001	3.400419e+002
-3.880214e-002	3.393686e+002
-1.560413e-002	3.353235e+002
-8.875715e-003	3.306047e+002
4.728457e-002	3.279082e+002
8.697457e-002	3.245378e+002
4.423923e-002	3.177954e+002
-1.496774e-002	3.103790e+002
-2.473064e-002	3.049855e+002
-1.521771e-003	3.009409e+002
5.463851e-002	2.982444e+002
6.135607e-002	2.935251e+002
5.159249e-002	2.881316e+002
7.480204e-002	2.840870e+002
1.309623e-001	2.813905e+002
7.175602e-002	2.739742e+002
7.847359e-002	2.692549e+002
1.676063e-001	2.679073e+002
1.578427e-001	2.625138e+002
2.140139e-001	2.598177e+002
1.383163e-001	2.517267e+002
1.944874e-001	2.490307e+002
1.517616e-001	2.422886e+002
2.079225e-001	2.395921e+002
2.805748e-001	2.375703e+002
3.697068e-001	2.362227e+002
3.599439e-001	2.308292e+002
2.348029e-001	2.207154e+002
2.415205e-001	2.159961e+002
2.812003e-001	2.126253e+002
3.208903e-001	2.092550e+002
3.111267e-001	2.038615e+002
3.508059e-001	2.004907e+002
3.904959e-001	1.971204e+002
3.807330e-001	1.917268e+002
4.204115e-001	1.883561e+002
4.271399e-001	1.836372e+002
3.349611e-001	1.748720e+002
2.427933e-001	1.661071e+002
2.989535e-001	1.634106e+002
3.716051e-001	1.613888e+002
4.772190e-001	1.607155e+002
4.344830e-001	1.539730e+002
2.104579e-001	1.398137e+002
2.831095e-001	1.377919e+002
4.711270e-001	1.404899e+002
5.602603e-001	1.391423e+002
7.812510e-001	1.431893e+002
1.117609e+000	1.519560e+002
1.289146e+000	1.539797e+002
1.477175e+000	1.566782e+002
1.401488e+000	1.485876e+002
1.292829e+000	1.391481e+002
1.365481e+000	1.371263e+002
1.619422e+000	1.425213e+002
1.856895e+000	1.472425e+002
1.896584e+000	1.438722e+002
1.853859e+000	1.371301e+002
1.926500e+000	1.351078e+002
2.065076e+000	1.357831e+002
2.351991e+000	1.425270e+002
2.292784e+000	1.351107e+002
1.953381e+000	1.162311e+002
2.108437e+000	1.175806e+002
2.279985e+000	1.196048e+002
2.303185e+000	1.155598e+002
2.491202e+000	1.182578e+002
2.580336e+000	1.169102e+002
2.521130e+000	1.094939e+002
2.643224e+000	1.094949e+002
2.518083e+000	9.938108e+001
2.491839e+000	9.331327e+001
2.548010e+000	9.061721e+001
2.867887e+000	9.870970e+001
2.957019e+000	9.736215e+001
2.864840e+000	8.859687e+001
2.970454e+000	8.792358e+001
3.191446e+000	9.197053e+001
3.033343e+000	8.050823e+001
2.908203e+000	7.039444e+001
2.931401e+000	6.634942e+001
2.806271e+000	5.623608e+001
2.829469e+000	5.219105e+001
3.083422e+000	5.758651e+001
3.337375e+000	6.298197e+001
3.607810e+000	6.905169e+001
3.614527e+000	6.433241e+001
3.555320e+000	5.691609e+001
3.660934e+000	5.624280e+001
3.552275e+000	4.680327e+001
3.542511e+000	4.140973e+001
3.631644e+000	4.006217e+001
3.704296e+000	3.804037e+001
4.057134e+000	4.748137e+001
4.179230e+000	4.748233e+001
4.054089e+000	3.736855e+001
4.027844e+000	3.130074e+001
4.051053e+000	2.725616e+001
4.321488e+000	3.332588e+001
4.443582e+000	3.332684e+001
4.285480e+000	2.186454e+001
4.226273e+000	1.444823e+001
4.150576e+000	6.357222e+000
4.091369e+000	-1.059083e+000
4.460698e+000	9.056611e+000
4.549821e+000	7.708614e+000
4.424692e+000	-2.404714e+000
4.530305e+000	-3.078018e+000
4.652401e+000	-3.077051e+000
4.823938e+000	-1.053322e+000
4.583420e+000	-1.588735e+001
4.573657e+000	-2.128089e+001
4.629828e+000	-2.397696e+001
4.685998e+000	-2.667303e+001
5.022356e+000	-1.790629e+001
5.177412e+000	-1.655681e+001
5.398403e+000	-1.250986e+001
5.652356e+000	-7.114408e+000
5.807412e+000	-5.764929e+000
5.962469e+000	-4.415461e+000
6.232902e+000	1.654246e+000
6.354998e+000	1.655213e+000
6.460610e+000	9.819085e-001
6.516783e+000	-1.714148e+000
6.655358e+000	-1.038930e+000
6.793934e+000	-3.637125e-001
7.031405e+000	4.357482e+000
7.252397e+000	8.404426e+000
7.242633e+000	3.010884e+000
7.002115e+000	-1.182313e+001
7.074768e+000	-1.384494e+001
6.966107e+000	-2.328447e+001
6.873939e+000	-3.204930e+001
7.259740e+000	-2.125977e+001
7.629070e+000	-1.114408e+001
7.569864e+000	-1.856038e+001
7.691958e+000	-1.855943e+001
7.978874e+000	-1.181545e+001
7.870213e+000	-2.125498e+001
7.646188e+000	-3.541431e+001
7.751802e+000	-3.608760e+001
8.071678e+000	-2.799511e+001
8.193772e+000	-2.799415e+001
7.920303e+000	-4.417625e+001
7.745710e+000	-5.631325e+001
8.065596e+000	-4.822032e+001
8.138237e+000	-5.024257e+001
8.260333e+000	-5.024162e+001
8.481323e+000	-4.619467e+001
8.619899e+000	-4.551946e+001
8.659589e+000	-4.888977e+001
8.583891e+000	-5.698079e+001
8.326904e+000	-7.248863e+001
8.251205e+000	-8.057963e+001
8.356818e+000	-8.125294e+001
8.709668e+000	-7.181149e+001
9.013063e+000	-6.439326e+001
9.217573e+000	-6.102058e+001
9.323188e+000	-6.169387e+001
9.214529e+000	-7.113340e+001
9.006983e+000	-8.461847e+001
9.129077e+000	-8.461751e+001
9.383031e+000	-7.922204e+001
9.653464e+000	-7.315232e+001
9.989821e+000	-6.438559e+001
1.017785e+001	-6.168715e+001
9.986775e+000	-7.449841e+001
9.944050e+000	-8.124046e+001
9.851882e+000	-9.000529e+001
9.776184e+000	-9.809629e+001
9.881798e+000	-9.876960e+001
1.031705e+001	-8.595686e+001
1.058749e+001	-7.988715e+001
1.066014e+001	-8.190896e+001
1.041963e+001	-9.674254e+001
1.039338e+001	-1.028108e+002
1.053196e+001	-1.021351e+002
1.055516e+001	-1.061801e+002
1.062781e+001	-1.082020e+002
1.074991e+001	-1.082010e+002
1.097089e+001	-1.041545e+002
1.087872e+001	-1.129193e+002
1.083599e+001	-1.196614e+002
1.074381e+001	-1.284267e+002
1.083295e+001	-1.297742e+002
1.090560e+001	-1.317960e+002
1.106066e+001	-1.304465e+002
1.172666e+001	-1.081933e+002
1.184876e+001	-1.081924e+002
1.159176e+001	-1.237006e+002
1.156552e+001	-1.297684e+002
1.165465e+001	-1.311160e+002
1.171081e+001	-1.338125e+002
1.194828e+001	-1.290913e+002
1.225168e+001	-1.216731e+002
1.250563e+001	-1.162776e+002
1.257828e+001	-1.182994e+002
1.255204e+001	-1.243672e+002
1.247634e+001	-1.324582e+002
1.256547e+001	-1.338058e+002
1.248978e+001	-1.418964e+002
1.256243e+001	-1.439186e+002
1.288231e+001	-1.358257e+002
1.326812e+001	-1.250357e+002
1.340670e+001	-1.243605e+002
1.329804e+001	-1.338000e+002
1.310698e+001	-1.466108e+002
1.339389e+001	-1.398669e+002
1.340061e+001	-1.445862e+002
1.330844e+001	-1.533510e+002
1.313386e+001	-1.654875e+002
1.327243e+001	-1.648123e+002
1.375713e+001	-1.499768e+002
1.389572e+001	-1.493012e+002
1.367168e+001	-1.634609e+002
1.367840e+001	-1.681802e+002
1.360271e+001	-1.762708e+002
1.367536e+001	-1.782926e+002
1.407765e+001	-1.668284e+002
1.418326e+001	-1.675021e+002
1.420647e+001	-1.715467e+002
1.419670e+001	-1.769402e+002
1.428583e+001	-1.782878e+002
1.473757e+001	-1.648008e+002
1.527172e+001	-1.479421e+002
1.541030e+001	-1.472669e+002
1.540053e+001	-1.526604e+002
1.552263e+001	-1.526595e+002
1.554582e+001	-1.567045e+002
1.548662e+001	-1.641208e+002
1.522962e+001	-1.796291e+002
1.526931e+001	-1.829994e+002
1.573753e+001	-1.688382e+002
1.597500e+001	-1.641170e+002
1.626191e+001	-1.573730e+002
1.659828e+001	-1.486058e+002
1.663796e+001	-1.519766e+002
1.652930e+001	-1.614161e+002
1.647009e+001	-1.688324e+002
1.665812e+001	-1.661340e+002
1.678022e+001	-1.661330e+002
1.678693e+001	-1.708523e+002
1.687607e+001	-1.721998e+002
1.686630e+001	-1.775934e+002
1.664227e+001	-1.917532e+002
1.655010e+001	-2.005180e+002
1.663923e+001	-2.018655e+002
1.692615e+001	-1.951216e+002
1.693286e+001	-1.998409e+002
1.695606e+001	-2.038859e+002
1.750669e+001	-1.863529e+002
1.815622e+001	-1.647739e+002
1.883871e+001	-1.418465e+002
1.960360e+001	-1.155477e+002
2.008831e+001	-1.007118e+002
2.042467e+001	-9.194501e+001
2.041491e+001	-9.733855e+001
2.056997e+001	-9.598863e+001
2.108763e+001	-7.980461e+001
2.162178e+001	-6.294590e+001
2.185925e+001	-5.822469e+001
2.219562e+001	-4.945751e+001
2.228474e+001	-5.080551e+001
2.276945e+001	-3.596956e+001
2.313878e+001	-2.585386e+001
2.301364e+001	-3.596764e+001
2.315221e+001	-3.529242e+001
2.357099e+001	-2.315395e+001
2.369308e+001	-2.315299e+001
2.389759e+001	-1.978031e+001
2.401969e+001	-1.977934e+001
2.377917e+001	-3.461337e+001
2.360458e+001	-4.674992e+001
2.334759e+001	-6.225821e+001
2.350265e+001	-6.090829e+001
2.365771e+001	-5.955881e+001
2.386221e+001	-5.618657e+001
2.424802e+001	-4.539662e+001
2.448549e+001	-4.067541e+001
2.442629e+001	-4.809171e+001
2.421874e+001	-6.157679e+001
2.442324e+001	-5.820454e+001
2.451237e+001	-5.955209e+001
2.456853e+001	-6.224862e+001
2.516862e+001	-4.269242e+001
2.568629e+001	-2.650796e+001
2.577541e+001	-2.785596e+001
2.599640e+001	-2.380901e+001
2.587126e+001	-3.392280e+001
2.592743e+001	-3.661887e+001
2.609897e+001	-3.459514e+001
2.638588e+001	-2.785116e+001
2.673873e+001	-1.840972e+001
2.666304e+001	-2.650028e+001
2.645549e+001	-3.998580e+001
2.639628e+001	-4.740211e+001
2.625466e+001	-5.819015e+001
2.659103e+001	-4.942296e+001
2.687794e+001	-4.267899e+001
2.693410e+001	-4.537550e+001
2.654526e+001	-6.627783e+001
2.663438e+001	-6.762584e+001
2.697075e+001	-5.885865e+001
2.730711e+001	-5.009190e+001
2.729735e+001	-5.548500e+001
2.766667e+001	-4.536974e+001
2.782174e+001	-4.401983e+001
2.799328e+001	-4.199610e+001
2.806593e+001	-4.401790e+001
2.794079e+001	-5.413168e+001
2.788158e+001	-6.154800e+001
2.816850e+001	-5.480402e+001
2.847189e+001	-4.738579e+001
2.846213e+001	-5.277933e+001
2.860070e+001	-5.210412e+001
2.901948e+001	-3.996564e+001
2.917453e+001	-3.861617e+001
2.918126e+001	-4.333501e+001
2.912204e+001	-5.075177e+001
2.899692e+001	-6.086510e+001
2.923437e+001	-5.614434e+001
2.968612e+001	-4.265691e+001
2.952802e+001	-5.411921e+001
2.973252e+001	-5.074696e+001
3.003592e+001	-4.332829e+001
3.005912e+001	-4.737331e+001
2.981860e+001	-6.220734e+001
2.966050e+001	-7.366965e+001
2.984853e+001	-7.097122e+001
2.998711e+001	-7.029599e+001
3.027402e+001	-6.355202e+001
3.034667e+001	-6.557383e+001
3.048525e+001	-6.489861e+001
3.039307e+001	-7.366388e+001
3.051517e+001	-7.366293e+001
3.114821e+001	-5.275822e+001
3.131975e+001	-5.073450e+001
3.112869e+001	-6.354530e+001
3.083872e+001	-8.040210e+001
3.104324e+001	-7.702940e+001
3.133015e+001	-7.028544e+001
3.130391e+001	-7.635323e+001
3.131062e+001	-8.107252e+001
3.128438e+001	-8.714032e+001
3.147241e+001	-8.444188e+001
3.194062e+001	-7.028064e+001
3.227699e+001	-6.151345e+001
3.218481e+001	-7.027872e+001
3.169707e+001	-9.522705e+001
3.167083e+001	-1.012948e+002
3.185884e+001	-9.859685e+001
3.207984e+001	-9.454990e+001
3.223489e+001	-9.320043e+001
3.224161e+001	-9.791972e+001
3.219888e+001	-1.046618e+002
3.232098e+001	-1.046608e+002
3.269031e+001	-9.454511e+001
3.314204e+001	-8.105813e+001
3.329710e+001	-7.970864e+001
3.304011e+001	-9.521649e+001
3.284905e+001	-1.080273e+002
3.277335e+001	-1.161183e+002
3.320860e+001	-1.033056e+002
3.356145e+001	-9.386413e+001
3.391430e+001	-8.442269e+001
3.436604e+001	-7.093570e+001
3.460351e+001	-6.621449e+001
3.433003e+001	-8.239703e+001
3.435323e+001	-8.644207e+001
3.478848e+001	-7.362934e+001
3.492707e+001	-7.295367e+001
3.495026e+001	-7.699870e+001
3.497346e+001	-8.104373e+001
3.526038e+001	-7.429975e+001
3.586046e+001	-5.474356e+001
3.565291e+001	-6.822908e+001
3.557722e+001	-7.631965e+001
3.581469e+001	-7.159844e+001
3.578845e+001	-7.766624e+001
3.576220e+001	-8.373403e+001
3.599967e+001	-7.901283e+001
3.651733e+001	-6.282882e+001
3.700204e+001	-4.799288e+001
3.728896e+001	-4.124890e+001
3.752643e+001	-3.652769e+001
3.717053e+001	-5.608196e+001
3.747394e+001	-4.866329e+001
3.800809e+001	-3.180458e+001
3.831148e+001	-2.438635e+001
3.813690e+001	-3.652290e+001
3.784694e+001	-5.337969e+001
3.800200e+001	-5.203022e+001
3.847022e+001	-3.786853e+001
3.885602e+001	-2.707902e+001
3.902757e+001	-2.505485e+001
3.898485e+001	-3.179690e+001
3.844765e+001	-5.876844e+001
3.833899e+001	-6.820796e+001
3.857646e+001	-6.348676e+001
3.886338e+001	-5.674279e+001
3.926567e+001	-4.527857e+001
3.955258e+001	-3.853459e+001
3.967468e+001	-3.853364e+001
3.992863e+001	-3.313818e+001
3.998480e+001	-3.583425e+001
3.999152e+001	-4.055353e+001
4.016306e+001	-3.852980e+001
4.003792e+001	-4.864314e+001
4.001168e+001	-5.471093e+001
4.029860e+001	-4.796696e+001
4.070089e+001	-3.650275e+001
4.102077e+001	-2.841026e+001
4.069784e+001	-4.661557e+001
4.052326e+001	-5.875213e+001
4.041460e+001	-6.819165e+001
4.061911e+001	-6.481896e+001
4.042804e+001	-7.762978e+001
4.026994e+001	-8.909207e+001
4.067223e+001	-7.762785e+001
4.115693e+001	-6.279235e+001
4.165812e+001	-4.728215e+001
4.201097e+001	-3.784071e+001
4.175397e+001	-5.334898e+001
4.144753e+001	-7.088004e+001
4.142128e+001	-7.694784e+001
4.169172e+001	-7.087812e+001
4.202808e+001	-6.211137e+001
4.252926e+001	-4.660117e+001
4.284914e+001	-3.850869e+001
4.292179e+001	-4.053050e+001
4.292851e+001	-4.524978e+001
4.267152e+001	-6.075761e+001
4.241452e+001	-7.626590e+001
4.233884e+001	-8.435647e+001
4.280705e+001	-7.019522e+001
4.286322e+001	-7.289130e+001
4.303476e+001	-7.086757e+001
4.328871e+001	-6.547210e+001
4.342729e+001	-6.479688e+001
4.369772e+001	-5.872717e+001
4.405057e+001	-4.928572e+001
4.400783e+001	-5.602822e+001
4.371789e+001	-7.288458e+001
4.405424e+001	-6.411783e+001
4.453895e+001	-4.928189e+001
4.447973e+001	-5.669865e+001
4.417329e+001	-7.422970e+001
4.431187e+001	-7.355448e+001
4.486250e+001	-5.602150e+001
4.516590e+001	-4.860283e+001
4.497484e+001	-6.141365e+001
4.463542e+001	-8.029365e+001
4.460918e+001	-8.636146e+001
4.479721e+001	-8.366302e+001
4.505116e+001	-7.826756e+001
4.560179e+001	-6.073458e+001
4.524590e+001	-8.028886e+001
4.528559e+001	-8.365918e+001
4.586918e+001	-6.477769e+001
4.615610e+001	-5.803372e+001
4.619579e+001	-6.140405e+001
4.633436e+001	-6.072883e+001
4.645646e+001	-6.072787e+001
4.636428e+001	-6.949313e+001
4.574468e+001	-9.983597e+001
4.560306e+001	-1.106240e+002
4.613721e+001	-9.376528e+001
4.640764e+001	-8.769557e+001
4.649677e+001	-8.904312e+001
4.673424e+001	-8.432192e+001
4.723542e+001	-6.881216e+001
4.750585e+001	-6.274245e+001
4.767740e+001	-6.071828e+001
4.783246e+001	-5.936880e+001
4.811938e+001	-5.262482e+001
4.832388e+001	-4.925214e+001
4.819875e+001	-5.936591e+001
4.802416e+001	-7.150247e+001
4.814625e+001	-7.150151e+001
4.836724e+001	-6.745501e+001
4.835749e+001	-7.284811e+001
4.833124e+001	-7.891591e+001
4.848630e+001	-7.756644e+001
4.867431e+001	-7.486844e+001
4.886234e+001	-7.217001e+001
4.891850e+001	-7.486652e+001
4.910653e+001	-7.216809e+001
4.904732e+001	-7.958485e+001
4.895515e+001	-8.834967e+001
4.902780e+001	-9.037148e+001
4.936416e+001	-8.160474e+001
4.923902e+001	-9.171852e+001
4.917981e+001	-9.913483e+001
4.936784e+001	-9.643640e+001
4.932510e+001	-1.031789e+002
4.926590e+001	-1.105952e+002
4.953633e+001	-1.045255e+002
4.972436e+001	-1.018271e+002
4.984646e+001	-1.018261e+002
4.977076e+001	-1.099171e+002
5.004119e+001	-1.038474e+002
5.036108e+001	-9.575447e+001
5.091171e+001	-7.822149e+001
5.113269e+001	-7.417499e+001
5.094163e+001	-8.698581e+001
5.053629e+001	-1.085628e+002
5.047708e+001	-1.159792e+002
5.068159e+001	-1.126065e+002
5.124870e+001	-9.439924e+001
5.148618e+001	-8.967804e+001
5.132807e+001	-1.011403e+002
5.126886e+001	-1.085571e+002
5.104483e+001	-1.227164e+002
5.090321e+001	-1.335044e+002
5.092641e+001	-1.375495e+002
5.108148e+001	-1.361996e+002
5.133543e+001	-1.308041e+002
5.155641e+001	-1.267576e+002
5.189278e+001	-1.179904e+002
5.206431e+001	-1.159667e+002
5.236771e+001	-1.085485e+002
5.239092e+001	-1.125930e+002
5.236467e+001	-1.186608e+002
5.235491e+001	-1.240544e+002
5.244404e+001	-1.254019e+002
5.236834e+001	-1.334929e+002
5.252340e+001	-1.321435e+002
5.271143e+001	-1.294450e+002
5.286649e+001	-1.280956e+002
5.302154e+001	-1.267461e+002
5.337439e+001	-1.173046e+002
5.346352e+001	-1.186522e+002
5.342080e+001	-1.253943e+002
5.347696e+001	-1.280908e+002
5.325293e+001	-1.422501e+002
5.309483e+001	-1.537124e+002
5.321693e+001	-1.537114e+002
5.340495e+001	-1.510134e+002
5.364242e+001	-1.462922e+002
5.396229e+001	-1.381997e+002
5.424922e+001	-1.314553e+002
5.435482e+001	-1.321291e+002
5.472415e+001	-1.220134e+002
5.494514e+001	-1.179664e+002
5.501778e+001	-1.199887e+002
5.505747e+001	-1.233590e+002
5.514661e+001	-1.247066e+002
5.551593e+001	-1.145913e+002
5.596767e+001	-1.011039e+002
5.627107e+001	-9.368563e+001
5.632724e+001	-9.638171e+001
5.658118e+001	-9.098668e+001
5.662087e+001	-9.435701e+001
5.684186e+001	-9.031006e+001
5.686506e+001	-9.435509e+001
5.675640e+001	-1.037946e+002
5.710925e+001	-9.435317e+001
5.752802e+001	-8.221469e+001
5.791383e+001	-7.142474e+001
5.828316e+001	-6.130903e+001
5.883379e+001	-4.377606e+001
5.907125e+001	-3.905531e+001
5.934169e+001	-3.298559e+001
5.948026e+001	-3.231037e+001
5.948699e+001	-3.702921e+001
5.941129e+001	-4.512022e+001
5.945098e+001	-4.849055e+001
5.968845e+001	-4.376934e+001
5.999185e+001	-3.635112e+001
6.003153e+001	-3.972189e+001
6.017011e+001	-3.904667e+001
6.040758e+001	-3.432546e+001
6.056263e+001	-3.297599e+001
6.028917e+001	-4.915809e+001
6.019699e+001	-5.792336e+001
6.066522e+001	-4.376167e+001
6.093565e+001	-3.769195e+001
6.102477e+001	-3.903995e+001
6.132817e+001	-3.162128e+001
6.174695e+001	-1.948280e+001
6.152291e+001	-3.364257e+001
6.149667e+001	-3.971036e+001
6.170118e+001	-3.633768e+001
6.165845e+001	-4.307973e+001
6.174757e+001	-4.442773e+001
6.191912e+001	-4.240356e+001
6.207418e+001	-4.105408e+001
6.194904e+001	-5.116786e+001
6.203817e+001	-5.251542e+001
6.229212e+001	-4.711996e+001
6.252959e+001	-4.239875e+001
6.248687e+001	-4.914081e+001
6.222987e+001	-6.464910e+001
6.228603e+001	-6.734561e+001
6.262240e+001	-5.857841e+001
6.304117e+001	-4.643995e+001
6.332809e+001	-3.969597e+001
6.359852e+001	-3.362625e+001
6.375357e+001	-3.227679e+001
6.364493e+001	-4.171586e+001
6.371758e+001	-4.373768e+001
6.393856e+001	-3.969118e+001
6.412659e+001	-3.699275e+001
6.421571e+001	-3.834074e+001
6.407410e+001	-4.912834e+001
6.408082e+001	-5.384762e+001
6.420291e+001	-5.384666e+001
6.453927e+001	-4.507992e+001
6.502398e+001	-3.024397e+001
6.521200e+001	-2.754598e+001
6.528465e+001	-2.956779e+001
6.517599e+001	-3.900732e+001
6.533106e+001	-3.765740e+001
6.550260e+001	-3.563367e+001
6.550931e+001	-4.035295e+001
6.556548e+001	-4.304903e+001
6.568758e+001	-4.304806e+001
6.595801e+001	-3.697834e+001
6.617899e+001	-3.293184e+001
6.621868e+001	-3.630217e+001
6.612650e+001	-4.506744e+001
6.634749e+001	-4.102049e+001
6.660144e+001	-3.562504e+001
6.655872e+001	-4.236709e+001
6.640062e+001	-5.382939e+001
6.657216e+001	-5.180565e+001
6.672721e+001	-5.045619e+001
6.711302e+001	-3.966622e+001
6.718567e+001	-4.168804e+001
6.709350e+001	-5.045330e+001
6.723207e+001	-4.977809e+001
6.748603e+001	-4.438262e+001
6.747626e+001	-4.977617e+001
6.766429e+001	-4.707773e+001
6.767101e+001	-5.179701e+001
6.767772e+001	-5.651631e+001
6.814595e+001	-4.235461e+001
6.823509e+001	-4.370217e+001
6.799457e+001	-5.853620e+001
6.786943e+001	-6.864997e+001
6.818932e+001	-6.055705e+001
6.872347e+001	-4.369833e+001
6.927409e+001	-2.616535e+001
6.962694e+001	-1.672435e+001
6.961717e+001	-2.211790e+001
6.929425e+001	-4.032321e+001
6.892189e+001	-6.055129e+001
6.881322e+001	-6.999082e+001
6.938033e+001	-5.178358e+001
7.012876e+001	-2.615864e+001
6.998714e+001	-3.694668e+001
6.963124e+001	-5.650095e+001
6.985223e+001	-5.245400e+001
7.055120e+001	-2.885227e+001
7.059088e+001	-3.222304e+001
7.025147e+001	-5.110261e+001
6.992855e+001	-6.930792e+001
6.981990e+001	-7.874700e+001
6.999144e+001	-7.672327e+001
7.037725e+001	-6.593331e+001
7.082899e+001	-5.244633e+001
7.154444e+001	-2.817033e+001
7.168302e+001	-2.749512e+001
7.142603e+001	-4.300296e+001
7.149867e+001	-4.502521e+001
7.175262e+001	-3.962975e+001
7.203953e+001	-3.288578e+001
7.217811e+001	-3.221057e+001
7.197057e+001	-4.569563e+001
7.171358e+001	-6.120347e+001
7.176974e+001	-6.389998e+001
7.187536e+001	-6.457328e+001
7.229413e+001	-5.243481e+001
7.281179e+001	-3.625035e+001
7.303277e+001	-3.220385e+001
7.270985e+001	-5.040915e+001
7.228805e+001	-7.266001e+001
7.227828e+001	-7.805356e+001
7.238390e+001	-7.872685e+001
7.263784e+001	-7.333183e+001
7.305662e+001	-6.119292e+001
7.327760e+001	-5.714641e+001
7.348211e+001	-5.377372e+001
7.380198e+001	-4.568124e+001
7.387464e+001	-4.770305e+001
7.374950e+001	-5.781683e+001
7.364084e+001	-6.725636e+001
7.404313e+001	-5.579214e+001
7.403338e+001	-6.118524e+001
7.394120e+001	-6.995051e+001
7.407977e+001	-6.927529e+001
7.430076e+001	-6.522835e+001
7.460416e+001	-5.781011e+001
7.441309e+001	-7.062093e+001
7.425499e+001	-8.208323e+001
7.416281e+001	-9.084850e+001
7.446622e+001	-8.342981e+001
7.458831e+001	-8.342886e+001
7.464448e+001	-8.612536e+001
7.466769e+001	-9.016995e+001
7.454255e+001	-1.002837e+002
7.445037e+001	-1.090490e+002
7.435820e+001	-1.178138e+002
7.469455e+001	-1.090471e+002
7.527816e+001	-9.016515e+001
7.553210e+001	-8.477014e+001
7.534103e+001	-9.758095e+001
7.536425e+001	-1.016255e+002
7.546985e+001	-1.022993e+002
7.552602e+001	-1.049953e+002
7.559867e+001	-1.070171e+002
7.573725e+001	-1.063419e+002
7.613954e+001	-9.487772e+001
7.664072e+001	-7.936796e+001
7.663095e+001	-8.476150e+001
7.657175e+001	-9.217781e+001
7.664440e+001	-9.419963e+001
7.683242e+001	-9.150164e+001
7.702045e+001	-8.880320e+001
7.732385e+001	-8.138498e+001
7.741298e+001	-8.273253e+001
7.723839e+001	-9.486908e+001
7.740993e+001	-9.284536e+001
7.748258e+001	-9.486716e+001
7.735744e+001	-1.049809e+002
7.771029e+001	-9.553950e+001
7.840926e+001	-7.193777e+001
7.859728e+001	-6.923978e+001
7.843918e+001	-8.070208e+001
7.829755e+001	-9.149011e+001
7.823835e+001	-9.890643e+001
7.809673e+001	-1.096945e+002
7.802104e+001	-1.177850e+002
7.834092e+001	-1.096925e+002
7.875969e+001	-9.755408e+001
7.889827e+001	-9.687887e+001
7.878962e+001	-1.063179e+002
7.882930e+001	-1.096887e+002
7.886899e+001	-1.130590e+002
7.920534e+001	-1.042923e+002
7.957468e+001	-9.417660e+001
7.964733e+001	-9.619840e+001
7.981886e+001	-9.417467e+001
8.000688e+001	-9.147668e+001
7.988175e+001	-1.015900e+002
7.988847e+001	-1.063093e+002
7.997760e+001	-1.076569e+002
8.044582e+001	-9.349561e+001
8.045254e+001	-9.821489e+001
8.034389e+001	-1.076540e+002
8.038356e+001	-1.110248e+002
8.020898e+001	-1.231613e+002
8.036404e+001	-1.218118e+002
8.086523e+001	-1.063016e+002
8.141586e+001	-8.876866e+001
8.134016e+001	-9.685967e+001
8.133040e+001	-1.022532e+002
8.146898e+001	-1.015776e+002
8.168996e+001	-9.753105e+001
8.191095e+001	-9.348410e+001
8.213195e+001	-8.943715e+001
8.227052e+001	-8.876194e+001
8.226075e+001	-9.415548e+001
8.244877e+001	-9.145749e+001
8.283459e+001	-8.066753e+001
8.305557e+001	-7.662058e+001
8.316119e+001	-7.729388e+001
8.325032e+001	-7.864143e+001
8.320759e+001	-8.538393e+001
8.342858e+001	-8.133699e+001
8.399569e+001	-6.312976e+001
8.477708e+001	-3.615630e+001
8.531123e+001	-1.929758e+001
8.533442e+001	-2.334261e+001
8.535762e+001	-2.738763e+001
8.515008e+001	-4.087270e+001
8.481067e+001	-5.975227e+001
8.486683e+001	-6.244878e+001
8.518672e+001	-5.435585e+001
8.514399e+001	-6.109790e+001
8.516719e+001	-6.514293e+001
8.522336e+001	-6.783944e+001
8.537842e+001	-6.648952e+001
8.559940e+001	-6.244303e+001
8.557316e+001	-6.851082e+001
8.546451e+001	-7.794990e+001
8.568549e+001	-7.390340e+001
8.595593e+001	-6.783368e+001
8.635821e+001	-5.636947e+001
8.664513e+001	-4.962550e+001
8.688260e+001	-4.490430e+001
8.680691e+001	-5.299486e+001
8.689604e+001	-5.434242e+001
8.711703e+001	-5.029591e+001
8.712375e+001	-5.501475e+001
8.686676e+001	-7.052304e+001
8.674161e+001	-8.063682e+001
8.714391e+001	-6.917261e+001
8.774398e+001	-4.961686e+001
8.824517e+001	-3.410666e+001
8.835078e+001	-3.477996e+001
8.787952e+001	-5.905402e+001
8.752364e+001	-7.860785e+001
8.743146e+001	-8.737312e+001
8.763597e+001	-8.400043e+001
8.779103e+001	-8.265096e+001
8.789664e+001	-8.332425e+001
8.803521e+001	-8.264903e+001
8.815731e+001	-8.264808e+001
8.829588e+001	-8.197285e+001
8.864873e+001	-7.253141e+001
8.921585e+001	-5.432418e+001
8.933794e+001	-5.432322e+001
8.904798e+001	-7.118002e+001
8.879098e+001	-8.668830e+001
8.911087e+001	-7.859537e+001
8.974391e+001	-5.769111e+001
8.983304e+001	-5.903866e+001
8.974086e+001	-6.780393e+001
8.974759e+001	-7.252277e+001
9.010043e+001	-6.308177e+001
9.078291e+001	-4.015431e+001
9.095445e+001	-3.813056e+001
9.087876e+001	-4.622114e+001
9.072066e+001	-5.768343e+001
9.034829e+001	-7.791152e+001
9.053632e+001	-7.521353e+001
9.069137e+001	-7.386406e+001
9.097829e+001	-6.712008e+001
9.131465e+001	-5.835289e+001
9.137083e+001	-6.104896e+001
9.152588e+001	-5.969949e+001
9.145018e+001	-6.779050e+001
9.186896e+001	-5.565203e+001
9.232070e+001	-4.216460e+001
9.242632e+001	-4.283789e+001
9.256489e+001	-4.216268e+001
9.257161e+001	-4.688196e+001
9.264426e+001	-4.890377e+001
9.268394e+001	-5.227454e+001
9.237750e+001	-6.980559e+001
9.216996e+001	-8.329066e+001
9.237446e+001	-7.991842e+001
9.264489e+001	-7.384870e+001
9.288236e+001	-6.912750e+001
9.325169e+001	-5.901180e+001
9.320896e+001	-6.575385e+001
9.314974e+001	-7.317060e+001
9.322240e+001	-7.519242e+001
9.339394e+001	-7.316869e+001
9.345010e+001	-7.586476e+001
9.370406e+001	-7.046929e+001
9.382615e+001	-7.046833e+001
9.401418e+001	-6.777034e+001
9.425165e+001	-6.304915e+001
9.440670e+001	-6.169967e+001
9.410026e+001	-7.923073e+001
9.410699e+001	-8.394956e+001
9.465762e+001	-6.641659e+001
9.454896e+001	-7.585611e+001
9.425900e+001	-9.271292e+001
9.461185e+001	-8.327147e+001
9.478339e+001	-8.124774e+001
9.442750e+001	-1.008016e+002
9.413754e+001	-1.176584e+002
9.422667e+001	-1.190059e+002
9.459599e+001	-1.088907e+002
9.501477e+001	-9.675219e+001
9.543353e+001	-8.461371e+001
9.547323e+001	-8.798404e+001
9.559533e+001	-8.798307e+001
9.591520e+001	-7.989058e+001
9.585600e+001	-8.730690e+001
9.596161e+001	-8.798019e+001
9.614963e+001	-8.528221e+001
9.637062e+001	-8.123527e+001
9.642679e+001	-8.393133e+001
9.649943e+001	-8.595358e+001
9.680284e+001	-7.853491e+001
9.704029e+001	-7.381415e+001
9.711295e+001	-7.583596e+001
9.713614e+001	-7.988100e+001
9.704398e+001	-8.864581e+001
9.723200e+001	-8.594783e+001
9.751891e+001	-7.920385e+001
9.780584e+001	-7.245943e+001
9.768070e+001	-8.257323e+001
9.755556e+001	-9.268700e+001
9.761172e+001	-9.538307e+001
9.778326e+001	-9.335934e+001
9.808666e+001	-8.594112e+001
9.827469e+001	-8.324268e+001
9.810010e+001	-9.537923e+001
9.810682e+001	-1.000985e+002
9.844318e+001	-9.133178e+001
9.871361e+001	-8.526206e+001
9.890164e+001	-8.256362e+001
9.869410e+001	-9.604869e+001
9.870082e+001	-1.007680e+002
9.911959e+001	-8.862951e+001
9.939002e+001	-8.255979e+001
9.957804e+001	-7.986180e+001
9.920568e+001	-1.000899e+002
9.901461e+001	-1.129007e+002
9.925207e+001	-1.081799e+002
9.962140e+001	-9.806423e+001
9.980943e+001	-9.536580e+001
9.958539e+001	-1.095256e+002
9.911413e+001	-1.337996e+002
9.936809e+001	-1.284042e+002
1.001495e+002	-1.014307e+002
1.006012e+002	-8.794372e+001
1.006574e+002	-9.064025e+001
1.009278e+002	-8.457052e+001
1.010334e+002	-8.524382e+001
1.011390e+002	-8.591711e+001
1.015743e+002	-7.310438e+001
1.024381e+002	-4.275920e+001
1.031700e+002	-1.780896e+001
1.033745e+002	-1.443671e+001
1.032329e+002	-2.522431e+001
1.033220e+002	-2.657231e+001
1.033123e+002	-3.196585e+001
1.031542e+002	-4.342770e+001
1.035565e+002	-3.196392e+001
1.040576e+002	-1.645372e+001
1.043775e+002	-8.360789e+000
1.047139e+002	4.059412e-001
1.050832e+002	1.052165e+001
1.049086e+002	-1.614897e+000
1.048165e+002	-1.038017e+001
1.049715e+002	-9.030698e+000
1.049123e+002	-1.644700e+001
1.048201e+002	-2.521183e+001
1.050576e+002	-2.049108e+001
1.052291e+002	-1.846689e+001
1.051040e+002	-2.858068e+001
1.050613e+002	-3.532273e+001
1.049856e+002	-4.341330e+001
1.053219e+002	-3.464656e+001
1.056583e+002	-2.587937e+001
1.056321e+002	-3.194761e+001
1.056553e+002	-3.599220e+001
1.057774e+002	-3.599123e+001
1.058335e+002	-3.868775e+001
1.058238e+002	-4.408129e+001
1.061766e+002	-3.463984e+001
1.066448e+002	-2.047860e+001
1.067834e+002	-1.980294e+001
1.068725e+002	-2.115094e+001
1.067144e+002	-3.261323e+001
1.063256e+002	-5.351557e+001
1.064806e+002	-5.216609e+001
1.069818e+002	-3.665589e+001
1.075489e+002	-1.844867e+001
1.079348e+002	-7.658701e+000
1.079909e+002	-1.035522e+001
1.077669e+002	-2.451454e+001
1.078890e+002	-2.451358e+001
1.081265e+002	-1.979237e+001
1.083310e+002	-1.642013e+001
1.085355e+002	-1.304745e+001
1.084927e+002	-1.978950e+001
1.081204e+002	-4.001802e+001
1.083249e+002	-3.664534e+001
1.086777e+002	-2.720434e+001
1.087339e+002	-2.990041e+001
1.087406e+002	-3.461969e+001
1.086649e+002	-4.271025e+001
1.088200e+002	-4.136078e+001
1.088926e+002	-4.338259e+001
1.091301e+002	-3.866183e+001
1.099115e+002	-1.168837e+001
1.102313e+002	-3.595884e+000
1.099744e+002	-1.910373e+001
1.100800e+002	-1.977703e+001
1.105317e+002	-6.290037e+000
1.107527e+002	-2.243092e+000
1.109572e+002	1.129148e+000
1.112771e+002	9.222080e+000
1.112343e+002	2.479573e+000
1.113729e+002	3.154791e+000
1.115939e+002	7.201735e+000
1.116666e+002	5.179930e+000
1.116238e+002	-1.562114e+000
1.114328e+002	-1.437337e+001
1.116208e+002	-1.167494e+001
1.117923e+002	-9.651209e+000
1.117661e+002	-1.571900e+001
1.119541e+002	-1.302057e+001
1.123894e+002	-2.078416e-001
1.128081e+002	1.193061e+001
1.127819e+002	5.862822e+000
1.127721e+002	4.692792e-001
1.128942e+002	4.702462e-001
1.132965e+002	1.193446e+001
1.134186e+002	1.193542e+001
1.130627e+002	-7.618395e+000
1.131189e+002	-1.031490e+001
1.130762e+002	-1.705696e+001
1.127038e+002	-3.728504e+001
1.130731e+002	-2.716978e+001
1.134919e+002	-1.503132e+001
1.133173e+002	-2.716787e+001
1.131427e+002	-3.930442e+001
1.130506e+002	-4.806925e+001
1.133375e+002	-4.132527e+001
1.138057e+002	-2.716403e+001
1.136970e+002	-3.660311e+001
1.139840e+002	-2.985914e+001
1.142379e+002	-2.446368e+001
1.143270e+002	-2.581123e+001
1.145810e+002	-2.041622e+001
1.153788e+002	7.231486e+000
1.157976e+002	1.936996e+001
1.158373e+002	1.599964e+001
1.158605e+002	1.195461e+001
1.160485e+002	1.465260e+001
1.159564e+002	5.887778e+000
1.160125e+002	3.191259e+000
1.160852e+002	1.169454e+000
1.164215e+002	9.936636e+000
1.164612e+002	6.565866e+000
1.164020e+002	-8.504284e-001
1.164252e+002	-4.895459e+000
1.162836e+002	-1.568350e+001
1.162079e+002	-2.377407e+001
1.166102e+002	-1.230985e+001
1.170454e+002	5.028667e-001
1.170027e+002	-6.239177e+000
1.168281e+002	-1.837573e+001
1.171315e+002	-1.095749e+001
1.173360e+002	-7.584808e+000
1.172439e+002	-1.635008e+001
1.172506e+002	-2.106936e+001
1.174551e+002	-1.769668e+001
1.175277e+002	-1.971848e+001
1.175509e+002	-2.376351e+001
1.179203e+002	-1.364781e+001
1.181907e+002	-7.578091e+000
1.181315e+002	-1.499485e+001
1.181547e+002	-1.903943e+001
1.185735e+002	-6.900949e+000
1.188933e+002	1.191519e+000
1.190484e+002	2.540998e+000
1.193683e+002	1.063393e+001
1.193750e+002	5.914648e+000
1.196619e+002	1.265862e+001
1.198664e+002	1.603131e+001
1.196589e+002	2.545792e+000
1.196986e+002	-8.245150e-001
1.195899e+002	-1.026404e+001
1.193329e+002	-2.577188e+001
1.193067e+002	-3.184013e+001
1.196760e+002	-2.172442e+001
1.199794e+002	-1.430620e+001
1.200356e+002	-1.700226e+001
1.197621e+002	-3.318480e+001
1.201973e+002	-2.037208e+001
1.208469e+002	1.206878e+000
1.209525e+002	5.335842e-001
1.206460e+002	-1.699746e+001
1.207352e+002	-1.834501e+001
1.211210e+002	-7.555058e+000
1.215727e+002	5.931920e+000
1.215465e+002	-1.358624e-001
1.213719e+002	-1.227243e+001
1.213127e+002	-1.968873e+001
1.216326e+002	-1.159624e+001
1.221173e+002	3.239249e+000
1.220910e+002	-2.828544e+000
1.218175e+002	-1.901063e+001
1.220550e+002	-1.428988e+001
1.221441e+002	-1.563743e+001
1.220190e+002	-2.575077e+001
1.221741e+002	-2.440130e+001
1.225269e+002	-1.496029e+001
1.227314e+002	-1.158761e+001
1.228700e+002	-1.091239e+001
1.231075e+002	-6.191187e+000
1.232131e+002	-6.864481e+000
1.233352e+002	-6.863525e+000
1.233913e+002	-9.560033e+000
1.235794e+002	-6.861611e+000
1.237015e+002	-6.860644e+000
1.237246e+002	-1.090567e+001
1.237808e+002	-1.360174e+001
1.239029e+002	-1.360078e+001
1.239261e+002	-1.764580e+001
1.237680e+002	-2.910811e+001
1.240055e+002	-2.438690e+001
1.243089e+002	-1.696867e+001
1.246782e+002	-6.852970e+000
1.249322e+002	-1.457514e+000
1.251696e+002	3.263238e+000
1.250115e+002	-8.198602e+000
1.249523e+002	-1.561536e+001
1.250909e+002	-1.494014e+001
1.251635e+002	-1.696196e+001
1.253021e+002	-1.628674e+001
1.253583e+002	-1.898280e+001
1.253320e+002	-2.505060e+001
1.253552e+002	-2.909563e+001
1.256422e+002	-2.235165e+001
1.257642e+002	-2.235070e+001
1.259028e+002	-2.167548e+001
1.259590e+002	-2.437154e+001
1.261635e+002	-2.099930e+001
1.263845e+002	-1.695236e+001
1.264901e+002	-1.762565e+001
1.266616e+002	-1.560192e+001
1.269650e+002	-8.183253e+000
1.270706e+002	-8.856989e+000
1.272422e+002	-6.832818e+000
1.275291e+002	-8.883982e-002
1.276018e+002	-2.110656e+000
1.275261e+002	-1.020166e+001
1.274009e+002	-2.031545e+001
1.274571e+002	-2.301152e+001
1.274638e+002	-2.773080e+001
1.277343e+002	-2.166109e+001
1.277904e+002	-2.435715e+001
1.280114e+002	-2.031065e+001
1.282654e+002	-1.491519e+001
1.284204e+002	-1.356527e+001
1.285095e+002	-1.491327e+001
1.286646e+002	-1.356335e+001
1.287373e+002	-1.558561e+001
1.289747e+002	-1.086440e+001
1.293111e+002	-2.097221e+000
1.296310e+002	5.995259e+000
1.295553e+002	-2.095297e+000
1.297598e+002	1.276934e+000
1.300467e+002	8.020911e+000
1.298886e+002	-3.441381e+000
1.298459e+002	-1.018343e+001
1.299515e+002	-1.085673e+001
1.299417e+002	-1.625027e+001
1.296682e+002	-3.243281e+001
1.297244e+002	-3.512888e+001
1.299124e+002	-3.243089e+001
1.302323e+002	-2.433796e+001
1.305687e+002	-1.557122e+001
1.311028e+002	1.287488e+000
1.315381e+002	1.410023e+001
1.314789e+002	6.683911e+000
1.314032e+002	-1.406644e+000
1.317725e+002	8.708597e+000
1.321089e+002	1.747579e+001
1.319343e+002	5.339236e+000
1.316608e+002	-1.084329e+001
1.317499e+002	-1.219085e+001
1.318391e+002	-1.353840e+001
1.321260e+002	-6.794426e+000
1.323470e+002	-2.747924e+000
1.324856e+002	-2.072264e+000
1.326406e+002	-7.227957e-001
1.324331e+002	-1.420830e+001
1.324727e+002	-1.757863e+001
1.327267e+002	-1.218317e+001
1.327993e+002	-1.420542e+001
1.327566e+002	-2.094748e+001
1.328622e+002	-2.162078e+001
1.329184e+002	-2.431685e+001
1.333207e+002	-1.285263e+001
1.336570e+002	-4.085881e+000
1.339275e+002	1.983825e+000
1.337199e+002	-1.150124e+001
1.331663e+002	-3.914703e+001
1.333543e+002	-3.644861e+001
1.340368e+002	-1.352113e+001
1.346533e+002	6.708868e+000
1.343798e+002	-9.473662e+000
1.344195e+002	-1.284399e+001
1.349702e+002	4.688975e+000
1.348945e+002	-3.402033e+000
1.346375e+002	-1.890987e+001
1.346607e+002	-2.295490e+001
1.345026e+002	-3.441719e+001
1.348225e+002	-2.632470e+001
1.351588e+002	-1.755752e+001
1.353139e+002	-1.620804e+001
1.351887e+002	-2.632182e+001
1.351790e+002	-3.171537e+001
1.350209e+002	-4.317723e+001
1.350770e+002	-4.587374e+001
1.355288e+002	-3.238675e+001
1.354696e+002	-3.980306e+001
1.356906e+002	-3.575611e+001
1.362247e+002	-1.889739e+001
1.365611e+002	-1.013065e+001
1.368150e+002	-4.735185e+000
1.371514e+002	4.031987e+000
1.372900e+002	4.707204e+000
1.370824e+002	-8.778292e+000
1.372540e+002	-6.754121e+000
1.373266e+002	-8.776379e+000
1.370367e+002	-2.563273e+001
1.370269e+002	-3.102627e+001
1.374292e+002	-1.956206e+001
1.378150e+002	-8.772542e+000
1.378547e+002	-1.214286e+001
1.381581e+002	-4.724631e+000
1.382966e+002	-4.049413e+000
1.380067e+002	-2.090621e+001
1.380134e+002	-2.562505e+001
1.379377e+002	-3.371606e+001
1.381422e+002	-3.034338e+001
1.383138e+002	-2.831965e+001
1.385677e+002	-2.292418e+001
1.388546e+002	-1.618022e+001
1.385811e+002	-3.236275e+001
1.386703e+002	-3.371031e+001
1.389572e+002	-2.696633e+001
1.391947e+002	-2.224513e+001
1.396299e+002	-9.432401e+000
1.399663e+002	-6.652083e-001
1.399236e+002	-7.407262e+000
1.398808e+002	-1.414977e+001
1.401348e+002	-8.754303e+000
1.403393e+002	-5.381620e+000
1.407251e+002	5.408335e+000
1.412428e+002	2.159279e+001
1.413319e+002	2.024479e+001
1.410255e+002	2.713740e+000
1.405212e+002	-2.290883e+001
1.405444e+002	-2.695386e+001
1.409302e+002	-1.616390e+001
1.412996e+002	-6.048196e+000
1.415206e+002	-2.001252e+000
1.413460e+002	-1.413825e+001
1.409571e+002	-3.504059e+001
1.409968e+002	-3.841135e+001
1.411354e+002	-3.773614e+001
1.415047e+002	-2.762044e+001
1.418246e+002	-1.952751e+001
1.420950e+002	-1.345779e+001
1.421677e+002	-1.548004e+001
1.422074e+002	-1.885037e+001
1.418185e+002	-3.975316e+001
1.419076e+002	-4.110070e+001
1.423594e+002	-2.761372e+001
1.424815e+002	-2.761276e+001
1.425871e+002	-2.828606e+001
1.430388e+002	-1.479907e+001
1.432433e+002	-1.142638e+001
1.433654e+002	-1.142542e+001
1.436688e+002	-4.007195e+000
1.438239e+002	-2.657716e+000
1.439295e+002	-3.331010e+000
1.441505e+002	7.159239e-001
1.440748e+002	-7.374642e+000
1.441474e+002	-9.396890e+000
1.446157e+002	4.764781e+000
1.448201e+002	8.137033e+000
1.446291e+002	-4.673771e+000
1.444380e+002	-1.748458e+001
1.443294e+002	-2.692411e+001
1.442702e+002	-3.434042e+001
1.443263e+002	-3.703648e+001
1.442341e+002	-4.580175e+001
1.443727e+002	-4.512654e+001
1.448245e+002	-3.163955e+001
1.454575e+002	-1.073485e+001
1.459422e+002	4.101085e+000
1.457841e+002	-7.361197e+000
1.457414e+002	-1.410370e+001
1.461107e+002	-3.987999e+000
1.463976e+002	2.755969e+000
1.465032e+002	2.082664e+000
1.464770e+002	-3.985118e+000
1.464672e+002	-9.378661e+000
1.465893e+002	-9.377694e+000
1.467938e+002	-6.005011e+000
1.469654e+002	-3.981281e+000
1.468567e+002	-1.342036e+001
1.468964e+002	-1.679113e+001
1.467713e+002	-2.690492e+001
1.469263e+002	-2.555500e+001
1.472132e+002	-1.881102e+001
1.469562e+002	-3.431931e+001
1.468146e+002	-4.510734e+001
1.470191e+002	-4.173466e+001
1.476357e+002	-2.150466e+001
1.480545e+002	-9.366182e+000
1.481436e+002	-1.071374e+001
1.481998e+002	-1.340980e+001
1.480911e+002	-2.284933e+001
1.484439e+002	-1.340789e+001
1.490770e+002	7.496359e+000
1.492815e+002	1.086905e+001
1.490575e+002	-3.290705e+000
1.490971e+002	-6.661032e+000
1.493511e+002	-1.265577e+000
1.498358e+002	1.356991e+001
1.500238e+002	1.626835e+001
1.497833e+002	1.434327e+000
1.497076e+002	-6.656238e+000
1.496154e+002	-1.542151e+001
1.494903e+002	-2.553485e+001
1.496783e+002	-2.283686e+001
1.498828e+002	-1.946416e+001
1.499060e+002	-2.350919e+001
1.498798e+002	-2.957699e+001
1.497876e+002	-3.834226e+001
1.499921e+002	-3.496957e+001
1.504109e+002	-2.283109e+001
1.504671e+002	-2.552716e+001
1.501771e+002	-4.238396e+001
1.503816e+002	-3.901172e+001
1.510147e+002	-1.810702e+001
1.511532e+002	-1.743180e+001
1.507973e+002	-3.698563e+001
1.510513e+002	-3.159061e+001
1.519151e+002	-1.245424e+000
1.521031e+002	1.452556e+000
1.517802e+002	-1.675275e+001
1.518528e+002	-1.877455e+001
1.520079e+002	-1.742508e+001
1.520805e+002	-1.944689e+001
1.521697e+002	-2.079489e+001
1.521764e+002	-2.551373e+001
1.524633e+002	-1.876976e+001
1.530139e+002	-1.236783e+000
1.530536e+002	-4.607553e+000
1.529285e+002	-1.472133e+001
1.526385e+002	-3.157814e+001
1.523815e+002	-4.708597e+001
1.527344e+002	-3.764497e+001
1.531202e+002	-2.685501e+001
1.532423e+002	-2.685405e+001
1.533149e+002	-2.887587e+001
1.537337e+002	-1.673739e+001
1.539382e+002	-1.336469e+001
1.539285e+002	-1.875824e+001
1.538857e+002	-2.550029e+001
1.539913e+002	-2.617404e+001
1.539816e+002	-3.156758e+001
1.539388e+002	-3.830963e+001
1.540609e+002	-3.830867e+001
1.541830e+002	-3.830771e+001
1.545359e+002	-2.886627e+001
1.549217e+002	-1.807630e+001
1.552251e+002	-1.065807e+001
1.552977e+002	-1.267989e+001
1.555682e+002	-6.610173e+000
1.556079e+002	-9.980942e+000
1.557299e+002	-9.979975e+000
1.556213e+002	-1.941906e+001
1.555950e+002	-2.548686e+001
1.556347e+002	-2.885763e+001
1.557733e+002	-2.818241e+001
1.558954e+002	-2.818145e+001
1.560010e+002	-2.885474e+001
1.562550e+002	-2.345929e+001
1.562782e+002	-2.750432e+001
1.562519e+002	-3.357211e+001
1.563246e+002	-3.559392e+001
1.567763e+002	-2.210694e+001
1.570632e+002	-1.536296e+001
1.572183e+002	-1.401348e+001
1.574063e+002	-1.131506e+001
1.572976e+002	-2.075458e+001
1.572384e+002	-2.817090e+001
1.574430e+002	-2.479820e+001
1.576639e+002	-2.075170e+001
1.580662e+002	-9.287486e+000
1.581224e+002	-1.198355e+001
1.578324e+002	-2.884035e+001
1.580205e+002	-2.614236e+001
1.582579e+002	-2.142116e+001
1.582976e+002	-2.479149e+001
1.583043e+002	-2.951077e+001
1.587726e+002	-1.534953e+001
1.588946e+002	-1.534857e+001
1.591981e+002	-7.929890e+000
1.594355e+002	-3.209138e+000
1.591291e+002	-2.074019e+001
1.588391e+002	-3.759698e+001
1.590931e+002	-3.220153e+001
1.593470e+002	-2.680607e+001
1.596504e+002	-1.938739e+001
1.598220e+002	-1.736366e+001
1.601089e+002	-1.061969e+001
1.600167e+002	-1.938451e+001
1.599740e+002	-2.612702e+001
1.603927e+002	-1.398854e+001
1.607950e+002	-2.524323e+000
1.608347e+002	-5.894650e+000
1.604129e+002	-2.814594e+001
1.601229e+002	-4.500274e+001
1.602450e+002	-4.500178e+001
1.605814e+002	-3.623459e+001
1.607859e+002	-3.286235e+001
1.610398e+002	-2.746689e+001
1.610466e+002	-3.218617e+001
1.612346e+002	-2.948774e+001
1.615215e+002	-2.274377e+001
1.620062e+002	-7.907825e+000
1.620624e+002	-1.060433e+001
1.621021e+002	-1.397510e+001
1.624055e+002	-6.556423e+000
1.622474e+002	-1.801873e+001
1.621882e+002	-2.543504e+001
1.625245e+002	-1.666829e+001
1.627949e+002	-1.059857e+001
1.628182e+002	-1.464360e+001
1.628084e+002	-2.003715e+001
1.629305e+002	-2.003618e+001
1.627394e+002	-3.284699e+001
1.624989e+002	-4.768058e+001
1.628353e+002	-3.891383e+001
1.632376e+002	-2.744961e+001
1.633102e+002	-2.947143e+001
1.632015e+002	-3.891095e+001
1.631588e+002	-4.565300e+001
1.632644e+002	-4.632631e+001
1.635678e+002	-3.890807e+001
1.640361e+002	-2.474639e+001
1.642570e+002	-2.069988e+001
1.641978e+002	-2.811619e+001
1.644683e+002	-2.204647e+001
1.648211e+002	-1.260503e+001
1.647125e+002	-2.204456e+001
1.645214e+002	-3.485537e+001
1.646765e+002	-3.350590e+001
1.650293e+002	-2.406445e+001
1.654151e+002	-1.327449e+001
1.655702e+002	-1.192502e+001
1.658571e+002	-5.181041e+000
1.659297e+002	-7.202857e+000
1.657881e+002	-1.799090e+001
1.655970e+002	-3.080170e+001
1.654225e+002	-4.293825e+001
1.652973e+002	-5.305205e+001
1.655678e+002	-4.698233e+001
1.659041e+002	-3.821558e+001
1.662075e+002	-3.079691e+001
1.663461e+002	-3.012169e+001
1.666495e+002	-2.270346e+001
1.672990e+002	-1.124499e+000
1.678826e+002	1.775698e+001
1.681036e+002	2.180392e+001
1.679125e+002	8.992666e+000
1.675731e+002	-9.886887e+000
1.673326e+002	-2.472047e+001
1.674053e+002	-2.674273e+001
1.677746e+002	-1.662703e+001
1.681604e+002	-5.837063e+000
1.683649e+002	-2.464822e+000
1.682892e+002	-1.055539e+001
1.681805e+002	-1.999492e+001
1.681543e+002	-2.606271e+001
1.680951e+002	-3.347903e+001
1.682337e+002	-3.280381e+001
1.687513e+002	-1.661934e+001
1.694668e+002	7.656633e+000
1.698196e+002	1.709808e+001
1.697934e+002	1.103027e+001
1.700144e+002	1.507677e+001
1.700376e+002	1.103220e+001
1.698960e+002	2.441552e-001
1.698862e+002	-5.149377e+000
1.698764e+002	-1.054291e+001
1.697678e+002	-1.998244e+001
1.700053e+002	-1.526123e+001
1.704735e+002	-1.099552e+000
1.706450e+002	9.241770e-001
1.703386e+002	-1.660688e+001
1.702134e+002	-2.672066e+001
1.703355e+002	-2.671970e+001
1.706224e+002	-1.997572e+001
1.708764e+002	-1.458027e+001
1.708172e+002	-2.199657e+001
1.709063e+002	-2.334413e+001
1.712427e+002	-1.457738e+001
1.713318e+002	-1.592494e+001
1.712726e+002	-2.334125e+001
1.714277e+002	-2.199178e+001
1.718629e+002	-9.179049e+000
1.721663e+002	-1.760368e+000
1.725192e+002	7.680623e+000
1.723775e+002	-3.107408e+000
1.722524e+002	-1.322075e+001
1.723251e+002	-1.524300e+001
1.726779e+002	-5.801561e+000
1.730637e+002	4.988393e+000
1.730375e+002	-1.079400e+000
1.725827e+002	-2.467920e+001
1.726224e+002	-2.804997e+001
1.729587e+002	-1.928279e+001
1.731962e+002	-1.456203e+001
1.732688e+002	-1.658384e+001
1.730778e+002	-2.939465e+001
1.733317e+002	-2.399919e+001
1.736516e+002	-1.590670e+001
1.738232e+002	-1.388297e+001
1.740441e+002	-9.836028e+000
1.744794e+002	2.976690e+000
1.747828e+002	1.039537e+001
1.746906e+002	1.630102e+000
1.746973e+002	-3.089169e+000
1.749513e+002	2.306276e+000
1.750569e+002	1.632982e+000
1.747670e+002	-1.522381e+001
1.746748e+002	-2.398864e+001
1.747474e+002	-2.601089e+001
1.744575e+002	-4.286724e+001
1.745631e+002	-4.354098e+001
1.751632e+002	-2.398480e+001
1.756808e+002	-7.800334e+000
1.759018e+002	-3.753832e+000
1.757437e+002	-1.521614e+001
1.757999e+002	-1.791220e+001
1.760703e+002	-1.184248e+001
1.762089e+002	-1.116727e+001
1.761991e+002	-1.656081e+001
1.764366e+002	-1.183960e+001
1.766905e+002	-6.444149e+000
1.766478e+002	-1.318620e+001
1.766710e+002	-1.723122e+001
1.769085e+002	-1.251002e+001
1.772943e+002	-1.720063e+000
1.776307e+002	7.046667e+000
1.774396e+002	-5.764127e+000
1.774298e+002	-1.115767e+001
1.775355e+002	-1.183096e+001
1.772620e+002	-2.801350e+001
1.770050e+002	-4.352179e+001
1.771106e+002	-4.419509e+001
1.777436e+002	-2.329039e+001
1.783932e+002	-1.711422e+000
1.784328e+002	-5.082192e+000
1.784890e+002	-7.778258e+000
1.783309e+002	-1.924056e+001
1.782552e+002	-2.733157e+001
1.782784e+002	-3.137660e+001
1.784829e+002	-2.800391e+001
1.787039e+002	-2.395696e+001
1.786941e+002	-2.935050e+001
1.784536e+002	-4.418453e+001
1.783944e+002	-5.160084e+001
1.788626e+002	-3.743960e+001
1.795616e+002	-1.383786e+001
1.799474e+002	-3.047908e+000
1.798058e+002	-1.383595e+001
1.799114e+002	-1.450924e+001
1.802972e+002	-3.719288e+000
1.803534e+002	-6.415355e+000
1.801623e+002	-1.922617e+001
1.802020e+002	-2.259694e+001
1.801758e+002	-2.866473e+001
1.803968e+002	-2.461779e+001
1.808155e+002	-1.247931e+001
1.810695e+002	-7.083855e+000
1.814718e+002	4.380351e+000
1.812807e+002	-8.430896e+000
1.808094e+002	-3.270496e+001
1.806678e+002	-4.349300e+001
1.812184e+002	-2.596002e+001
1.818185e+002	-6.403833e+000
1.823527e+002	1.045487e+001
1.822935e+002	3.038114e+000
1.819705e+002	-1.516719e+001
1.820102e+002	-1.853752e+001
1.820993e+002	-1.988551e+001
1.824357e+002	-1.111832e+001
1.826732e+002	-6.397115e+000
1.827129e+002	-9.767885e+000
1.824229e+002	-2.662469e+001
1.824956e+002	-2.864650e+001
1.828649e+002	-1.853080e+001
1.833496e+002	-3.695298e+000
1.831091e+002	-1.852887e+001
1.828026e+002	-3.605993e+001
1.830896e+002	-2.931596e+001
1.834754e+002	-1.852599e+001
1.837128e+002	-1.380524e+001
1.836866e+002	-1.987304e+001
1.836109e+002	-2.796360e+001
1.836506e+002	-3.133437e+001
1.840199e+002	-2.121867e+001
1.841585e+002	-2.054345e+001
1.840993e+002	-2.795976e+001
1.842378e+002	-2.728455e+001
1.843599e+002	-2.728359e+001
1.842843e+002	-3.537415e+001
1.846701e+002	-2.458420e+001
1.849899e+002	-1.649171e+001
1.850956e+002	-1.716500e+001
1.854154e+002	-9.072515e+000
1.853233e+002	-1.783734e+001
1.853465e+002	-2.188237e+001
1.859795e+002	-9.776702e-001
1.862994e+002	7.114809e+000
1.861083e+002	-5.695995e+000
1.862304e+002	-5.695028e+000
1.863196e+002	-7.042583e+000
1.863592e+002	-1.041335e+001
1.862671e+002	-1.917818e+001
1.861914e+002	-2.726920e+001
1.863135e+002	-2.726823e+001
1.867322e+002	-1.512976e+001
1.867389e+002	-1.984905e+001
1.866138e+002	-2.996238e+001
1.868678e+002	-2.456693e+001
1.870063e+002	-2.389171e+001
1.873757e+002	-1.377645e+001
1.877615e+002	-2.986483e+000
1.875704e+002	-1.579730e+001
1.872475e+002	-3.400261e+001
1.874685e+002	-2.995567e+001
1.879367e+002	-1.579442e+001
1.880753e+002	-1.511920e+001
1.880161e+002	-2.253551e+001
1.881546e+002	-2.186030e+001
1.882767e+002	-2.185934e+001
1.886296e+002	-1.241790e+001
1.884715e+002	-2.388019e+001
1.885936e+002	-2.387923e+001
1.888640e+002	-1.780951e+001
1.891509e+002	-1.106554e+001
1.892071e+002	-1.376206e+001
1.894281e+002	-9.715102e+000
1.898798e+002	3.771866e+000
1.900349e+002	5.121787e+000
1.900581e+002	1.076766e+000
1.901472e+002	-2.707784e-001
1.898408e+002	-1.780184e+001
1.899629e+002	-1.780087e+001
1.900355e+002	-1.982313e+001
1.901741e+002	-1.914747e+001
1.902467e+002	-2.116973e+001
1.906161e+002	-1.105403e+001
1.910513e+002	1.758701e+000
1.912064e+002	3.108170e+000
1.915098e+002	1.052684e+001
1.918461e+002	1.929359e+001
1.917375e+002	9.854503e+000
1.916948e+002	3.112007e+000
1.913059e+002	-1.779032e+001
1.911643e+002	-2.857836e+001
1.915171e+002	-1.913692e+001
1.915403e+002	-2.318194e+001
1.915800e+002	-2.655271e+001
1.916197e+002	-2.992304e+001
1.917912e+002	-2.789931e+001
1.924078e+002	-7.668854e+000
1.929255e+002	8.515147e+000
1.924212e+002	-1.710743e+001
1.920818e+002	-3.598699e+001
1.923358e+002	-3.059154e+001
1.926392e+002	-2.317331e+001
1.929261e+002	-1.642933e+001
1.931306e+002	-1.305665e+001
1.933516e+002	-9.010144e+000
1.937044e+002	4.312990e-001
1.936947e+002	-4.962233e+000
1.937014e+002	-9.681514e+000
1.935433e+002	-2.114382e+001
1.930391e+002	-4.676640e+001
1.929799e+002	-5.418271e+001
1.933492e+002	-4.406745e+001
1.937844e+002	-3.125472e+001
1.944834e+002	-7.652549e+000
1.947374e+002	-2.257525e+000
1.949419e+002	1.115148e+000
1.949980e+002	-1.580909e+000
1.946092e+002	-2.248369e+001
1.943522e+002	-3.799198e+001
1.944084e+002	-4.068804e+001
1.945634e+002	-3.933856e+001
1.945042e+002	-4.675488e+001
1.946263e+002	-4.675392e+001
1.951440e+002	-3.056946e+001
1.956616e+002	-1.438545e+001
1.955530e+002	-2.382452e+001
1.957245e+002	-2.180080e+001
1.959290e+002	-1.842811e+001
1.959522e+002	-2.247313e+001
1.960908e+002	-2.179792e+001
1.960810e+002	-2.719146e+001
1.959889e+002	-3.595628e+001
1.962923e+002	-2.853806e+001
1.971725e+002	2.480942e+000
1.975089e+002	1.124812e+001
1.970541e+002	-1.235168e+001
1.970114e+002	-1.909373e+001
1.970675e+002	-2.179024e+001
1.973545e+002	-1.504626e+001
1.974766e+002	-1.504531e+001
1.974174e+002	-2.246162e+001
1.972757e+002	-3.324966e+001
1.975627e+002	-2.650568e+001
1.980474e+002	-1.166974e+001
1.980376e+002	-1.706328e+001
1.978300e+002	-3.054835e+001
1.980840e+002	-2.515288e+001
1.985357e+002	-1.166591e+001
1.988556e+002	-3.573416e+000
1.990766e+002	4.735175e-001
1.991657e+002	-8.740271e-001
1.993373e+002	1.149702e+000
1.996242e+002	7.893669e+000
1.997793e+002	9.243148e+000
1.997036e+002	1.152572e+000
1.997432e+002	-2.218177e+000
1.998159e+002	-4.239993e+000
1.999545e+002	-3.564775e+000
2.001095e+002	-2.215307e+000
2.005448e+002	1.059786e+001
2.009471e+002	2.206208e+001
2.008714e+002	1.397106e+001
2.006309e+002	-8.625055e-001
2.010002e+002	9.252746e+000
2.013036e+002	1.667142e+001
2.013268e+002	1.262639e+001
2.012181e+002	3.186866e+000
2.009612e+002	-1.232096e+001
2.007206e+002	-2.715499e+001
2.010735e+002	-1.771355e+001
2.013769e+002	-1.029532e+001
2.011693e+002	-2.378038e+001
2.010277e+002	-3.456842e+001
2.011663e+002	-3.389321e+001
2.015191e+002	-2.445176e+001
2.021027e+002	-5.570276e+000
2.024061e+002	1.847942e+000
2.025282e+002	1.848909e+000
2.026174e+002	5.013545e-001
2.026405e+002	-3.543666e+000
2.026473e+002	-8.262948e+000
2.029012e+002	-2.867492e+000
2.033365e+002	9.945678e+000
2.034091e+002	7.923420e+000
2.030697e+002	-1.095613e+001
2.027138e+002	-3.050996e+001
2.027535e+002	-3.388073e+001
2.029251e+002	-3.185700e+001
2.032614e+002	-2.308981e+001
2.037296e+002	-8.928567e+000
2.040330e+002	-1.509896e+000
2.042046e+002	5.138328e-001
2.043102e+002	-1.594611e-001
2.042675e+002	-6.901515e+000
2.042577e+002	-1.229506e+001
2.046765e+002	-1.565807e-001
2.049964e+002	7.935898e+000
2.054151e+002	2.007437e+001
2.053559e+002	1.265806e+001
2.050659e+002	-4.198731e+000
2.052045e+002	-3.523514e+000
2.051124e+002	-1.228834e+001
2.049872e+002	-2.240212e+001
2.053895e+002	-1.093791e+001
2.057588e+002	-8.222004e-001
2.054194e+002	-1.970222e+001
2.052613e+002	-3.116451e+001
2.053834e+002	-3.116355e+001
2.057033e+002	-2.307062e+001
2.060561e+002	-1.362962e+001
2.064419e+002	-2.839655e+000
2.068277e+002	7.950290e+000
2.069169e+002	6.602735e+000
2.067917e+002	-3.511035e+000
2.066336e+002	-1.497333e+001
2.063766e+002	-3.048117e+001
2.065811e+002	-2.710892e+001
2.070329e+002	-1.362194e+001
2.069242e+002	-2.306102e+001
2.068156e+002	-3.250054e+001
2.071190e+002	-2.508187e+001
2.075872e+002	-1.092063e+001
2.078576e+002	-4.850916e+000
2.076665e+002	-1.766172e+001
2.075579e+002	-2.710125e+001
2.076470e+002	-2.844880e+001
2.079504e+002	-2.103058e+001
2.081384e+002	-1.833214e+001
2.082440e+002	-1.900544e+001
2.083661e+002	-1.900448e+001
2.084717e+002	-1.967822e+001
2.084290e+002	-2.642027e+001
2.087324e+002	-1.900160e+001
2.089534e+002	-1.495510e+001
2.090755e+002	-1.495414e+001
2.092305e+002	-1.360466e+001
2.094515e+002	-9.557719e+000
2.090627e+002	-3.046005e+001
2.091188e+002	-3.315657e+001
2.094882e+002	-2.304087e+001
2.099234e+002	-1.022813e+001
2.096170e+002	-2.775919e+001
2.095248e+002	-3.652402e+001
2.100095e+002	-2.168851e+001
2.105931e+002	-2.807024e+000
2.105998e+002	-7.525863e+000
2.106230e+002	-1.157089e+001
2.108275e+002	-8.198653e+000
2.107518e+002	-1.628922e+001
2.104948e+002	-3.179750e+001
2.109136e+002	-1.965903e+001
2.114642e+002	-2.126056e+000
2.116358e+002	-1.018736e-001
2.110821e+002	-2.774767e+001
2.107921e+002	-4.460448e+001
2.113098e+002	-2.842001e+001
2.118769e+002	-1.021278e+001
2.118507e+002	-1.628058e+001
2.115772e+002	-3.246312e+001
2.117158e+002	-3.178790e+001
2.119532e+002	-2.706670e+001
2.123061e+002	-1.762525e+001
2.128567e+002	-9.228602e-002
2.130777e+002	3.954205e+000
2.129855e+002	-4.810600e+000
2.127450e+002	-1.964463e+001
2.127847e+002	-2.301496e+001
2.129397e+002	-2.166548e+001
2.131442e+002	-1.829279e+001
2.134147e+002	-1.222308e+001
2.137181e+002	-4.804850e+000
2.140709e+002	4.636583e+000
2.141765e+002	3.962847e+000
2.143151e+002	4.638507e+000
2.142559e+002	-2.778240e+000
2.141308e+002	-1.289158e+001
2.142364e+002	-1.356531e+001
2.142431e+002	-1.828415e+001
2.143322e+002	-1.963215e+001
2.143224e+002	-2.502525e+001
2.145434e+002	-2.097875e+001
2.146655e+002	-2.097779e+001
2.146228e+002	-2.771985e+001
2.145471e+002	-3.581041e+001
2.146692e+002	-3.580946e+001
2.151209e+002	-2.232247e+001
2.151606e+002	-2.569324e+001
2.152992e+002	-2.501758e+001
2.155202e+002	-2.097108e+001
2.156423e+002	-2.097012e+001
2.157808e+002	-2.029490e+001
2.159524e+002	-1.827072e+001
2.159261e+002	-2.433852e+001
2.160482e+002	-2.433755e+001
2.162857e+002	-1.961680e+001
2.165396e+002	-1.422134e+001
2.168760e+002	-5.454154e+000
2.169322e+002	-8.150663e+000
2.169059e+002	-1.421847e+001
2.169786e+002	-1.624027e+001
2.172160e+002	-1.151907e+001
2.173381e+002	-1.151811e+001
2.173119e+002	-1.758591e+001
2.173021e+002	-2.297945e+001
2.171605e+002	-3.376749e+001
2.174309e+002	-2.769777e+001
2.177178e+002	-2.095380e+001
2.177246e+002	-2.567309e+001
2.178961e+002	-2.364890e+001
2.182819e+002	-1.285895e+001
2.183381e+002	-1.555546e+001
2.180646e+002	-3.173800e+001
2.182032e+002	-3.106278e+001
2.189516e+002	-5.437839e+000
2.194363e+002	9.397651e+000
2.193606e+002	1.307085e+000
2.190212e+002	-1.757247e+001
2.189949e+002	-2.364027e+001
2.198752e+002	7.378716e+000
2.202281e+002	1.682017e+001
2.199546e+002	6.376284e-001
2.196481e+002	-1.689341e+001
2.193252e+002	-3.509873e+001
2.191341e+002	-4.790954e+001
2.196848e+002	-3.037657e+001
2.204661e+002	-3.403555e+000
2.204564e+002	-8.797087e+000
2.202488e+002	-2.228216e+001
2.202556e+002	-2.700144e+001
2.208721e+002	-6.771002e+000
2.212909e+002	5.367464e+000
2.210833e+002	-8.118032e+000
2.209747e+002	-1.755712e+001
2.207012e+002	-3.373966e+001
2.206255e+002	-4.183023e+001
2.208465e+002	-3.778372e+001
2.214466e+002	-1.822753e+001
2.221785e+002	6.722694e+000
2.221028e+002	-1.367862e+000
2.223568e+002	4.027141e+000
2.227261e+002	1.414285e+001
2.227823e+002	1.144678e+001
2.226571e+002	1.332999e+000
2.227627e+002	6.596944e-001
2.230002e+002	5.380899e+000
2.231223e+002	5.381856e+000
2.231455e+002	1.336836e+000
2.228555e+002	-1.551996e+001
2.227963e+002	-2.293626e+001
2.229019e+002	-2.360956e+001
2.232548e+002	-1.416856e+001
2.236735e+002	-2.030087e+000
2.236968e+002	-6.074665e+000
2.238188e+002	-6.073708e+000
2.238091e+002	-1.146725e+001
2.238817e+002	-1.348951e+001
2.239379e+002	-1.618558e+001
2.238457e+002	-2.495040e+001
2.239678e+002	-2.494943e+001
2.243536e+002	-1.415992e+001
2.240966e+002	-2.966776e+001
2.234770e+002	-6.001058e+001
2.237639e+002	-5.326662e+001
2.245124e+002	-2.764211e+001
2.252113e+002	-4.040381e+000
2.256796e+002	1.012130e+001
2.256863e+002	5.402019e+000
2.256271e+002	-2.014728e+000
2.257327e+002	-2.688032e+000
2.259207e+002	1.039002e-002
2.256307e+002	-1.684639e+001
2.252584e+002	-3.707492e+001
2.254134e+002	-3.572500e+001
2.259146e+002	-2.021525e+001
2.261521e+002	-1.549404e+001
2.262577e+002	-1.616734e+001
2.261985e+002	-2.358365e+001
2.263206e+002	-2.358269e+001
2.265910e+002	-1.751298e+001
2.271911e+002	2.042760e+000
2.279230e+002	2.699301e+001
2.283253e+002	3.845722e+001
2.282002e+002	2.834389e+001
2.280091e+002	1.553263e+001
2.280817e+002	1.351081e+001
2.279896e+002	4.745987e+000
2.277161e+002	-1.143654e+001
2.277558e+002	-1.480731e+001
2.280921e+002	-6.040121e+000
2.282142e+002	-6.039164e+000
2.282704e+002	-8.735673e+000
2.285243e+002	-3.340217e+000
2.287289e+002	3.246624e-002
2.284389e+002	-1.682432e+001
2.282643e+002	-2.896088e+001
2.284358e+002	-2.693715e+001
2.281789e+002	-4.244499e+001
2.282021e+002	-4.649001e+001
2.286043e+002	-3.502579e+001
2.286605e+002	-3.772231e+001
2.286672e+002	-4.244115e+001
2.288717e+002	-3.906890e+001
2.293235e+002	-2.558191e+001
2.300719e+002	4.302086e-002
2.303588e+002	6.786998e+000
2.302172e+002	-4.001033e+000
2.303722e+002	-2.651564e+000
2.306427e+002	3.418142e+000
2.305340e+002	-6.020925e+000
2.303264e+002	-1.950644e+001
2.302508e+002	-2.759701e+001
2.307684e+002	-1.141254e+001
2.311707e+002	5.166207e-002
2.312928e+002	5.261877e-002
2.314314e+002	7.278364e-001
2.317348e+002	8.146065e+000
2.317085e+002	2.078272e+000
2.315340e+002	-1.005827e+001
2.314912e+002	-1.680033e+001
2.315968e+002	-1.747363e+001
2.320486e+002	-3.986641e+000
2.324674e+002	8.151826e+000
2.328532e+002	1.894178e+001
2.328928e+002	1.557101e+001
2.325370e+002	-3.982804e+000
2.322800e+002	-1.949108e+001
2.324350e+002	-1.814116e+001
2.328043e+002	-8.025911e+000
2.327781e+002	-1.409370e+001
2.325046e+002	-3.027580e+001
2.329234e+002	-1.813732e+001
2.333587e+002	-5.324598e+000
2.334972e+002	-4.649380e+000
2.334710e+002	-1.071717e+001
2.338238e+002	-1.275730e+000
2.338470e+002	-5.320761e+000
2.336889e+002	-1.678305e+001
2.337121e+002	-2.082808e+001
2.338672e+002	-1.947860e+001
2.340387e+002	-1.745443e+001
