    nm         	pN
0.000000e+000	5.531599e+002
3.965947e-002	5.497883e+002
2.990065e-002	5.443950e+002
2.014182e-002	5.390016e+002
1.039521e-002	5.336088e+002
-3.232045e-002	5.268671e+002
-5.855431e-002	5.207997e+002
-2.408950e-003	5.181026e+002
2.077821e-002	5.140571e+002
-3.840027e-002	5.066420e+002
-3.168543e-002	5.019226e+002
-7.439023e-002	4.951813e+002
-6.767539e-002	4.904619e+002
-6.096190e-002	4.857425e+002
-3.776389e-002	4.816975e+002
-1.457673e-002	4.776520e+002
-7.375520e-002	4.702368e+002
-8.351335e-002	4.648435e+002
-7.679919e-002	4.601240e+002
-1.195040e-001	4.533828e+002
-1.457351e-001	4.473156e+002
-1.225480e-001	4.432701e+002
-6.640397e-002	4.405729e+002
-1.091196e-001	4.338312e+002
-1.023946e-001	4.291123e+002
-4.626011e-002	4.264147e+002
-3.954595e-002	4.216953e+002
-8.225143e-002	4.149540e+002
-4.258043e-002	4.115829e+002
-1.939327e-002	4.075374e+002
-1.267842e-002	4.028181e+002
2.699326e-002	3.994470e+002
-1.572308e-002	3.927053e+002
-8.998060e-003	3.879863e+002
-3.522920e-002	3.819191e+002
-6.146102e-002	3.758518e+002
-1.041780e-001	3.691100e+002
-6.450635e-002	3.657390e+002
-5.779218e-002	3.610195e+002
-6.755101e-002	3.556262e+002
-1.102558e-001	3.488850e+002
-1.529606e-001	3.421438e+002
-1.462573e-001	3.374239e+002
-1.889513e-001	3.306831e+002
-2.151939e-001	3.246154e+002
-2.578886e-001	3.178746e+002
-2.347116e-001	3.138287e+002
-1.950406e-001	3.104576e+002
-1.883149e-001	3.057386e+002
-1.816116e-001	3.010188e+002
-1.748865e-001	2.962998e+002
-2.505489e-001	2.882102e+002
-2.767698e-001	2.821434e+002
-3.194862e-001	2.754017e+002
-2.798138e-001	2.720306e+002
-2.236698e-001	2.693335e+002
-2.169665e-001	2.646136e+002
-2.102415e-001	2.598946e+002
-2.364841e-001	2.538269e+002
-2.627051e-001	2.477601e+002
-2.395288e-001	2.437141e+002
-2.822228e-001	2.369734e+002
-3.414114e-001	2.295577e+002
-2.687937e-001	2.275345e+002
-2.950154e-001	2.214677e+002
-3.377310e-001	2.147260e+002
-3.474790e-001	2.093331e+002
-3.243027e-001	2.052872e+002
-3.669967e-001	1.985464e+002
-3.273467e-001	1.951744e+002
-2.876750e-001	1.918033e+002
-2.480047e-001	1.884322e+002
-2.248270e-001	1.843863e+002
-2.016290e-001	1.803413e+002
-1.949040e-001	1.756223e+002
-2.540926e-001	1.682067e+002
-1.979486e-001	1.655096e+002
-2.406643e-001	1.587679e+002
-2.833583e-001	1.520271e+002
-2.931279e-001	1.466333e+002
-2.864029e-001	1.419143e+002
-3.291193e-001	1.351727e+002
-3.553402e-001	1.291058e+002
-3.651099e-001	1.237120e+002
-3.254382e-001	1.203409e+002
-3.187349e-001	1.156211e+002
-3.284829e-001	1.102282e+002
-2.558652e-001	1.082050e+002
-3.644735e-001	9.876752e+001
-2.918558e-001	9.674431e+001
-3.016255e-001	9.135051e+001
-2.290079e-001	8.932730e+001
-1.728632e-001	8.663015e+001
-2.485262e-001	7.854059e+001
-2.912201e-001	7.179981e+001
-2.021288e-001	7.045054e+001
-8.009148e-002	7.044914e+001
-4.044151e-002	6.707716e+001
4.864983e-002	6.572790e+001
5.537417e-002	6.100892e+001
-2.028747e-002	5.291936e+001
-1.356313e-002	4.820040e+001
9.614530e-003	4.415449e+001
6.575852e-002	4.145733e+001
2.306457e-002	3.471654e+001
6.271319e-002	3.134457e+001
8.591256e-002	2.729953e+001
4.319554e-002	2.055786e+001
-1.597072e-002	1.314313e+001
2.367925e-002	9.771157e+000
7.982325e-002	7.074000e+000
1.359672e-001	4.376853e+000
1.426929e-001	-3.421095e-001
8.350361e-002	-7.757725e+000
4.078795e-002	-1.449940e+001
3.103998e-002	-1.989230e+001
5.423799e-002	-2.393733e+001
6.094198e-002	-2.865719e+001
5.119401e-002	-3.405010e+001
7.437032e-002	-3.809601e+001
9.756969e-002	-4.214104e+001
5.485267e-002	-4.888271e+001
-4.314956e-003	-5.629745e+001
2.389035e-003	-6.101730e+001
-7.358935e-003	-6.641021e+001
-1.712861e-002	-7.180401e+001
2.254307e-002	-7.517510e+001
-3.678570e-003	-8.124194e+001
3.597140e-002	-8.461392e+001
4.875147e-001	-7.113476e+001
1.136715e+000	-4.956921e+001
1.538817e+000	-3.811276e+001
1.726768e+000	-3.541751e+001
1.997063e+000	-2.935345e+001
2.003788e+000	-3.407242e+001
2.191718e+000	-3.137805e+001
2.610293e+000	-1.924766e+001
2.567578e+000	-2.598933e+001
2.557830e+000	-3.138224e+001
2.498640e+000	-3.879785e+001
2.208828e+000	-5.564861e+001
2.232004e+000	-5.969453e+001
2.255202e+000	-6.373956e+001
2.097175e+000	-7.519881e+001
1.840307e+000	-9.070170e+001
2.077657e+000	-8.598551e+001
2.216167e+000	-8.531297e+001
2.387624e+000	-8.329254e+001
2.542629e+000	-8.194517e+001
2.648192e+000	-8.262051e+001
2.753734e+000	-8.329673e+001
2.892267e+000	-8.262330e+001
2.898970e+000	-8.734316e+001
2.790362e+000	-9.678059e+001
2.731194e+000	-1.041953e+002
2.721425e+000	-1.095891e+002
3.041161e+000	-1.015023e+002
3.344425e+000	-9.408952e+001
3.466462e+000	-9.409092e+001
3.736757e+000	-8.802686e+001
3.776429e+000	-9.139795e+001
3.486595e+000	-1.082496e+002
3.378007e+000	-1.176862e+002
3.631830e+000	-1.122960e+002
4.116298e+000	-9.746987e+001
4.172442e+000	-1.001670e+002
3.981468e+000	-1.129742e+002
3.872859e+000	-1.224116e+002
3.846639e+000	-1.284784e+002
3.820396e+000	-1.345462e+002
3.991853e+000	-1.325257e+002
4.064469e+000	-1.345490e+002
4.219452e+000	-1.332025e+002
4.489770e+000	-1.271375e+002
5.270776e+000	-1.001796e+002
5.821159e+000	-8.265678e+001
5.893755e+000	-8.468087e+001
6.328802e+000	-7.187654e+001
6.632066e+000	-6.446373e+001
6.391672e+000	-7.929266e+001
6.563129e+000	-7.727224e+001
6.866393e+000	-6.985942e+001
7.004903e+000	-6.918687e+001
7.028079e+000	-7.323279e+001
6.886524e+000	-8.401810e+001
6.777938e+000	-9.345464e+001
6.834060e+000	-9.615268e+001
7.137325e+000	-8.873986e+001
7.490007e+000	-7.930522e+001
7.892108e+000	-6.784876e+001
8.014146e+000	-6.785015e+001
7.740786e+000	-8.402787e+001
7.829875e+000	-8.537714e+001
8.166086e+000	-7.661644e+001
8.304595e+000	-7.594390e+001
8.508998e+000	-7.257560e+001
8.647508e+000	-7.190305e+001
8.901353e+000	-6.651204e+001
8.875110e+000	-7.257978e+001
8.848888e+000	-7.864663e+001
9.218044e+000	-6.853804e+001
9.373029e+000	-6.719156e+001
9.445645e+000	-6.921477e+001
9.682996e+000	-6.449860e+001
1.000273e+001	-5.641183e+001
1.050367e+001	-4.091174e+001
1.055982e+001	-4.360889e+001
1.040179e+001	-5.506814e+001
1.040849e+001	-5.978800e+001
1.044816e+001	-6.315909e+001
1.061962e+001	-6.113866e+001
1.103820e+001	-4.900827e+001
1.107787e+001	-5.237936e+001
1.105165e+001	-5.844621e+001
1.114072e+001	-5.979636e+001
1.155931e+001	-4.766508e+001
1.197789e+001	-3.553469e+001
1.190223e+001	-4.362423e+001
1.166183e+001	-5.845318e+001
1.147086e+001	-7.126030e+001
1.147756e+001	-7.598016e+001
1.174788e+001	-6.991521e+001
1.200170e+001	-6.452510e+001
1.202490e+001	-6.857013e+001
1.217988e+001	-6.722364e+001
1.226897e+001	-6.857292e+001
1.240748e+001	-6.790037e+001
1.249657e+001	-6.924965e+001
1.260214e+001	-6.992498e+001
1.288891e+001	-6.318699e+001
1.296152e+001	-6.521021e+001
1.273760e+001	-7.936521e+001
1.266194e+001	-8.745475e+001
1.284987e+001	-8.476039e+001
1.282365e+001	-9.082724e+001
1.317633e+001	-8.139260e+001
1.343016e+001	-7.600248e+001
1.358514e+001	-7.465600e+001
1.364128e+001	-7.735315e+001
1.349973e+001	-8.813846e+001
1.368766e+001	-8.544410e+001
1.394150e+001	-8.005309e+001
1.419532e+001	-7.466297e+001
1.439975e+001	-7.129378e+001
1.473594e+001	-6.253397e+001
1.474266e+001	-6.725294e+001
1.493059e+001	-6.455858e+001
1.528328e+001	-5.512394e+001
1.540531e+001	-5.512533e+001
1.542851e+001	-5.917036e+001
1.563291e+001	-5.580206e+001
1.516188e+001	-8.006704e+001
1.480615e+001	-9.961444e+001
1.515883e+001	-9.017981e+001
1.574216e+001	-7.130913e+001
1.589714e+001	-6.996265e+001
1.596974e+001	-7.198675e+001
1.632242e+001	-6.255210e+001
1.670805e+001	-5.176959e+001
1.666536e+001	-5.851038e+001
1.644141e+001	-7.266627e+001
1.634930e+001	-8.142887e+001
1.650428e+001	-8.008239e+001
1.649451e+001	-8.547619e+001
1.648477e+001	-9.086909e+001
1.657386e+001	-9.221836e+001
1.661351e+001	-9.559035e+001
1.688382e+001	-8.952539e+001
1.731887e+001	-7.672106e+001
1.767155e+001	-6.728642e+001
1.781006e+001	-6.661387e+001
1.778382e+001	-7.268162e+001
1.787291e+001	-7.403089e+001
1.792906e+001	-7.672803e+001
1.823232e+001	-6.931522e+001
1.804135e+001	-8.212234e+001
1.758678e+001	-1.057134e+002
1.754406e+001	-1.124551e+002
1.806148e+001	-9.628102e+001
1.861186e+001	-7.875822e+001
1.850325e+001	-8.819565e+001
1.846054e+001	-9.493733e+001
1.853315e+001	-9.696054e+001
1.875405e+001	-9.291742e+001
1.849716e+001	-1.084212e+002
1.865215e+001	-1.070747e+002
1.923548e+001	-8.820402e+001
1.958816e+001	-7.876939e+001
1.938071e+001	-9.225045e+001
1.925563e+001	-1.023618e+002
1.944356e+001	-9.966745e+001
1.940086e+001	-1.064082e+002
1.963821e+001	-1.016921e+002
1.969436e+001	-1.043892e+002
1.968459e+001	-1.097830e+002
1.970779e+001	-1.138280e+002
1.956623e+001	-1.246133e+002
1.940820e+001	-1.360726e+002
1.954671e+001	-1.354001e+002
2.019594e+001	-1.138336e+002
2.069688e+001	-9.833353e+001
2.065418e+001	-1.050743e+002
2.039729e+001	-1.205781e+002
2.032165e+001	-1.286668e+002
2.042722e+001	-1.293421e+002
2.046687e+001	-1.327141e+002
2.044064e+001	-1.387809e+002
2.049679e+001	-1.414781e+002
2.047055e+001	-1.475458e+002
2.041136e+001	-1.549614e+002
2.096174e+001	-1.374386e+002
2.121556e+001	-1.320485e+002
2.130465e+001	-1.333978e+002
2.132785e+001	-1.374428e+002
2.159815e+001	-1.313787e+002
2.190141e+001	-1.239659e+002
2.166102e+001	-1.387949e+002
2.128882e+001	-1.590162e+002
2.137791e+001	-1.603655e+002
2.169764e+001	-1.522787e+002
2.219858e+001	-1.367786e+002
2.245241e+001	-1.313885e+002
2.244266e+001	-1.367814e+002
2.228463e+001	-1.482407e+002
2.225839e+001	-1.543084e+002
2.239690e+001	-1.536359e+002
2.230478e+001	-1.623985e+002
2.214676e+001	-1.738577e+002
2.236763e+001	-1.698155e+002
2.262148e+001	-1.644245e+002
2.313889e+001	-1.482504e+002
2.352452e+001	-1.374679e+002
2.295462e+001	-1.657774e+002
2.268128e+001	-1.819542e+002
2.250678e+001	-1.940874e+002
2.259587e+001	-1.954367e+002
2.281675e+001	-1.913944e+002
2.288936e+001	-1.934177e+002
2.307729e+001	-1.907233e+002
2.306755e+001	-1.961162e+002
2.299188e+001	-2.042058e+002
2.321276e+001	-2.001635e+002
2.330185e+001	-2.015128e+002
2.355569e+001	-1.961218e+002
2.356240e+001	-2.008416e+002
2.327258e+001	-2.176924e+002
2.329578e+001	-2.217374e+002
2.340135e+001	-2.224128e+002
2.363870e+001	-2.176966e+002
2.409022e+001	-2.042183e+002
2.431109e+001	-2.001761e+002
2.458141e+001	-1.941111e+002
2.468697e+001	-1.947865e+002
2.489138e+001	-1.914182e+002
2.504636e+001	-1.900717e+002
2.505309e+001	-1.947906e+002
2.494448e+001	-2.042281e+002
2.488531e+001	-2.116428e+002
2.520503e+001	-2.035569e+002
2.536001e+001	-2.022105e+002
2.538321e+001	-2.062555e+002
2.573589e+001	-1.968208e+002
2.671459e+001	-1.617747e+002
2.812162e+001	-1.092053e+002
2.942981e+001	-6.067956e+001
2.973308e+001	-5.326673e+001
2.955858e+001	-6.539991e+001
2.953236e+001	-7.146676e+001
2.981912e+001	-6.472876e+001
3.022123e+001	-5.327230e+001
3.065627e+001	-4.046797e+001
3.074537e+001	-4.181724e+001
3.034022e+001	-6.338646e+001
3.031400e+001	-6.945331e+001
3.045251e+001	-6.878077e+001
3.059102e+001	-6.810823e+001
3.074600e+001	-6.676174e+001
3.095040e+001	-6.339344e+001
3.107244e+001	-6.339484e+001
3.107917e+001	-6.811381e+001
3.126710e+001	-6.541944e+001
3.138913e+001	-6.542084e+001
3.154412e+001	-6.407436e+001
3.189680e+001	-5.463971e+001
3.196942e+001	-5.666293e+001
3.195965e+001	-6.205673e+001
3.198285e+001	-6.610176e+001
3.180834e+001	-7.823494e+001
3.194685e+001	-7.756239e+001
3.206889e+001	-7.756380e+001
3.209209e+001	-8.160882e+001
3.221413e+001	-8.161021e+001
3.215494e+001	-8.902583e+001
3.239229e+001	-8.430966e+001
3.251433e+001	-8.431104e+001
3.247163e+001	-9.105183e+001
3.251130e+001	-9.442292e+001
3.264981e+001	-9.375038e+001
3.285421e+001	-9.038208e+001
3.335516e+001	-7.488198e+001
3.374079e+001	-6.409947e+001
3.361570e+001	-7.421084e+001
3.375422e+001	-7.353830e+001
3.351382e+001	-8.836724e+001
3.335579e+001	-9.982648e+001
3.370847e+001	-9.039185e+001
3.420942e+001	-7.489175e+001
3.434793e+001	-7.421921e+001
3.415695e+001	-8.702634e+001
3.401540e+001	-9.781164e+001
3.400565e+001	-1.032046e+002
3.396293e+001	-1.099462e+002
3.441446e+001	-9.646795e+001
3.493189e+001	-8.029302e+001
3.472444e+001	-9.377410e+001
3.451698e+001	-1.072560e+002
3.483671e+001	-9.916928e+001
3.532118e+001	-8.434313e+001
3.577272e+001	-7.086397e+001
3.577943e+001	-7.558382e+001
3.560493e+001	-8.771701e+001
3.584229e+001	-8.299995e+001
3.606317e+001	-7.895770e+001
3.578981e+001	-9.513542e+001
3.589538e+001	-9.581075e+001
3.641281e+001	-7.963583e+001
3.656779e+001	-7.828935e+001
3.677220e+001	-7.492105e+001
3.677892e+001	-7.964002e+001
3.660442e+001	-9.177321e+001
3.654523e+001	-9.918881e+001
3.658490e+001	-1.025599e+002
3.659161e+001	-1.072798e+002
3.724083e+001	-8.571333e+001
3.769235e+001	-7.223505e+001
3.779791e+001	-7.291039e+001
3.808470e+001	-6.617151e+001
3.848681e+001	-5.471504e+001
3.854295e+001	-5.741219e+001
3.866499e+001	-5.741359e+001
3.883644e+001	-5.539318e+001
3.877726e+001	-6.280878e+001
3.914641e+001	-5.270021e+001
3.916961e+001	-5.674524e+001
3.915984e+001	-6.213902e+001
3.915009e+001	-6.753194e+001
3.918976e+001	-7.090303e+001
3.970718e+001	-5.472900e+001
3.996100e+001	-4.933888e+001
3.991831e+001	-5.607967e+001
3.987559e+001	-6.282134e+001
4.008001e+001	-5.945214e+001
4.036678e+001	-5.271415e+001
4.040646e+001	-5.608524e+001
4.033079e+001	-6.417480e+001
4.028810e+001	-7.091558e+001
4.026186e+001	-7.698332e+001
4.036742e+001	-7.765865e+001
4.055535e+001	-7.496429e+001
4.066091e+001	-7.563963e+001
4.106301e+001	-6.418317e+001
4.123447e+001	-6.216275e+001
4.114236e+001	-7.092535e+001
4.121495e+001	-7.294945e+001
4.122168e+001	-7.766841e+001
4.144255e+001	-7.362618e+001
4.171287e+001	-6.756123e+001
4.188433e+001	-6.554081e+001
4.223701e+001	-5.610617e+001
4.249083e+001	-5.071605e+001
4.241519e+001	-5.880471e+001
4.225716e+001	-7.026396e+001
4.223092e+001	-7.633170e+001
4.213879e+001	-8.509519e+001
4.193134e+001	-9.857625e+001
4.185570e+001	-1.066649e+002
4.178004e+001	-1.147545e+002
4.180322e+001	-1.188004e+002
4.235359e+001	-1.012776e+002
4.321699e+001	-7.094907e+001
4.360260e+001	-6.016743e+001
4.351048e+001	-6.893004e+001
4.371488e+001	-6.556174e+001
4.370514e+001	-7.095464e+001
4.329999e+001	-9.252386e+001
4.363618e+001	-8.376405e+001
4.408772e+001	-7.028488e+001
4.406148e+001	-7.635263e+001
4.396934e+001	-8.511612e+001
4.420671e+001	-8.039904e+001
4.462529e+001	-6.826865e+001
4.482969e+001	-6.490036e+001
4.481995e+001	-7.029326e+001
4.492551e+001	-7.096859e+001
4.526170e+001	-6.220878e+001
4.515311e+001	-7.164532e+001
4.494564e+001	-8.512727e+001
4.518301e+001	-8.041021e+001
4.533799e+001	-7.906372e+001
4.519644e+001	-8.984904e+001
4.520317e+001	-9.456800e+001
4.537462e+001	-9.254758e+001
4.536485e+001	-9.794137e+001
4.550336e+001	-9.726883e+001
4.557598e+001	-9.929205e+001
4.578038e+001	-9.592374e+001
4.596833e+001	-9.322849e+001
4.579383e+001	-1.053617e+002
4.583348e+001	-1.087337e+002
4.610380e+001	-1.026687e+002
4.612700e+001	-1.067137e+002
4.610076e+001	-1.127815e+002
4.660169e+001	-9.728139e+001
4.685554e+001	-9.189038e+001
4.682930e+001	-9.795812e+001
4.695134e+001	-9.795951e+001
4.713927e+001	-9.526515e+001
4.736016e+001	-9.122202e+001
4.735039e+001	-9.661582e+001
4.743949e+001	-9.796509e+001
4.751210e+001	-9.998830e+001
4.755177e+001	-1.033594e+002
4.775618e+001	-9.999110e+001
4.796058e+001	-9.662279e+001
4.803320e+001	-9.864600e+001
4.802345e+001	-1.040389e+002
4.781600e+001	-1.175200e+002
4.782271e+001	-1.222398e+002
4.819186e+001	-1.121312e+002
4.857749e+001	-1.013487e+002
4.853477e+001	-1.080904e+002
4.857445e+001	-1.114615e+002
4.894360e+001	-1.013529e+002
4.923039e+001	-9.461403e+001
4.923709e+001	-9.933390e+001
4.927676e+001	-1.027050e+002
4.918463e+001	-1.114685e+002
4.942200e+001	-1.067514e+002
4.936281e+001	-1.141670e+002
4.923773e+001	-1.242784e+002
4.932682e+001	-1.256277e+002
4.956417e+001	-1.209115e+002
4.994980e+001	-1.101290e+002
5.012126e+001	-1.081085e+002
5.016093e+001	-1.114796e+002
5.034886e+001	-1.087853e+002
5.050384e+001	-1.074388e+002
5.064237e+001	-1.067654e+002
5.038548e+001	-1.222691e+002
5.019451e+001	-1.350763e+002
5.015182e+001	-1.418170e+002
5.035622e+001	-1.384487e+002
5.046178e+001	-1.391241e+002
5.043554e+001	-1.451918e+002
5.073881e+001	-1.377790e+002
5.100910e+001	-1.317149e+002
5.106524e+001	-1.344121e+002
5.107197e+001	-1.391311e+002
5.102925e+001	-1.458727e+002
5.093712e+001	-1.546362e+002
5.166872e+001	-1.296992e+002
5.187313e+001	-1.263309e+002
5.183041e+001	-1.330726e+002
5.183714e+001	-1.377915e+002
5.184384e+001	-1.425114e+002
5.193293e+001	-1.438607e+002
5.189024e+001	-1.506015e+002
5.188047e+001	-1.559953e+002
5.218373e+001	-1.485824e+002
5.255289e+001	-1.384739e+002
5.265845e+001	-1.391492e+002
5.319234e+001	-1.223012e+002
5.361091e+001	-1.101708e+002
5.389770e+001	-1.034319e+002
5.397032e+001	-1.054551e+002
5.386171e+001	-1.148926e+002
5.373663e+001	-1.250039e+002
5.364450e+001	-1.337674e+002
5.376653e+001	-1.337688e+002
5.402038e+001	-1.283778e+002
5.415889e+001	-1.277053e+002
5.442918e+001	-1.216412e+002
5.473245e+001	-1.142284e+002
5.468973e+001	-1.209701e+002
5.474588e+001	-1.236672e+002
5.480202e+001	-1.263644e+002
5.462752e+001	-1.384976e+002
5.506257e+001	-1.256932e+002
5.592594e+001	-9.536559e+001
5.629509e+001	-8.525701e+001
5.651599e+001	-8.121388e+001
5.686868e+001	-7.177924e+001
5.690833e+001	-7.515122e+001
5.686563e+001	-8.189201e+001
5.688881e+001	-8.593792e+001
5.702732e+001	-8.526538e+001
5.701757e+001	-9.065829e+001
5.674423e+001	-1.068351e+002
5.660268e+001	-1.176204e+002
5.669175e+001	-1.189706e+002
5.719271e+001	-1.034696e+002
5.736416e+001	-1.014492e+002
5.722261e+001	-1.122345e+002
5.714695e+001	-1.203240e+002
5.753257e+001	-1.095415e+002
5.814885e+001	-8.932297e+001
5.845211e+001	-8.191013e+001
5.890363e+001	-6.843186e+001
5.902567e+001	-6.843326e+001
5.857111e+001	-9.202430e+001
5.831422e+001	-1.075281e+002
5.845275e+001	-1.068546e+002
5.862421e+001	-1.048342e+002
5.905925e+001	-9.202988e+001
5.888475e+001	-1.041631e+002
5.862787e+001	-1.196668e+002
5.863459e+001	-1.243858e+002
5.882252e+001	-1.216914e+002
5.894456e+001	-1.216928e+002
5.928077e+001	-1.129321e+002
5.974876e+001	-9.877992e+001
5.993669e+001	-9.608556e+001
5.991047e+001	-1.021524e+002
5.983481e+001	-1.102420e+002
5.992390e+001	-1.115912e+002
6.014478e+001	-1.075490e+002
6.020092e+001	-1.102462e+002
6.040534e+001	-1.068770e+002
6.036263e+001	-1.136186e+002
6.018813e+001	-1.257518e+002
6.044195e+001	-1.203617e+002
6.089349e+001	-1.068825e+002
6.129557e+001	-9.542696e+001
6.113757e+001	-1.068853e+002
6.114427e+001	-1.116052e+002
6.148048e+001	-1.028445e+002
6.175078e+001	-9.678042e+001
6.164219e+001	-1.062170e+002
6.189601e+001	-1.008268e+002
6.190274e+001	-1.055458e+002
6.157995e+001	-1.237453e+002
6.133956e+001	-1.385743e+002
6.157691e+001	-1.338581e+002
6.166600e+001	-1.352074e+002
6.203516e+001	-1.250988e+002
6.253610e+001	-1.095987e+002
6.270756e+001	-1.075783e+002
6.259897e+001	-1.170148e+002
6.250684e+001	-1.257783e+002
6.269477e+001	-1.230840e+002
6.306391e+001	-1.129754e+002
6.302120e+001	-1.197171e+002
6.302793e+001	-1.244360e+002
6.344651e+001	-1.123056e+002
6.353559e+001	-1.136549e+002
6.344346e+001	-1.224184e+002
6.338429e+001	-1.298331e+002
6.325921e+001	-1.399445e+002
6.308471e+001	-1.520777e+002
6.323969e+001	-1.507312e+002
6.362532e+001	-1.399487e+002
6.381325e+001	-1.372543e+002
6.410002e+001	-1.305163e+002
6.440328e+001	-1.231035e+002
6.436059e+001	-1.298443e+002
6.431787e+001	-1.365860e+002
6.447286e+001	-1.352395e+002
6.474318e+001	-1.291745e+002
6.491463e+001	-1.271541e+002
6.454243e+001	-1.473754e+002
6.438440e+001	-1.588347e+002
6.465472e+001	-1.527698e+002
6.508976e+001	-1.399654e+002
6.504705e+001	-1.467071e+002
6.474077e+001	-1.642318e+002
6.471452e+001	-1.702995e+002
6.490245e+001	-1.676052e+002
6.513982e+001	-1.628881e+002
6.550898e+001	-1.527795e+002
6.568043e+001	-1.507591e+002
6.570361e+001	-1.548050e+002
6.577623e+001	-1.568282e+002
6.579943e+001	-1.608732e+002
6.613564e+001	-1.521125e+002
6.632357e+001	-1.494182e+002
6.629732e+001	-1.554859e+002
6.638641e+001	-1.568352e+002
6.665673e+001	-1.507702e+002
6.694350e+001	-1.440323e+002
6.721382e+001	-1.379673e+002
6.718758e+001	-1.440350e+002
6.740847e+001	-1.399919e+002
6.794236e+001	-1.231439e+002
6.822915e+001	-1.164051e+002
6.849945e+001	-1.103410e+002
6.858853e+001	-1.116903e+002
6.839756e+001	-1.244974e+002
6.888203e+001	-1.096713e+002
6.943241e+001	-9.214845e+001
6.940617e+001	-9.821619e+001
6.916578e+001	-1.130451e+002
6.899128e+001	-1.251783e+002
6.919568e+001	-1.218100e+002
6.936713e+001	-1.197896e+002
6.952214e+001	-1.184422e+002
6.961121e+001	-1.197924e+002
6.989800e+001	-1.130535e+002
6.990472e+001	-1.177725e+002
6.997732e+001	-1.197966e+002
7.041239e+001	-1.069913e+002
7.102864e+001	-8.677369e+001
7.118363e+001	-8.542720e+001
7.087734e+001	-1.029519e+002
7.078521e+001	-1.117154e+002
7.113789e+001	-1.022807e+002
7.158941e+001	-8.880247e+001
7.185972e+001	-8.273753e+001
7.183348e+001	-8.880526e+001
7.200494e+001	-8.678484e+001
7.263769e+001	-6.589234e+001
7.282561e+001	-6.319798e+001
7.293118e+001	-6.387332e+001
7.298733e+001	-6.657047e+001
7.281282e+001	-7.870366e+001
7.278658e+001	-8.477139e+001
7.277684e+001	-9.016430e+001
7.303066e+001	-8.477418e+001
7.328450e+001	-7.938318e+001
7.330770e+001	-8.342821e+001
7.318262e+001	-9.353957e+001
7.322227e+001	-9.691156e+001
7.344317e+001	-9.286843e+001
7.354873e+001	-9.354376e+001
7.365429e+001	-9.421909e+001
7.387517e+001	-9.017686e+001
7.394779e+001	-9.220006e+001
7.392155e+001	-9.826780e+001
7.389532e+001	-1.043347e+002
7.388555e+001	-1.097284e+002
7.405701e+001	-1.077080e+002
7.434380e+001	-1.009691e+002
7.443289e+001	-1.023184e+002
7.457140e+001	-1.016459e+002
7.477581e+001	-9.827757e+001
7.465072e+001	-1.083889e+002
7.470687e+001	-1.110861e+002
7.481243e+001	-1.117614e+002
7.491799e+001	-1.124368e+002
7.502356e+001	-1.131121e+002
7.503029e+001	-1.178311e+002
7.513585e+001	-1.185064e+002
7.550499e+001	-1.083987e+002
7.544582e+001	-1.158134e+002
7.537015e+001	-1.239030e+002
7.555808e+001	-1.212086e+002
7.609199e+001	-1.043598e+002
7.621403e+001	-1.043612e+002
7.628665e+001	-1.063844e+002
7.644163e+001	-1.050379e+002
7.671193e+001	-9.897382e+001
7.709755e+001	-8.819130e+001
7.721959e+001	-8.819270e+001
7.712746e+001	-9.695619e+001
7.715065e+001	-1.010012e+002
7.687731e+001	-1.171780e+002
7.683460e+001	-1.239197e+002
7.725318e+001	-1.117893e+002
7.727638e+001	-1.158344e+002
7.733252e+001	-1.185315e+002
7.755339e+001	-1.144893e+002
7.764248e+001	-1.158385e+002
7.797869e+001	-1.070778e+002
7.798540e+001	-1.117977e+002
7.799212e+001	-1.165167e+002
7.803177e+001	-1.198886e+002
7.836798e+001	-1.111279e+002
7.870419e+001	-1.023672e+002
7.892507e+001	-9.832500e+001
7.917891e+001	-9.293399e+001
7.907030e+001	-1.023714e+002
7.906053e+001	-1.077652e+002
7.914962e+001	-1.091145e+002
7.918930e+001	-1.124856e+002
7.965729e+001	-9.833336e+001
8.029004e+001	-7.744087e+001
8.080745e+001	-6.126684e+001
8.111071e+001	-5.385402e+001
8.138103e+001	-4.778907e+001
8.138773e+001	-5.250892e+001
8.109792e+001	-6.935969e+001
8.093989e+001	-8.081893e+001
8.097955e+001	-8.419092e+001
8.110158e+001	-8.419231e+001
8.099300e+001	-9.362885e+001
8.098323e+001	-9.902265e+001
8.112173e+001	-9.835011e+001
8.109551e+001	-1.044170e+002
8.093749e+001	-1.158762e+002
8.125720e+001	-1.077903e+002
8.131335e+001	-1.104875e+002
8.145186e+001	-1.098149e+002
8.172217e+001	-1.037500e+002
8.209133e+001	-9.364141e+001
8.254285e+001	-8.016313e+001
8.281314e+001	-7.409908e+001
8.272103e+001	-8.286168e+001
8.279363e+001	-8.488579e+001
8.281683e+001	-8.893081e+001
8.282355e+001	-9.364978e+001
8.296206e+001	-9.297724e+001
8.278756e+001	-1.051104e+002
8.289312e+001	-1.057858e+002
8.339406e+001	-9.028567e+001
8.376323e+001	-8.017708e+001
8.436300e+001	-6.063336e+001
8.453448e+001	-5.861205e+001
8.467299e+001	-5.793950e+001
8.466322e+001	-6.333330e+001
8.442283e+001	-7.816224e+001
8.406710e+001	-9.770965e+001
8.404088e+001	-1.037765e+002
8.429470e+001	-9.838638e+001
8.444969e+001	-9.703989e+001
8.475295e+001	-8.962707e+001
8.510563e+001	-8.019243e+001
8.507939e+001	-8.626016e+001
8.470721e+001	-1.064806e+002
8.471391e+001	-1.112005e+002
8.508307e+001	-1.010919e+002
8.550165e+001	-8.896150e+001
8.549190e+001	-9.435441e+001
8.535034e+001	-1.051397e+002
8.530763e+001	-1.118814e+002
8.538024e+001	-1.139046e+002
8.561759e+001	-1.091884e+002
8.552548e+001	-1.179510e+002
8.576283e+001	-1.132348e+002
8.591781e+001	-1.118884e+002
8.594101e+001	-1.159334e+002
8.639253e+001	-1.024551e+002
8.687700e+001	-8.762897e+001
8.708140e+001	-8.426067e+001
8.717049e+001	-8.560994e+001
8.737491e+001	-8.224076e+001
8.779350e+001	-7.011036e+001
8.776725e+001	-7.617808e+001
8.727974e+001	-1.011170e+002
8.695696e+001	-1.193165e+002
8.719432e+001	-1.145995e+002
8.734931e+001	-1.132530e+002
8.765257e+001	-1.058402e+002
8.756044e+001	-1.146037e+002
8.738593e+001	-1.267368e+002
8.765623e+001	-1.206728e+002
8.786066e+001	-1.173036e+002
8.824629e+001	-1.065211e+002
8.838479e+001	-1.058485e+002
8.834208e+001	-1.125902e+002
8.829937e+001	-1.193319e+002
8.805897e+001	-1.341608e+002
8.813159e+001	-1.361840e+002
8.838541e+001	-1.307939e+002
8.878752e+001	-1.193375e+002
8.915667e+001	-1.092289e+002
8.899864e+001	-1.206881e+002
8.889005e+001	-1.301247e+002
8.886381e+001	-1.361924e+002
8.913413e+001	-1.301275e+002
8.932206e+001	-1.274331e+002
8.896633e+001	-1.469805e+002
8.912131e+001	-1.456340e+002
8.944105e+001	-1.375473e+002
8.949720e+001	-1.402444e+002
8.976749e+001	-1.341804e+002
9.013664e+001	-1.240718e+002
9.022574e+001	-1.254210e+002
9.036425e+001	-1.247485e+002
9.063456e+001	-1.186836e+002
9.050948e+001	-1.287949e+002
9.054914e+001	-1.321669e+002
9.065469e+001	-1.328422e+002
9.076026e+001	-1.335176e+002
9.083288e+001	-1.355408e+002
9.116909e+001	-1.267801e+002
9.110990e+001	-1.341957e+002
9.111663e+001	-1.389147e+002
9.132103e+001	-1.355464e+002
9.136070e+001	-1.389175e+002
9.154863e+001	-1.362231e+002
9.148944e+001	-1.436387e+002
9.134789e+001	-1.544240e+002
9.114044e+001	-1.679051e+002
9.114716e+001	-1.726241e+002
9.135157e+001	-1.692557e+002
9.186900e+001	-1.530808e+002
9.213930e+001	-1.470168e+002
9.199774e+001	-1.578021e+002
9.198799e+001	-1.631950e+002
9.240657e+001	-1.510646e+002
9.247919e+001	-1.530878e+002
9.237058e+001	-1.625252e+002
9.252556e+001	-1.611788e+002
9.292766e+001	-1.497223e+002
9.300028e+001	-1.517455e+002
9.285873e+001	-1.625308e+002
9.301371e+001	-1.611843e+002
9.318516e+001	-1.591639e+002
9.340604e+001	-1.551217e+002
9.341277e+001	-1.598406e+002
9.355128e+001	-1.591681e+002
9.357448e+001	-1.632131e+002
9.353176e+001	-1.699548e+002
9.375264e+001	-1.659126e+002
9.412179e+001	-1.558040e+002
9.427678e+001	-1.544575e+002
9.428350e+001	-1.591765e+002
9.427375e+001	-1.645694e+002
9.442874e+001	-1.632229e+002
9.479789e+001	-1.531143e+002
9.528236e+001	-1.382882e+002
9.581625e+001	-1.214402e+002
9.635016e+001	-1.045913e+002
9.643925e+001	-1.059406e+002
9.670954e+001	-9.987654e+001
9.712812e+001	-8.774615e+001
9.734902e+001	-8.370302e+001
9.765226e+001	-7.629108e+001
9.798847e+001	-6.753038e+001
9.797870e+001	-7.292417e+001
9.767241e+001	-9.044888e+001
9.746496e+001	-1.039299e+002
9.763642e+001	-1.019095e+002
9.817031e+001	-8.506156e+001
9.865480e+001	-7.023451e+001
9.899099e+001	-6.147469e+001
9.921188e+001	-5.743156e+001
9.911975e+001	-6.619505e+001
9.879697e+001	-8.439458e+001
9.898492e+001	-8.169933e+001
9.910696e+001	-8.170073e+001
9.901482e+001	-9.046422e+001
9.928512e+001	-8.440016e+001
9.962132e+001	-7.563946e+001
9.984223e+001	-7.159633e+001
9.989834e+001	-7.429437e+001
1.001192e+002	-7.025124e+001
1.005543e+002	-5.744691e+001
1.006104e+002	-6.014406e+001
1.003206e+002	-7.699571e+001
1.001461e+002	-8.912890e+001
1.003670e+002	-8.508666e+001
1.003902e+002	-8.913168e+001
1.002157e+002	-1.012649e+002
1.003377e+002	-1.012663e+002
1.008222e+002	-8.644011e+001
1.011749e+002	-7.700548e+001
1.012640e+002	-7.835475e+001
1.014684e+002	-7.498645e+001
1.015574e+002	-7.633572e+001
1.014324e+002	-8.644709e+001
1.015215e+002	-8.779636e+001
1.018577e+002	-7.903566e+001
1.022104e+002	-6.960103e+001
1.022006e+002	-7.499482e+001
1.021249e+002	-8.308348e+001
1.020987e+002	-8.915122e+001
1.021878e+002	-9.050049e+001
1.030017e+002	-6.219467e+001
1.034038e+002	-5.073821e+001
1.031799e+002	-6.489322e+001
1.032196e+002	-6.826430e+001
1.031769e+002	-7.500597e+001
1.030353e+002	-8.579129e+001
1.029597e+002	-9.387995e+001
1.031147e+002	-9.253347e+001
1.030719e+002	-9.927514e+001
1.031446e+002	-1.012984e+002
1.035796e+002	-8.849401e+001
1.038994e+002	-8.040726e+001
1.040873e+002	-7.771290e+001
1.043576e+002	-7.164795e+001
1.044961e+002	-7.097541e+001
1.044369e+002	-7.839102e+001
1.048720e+002	-6.558668e+001
1.052576e+002	-5.480416e+001
1.050996e+002	-6.626341e+001
1.049910e+002	-7.570084e+001
1.048494e+002	-8.648614e+001
1.045596e+002	-1.033369e+002
1.044839e+002	-1.114265e+002
1.047378e+002	-1.060355e+002
1.047280e+002	-1.114293e+002
1.050313e+002	-1.040164e+002
1.053180e+002	-9.727844e+001
1.053907e+002	-9.930165e+001
1.054797e+002	-1.006509e+002
1.059148e+002	-8.784658e+001
1.061192e+002	-8.447828e+001
1.060436e+002	-9.256694e+001
1.063468e+002	-8.515501e+001
1.066336e+002	-7.841613e+001
1.068215e+002	-7.572177e+001
1.068612e+002	-7.909286e+001
1.067855e+002	-8.718241e+001
1.069076e+002	-8.718380e+001
1.073261e+002	-7.505341e+001
1.074811e+002	-7.370692e+001
1.073890e+002	-8.246953e+001
1.073463e+002	-8.921120e+001
1.074683e+002	-8.921260e+001
1.075245e+002	-9.190975e+001
1.080913e+002	-7.371390e+001
1.085593e+002	-5.956080e+001
1.082365e+002	-7.776032e+001
1.082927e+002	-8.045747e+001
1.084971e+002	-7.708918e+001
1.088004e+002	-6.967635e+001
1.090706e+002	-6.361230e+001
1.092256e+002	-6.226581e+001
1.094630e+002	-5.754874e+001
1.097827e+002	-4.946287e+001
1.103496e+002	-3.126614e+001
1.104551e+002	-3.194147e+001
1.100994e+002	-5.148887e+001
1.098261e+002	-6.766569e+001
1.098163e+002	-7.305950e+001
1.098560e+002	-7.643058e+001
1.100604e+002	-7.306228e+001
1.099188e+002	-8.384670e+001
1.099420e+002	-8.789262e+001
1.103771e+002	-7.508828e+001
1.107627e+002	-6.430577e+001
1.106871e+002	-7.239443e+001
1.105784e+002	-8.183186e+001
1.104534e+002	-9.194322e+001
1.108555e+002	-8.048678e+001
1.113235e+002	-6.633456e+001
1.114784e+002	-6.498807e+001
1.115675e+002	-6.633735e+001
1.118873e+002	-5.825058e+001
1.122729e+002	-4.746807e+001
1.123455e+002	-4.949217e+001
1.120557e+002	-6.634292e+001
1.116341e+002	-8.858608e+001
1.119703e+002	-7.982538e+001
1.124218e+002	-6.634711e+001
1.125274e+002	-6.702245e+001
1.125670e+002	-7.039354e+001
1.127714e+002	-6.702523e+001
1.129758e+002	-6.365693e+001
1.130649e+002	-6.500621e+001
1.132199e+002	-6.365972e+001
1.134902e+002	-5.759478e+001
1.132333e+002	-7.309855e+001
1.132236e+002	-7.849146e+001
1.134445e+002	-7.444922e+001
1.134677e+002	-7.849425e+001
1.134414e+002	-8.456199e+001
1.136458e+002	-8.119279e+001
1.138008e+002	-7.984630e+001
1.139393e+002	-7.917376e+001
1.142096e+002	-7.310971e+001
1.147600e+002	-5.558691e+001
1.152939e+002	-3.873894e+001
1.153171e+002	-4.278397e+001
1.154391e+002	-4.278537e+001
1.154788e+002	-4.615646e+001
1.156667e+002	-4.346210e+001
1.155087e+002	-5.492135e+001
1.153342e+002	-6.705454e+001
1.155716e+002	-6.233835e+001
1.156936e+002	-6.233974e+001
1.160792e+002	-5.155723e+001
1.164649e+002	-4.077470e+001
1.164551e+002	-4.616762e+001
1.162312e+002	-6.032262e+001
1.161885e+002	-6.706430e+001
1.164258e+002	-6.234811e+001
1.166797e+002	-5.695711e+001
1.166205e+002	-6.437272e+001
1.164460e+002	-7.650591e+001
1.163703e+002	-8.459546e+001
1.159817e+002	-1.054899e+002
1.162025e+002	-1.014476e+002
1.169177e+002	-7.718543e+001
1.173527e+002	-6.438109e+001
1.175736e+002	-6.033796e+001
1.177945e+002	-5.629573e+001
1.183284e+002	-3.944775e+001
1.186481e+002	-3.136099e+001
1.187042e+002	-3.405814e+001
1.183815e+002	-5.225767e+001
1.183882e+002	-5.697664e+001
1.187573e+002	-4.686806e+001
1.188135e+002	-4.956610e+001
1.186884e+002	-5.967658e+001
1.185139e+002	-7.180977e+001
1.186689e+002	-7.046328e+001
1.189886e+002	-6.237741e+001
1.194731e+002	-4.755037e+001
1.197763e+002	-4.013843e+001
1.194865e+002	-5.698919e+001
1.193285e+002	-6.844844e+001
1.195494e+002	-6.440620e+001
1.198032e+002	-5.901520e+001
1.198758e+002	-6.103930e+001
1.199814e+002	-6.171463e+001
1.201034e+002	-6.171603e+001
1.202255e+002	-6.171742e+001
1.205617e+002	-5.295672e+001
1.207990e+002	-4.823966e+001
1.211023e+002	-4.082771e+001
1.212737e+002	-3.880729e+001
1.208356e+002	-6.172439e+001
1.201834e+002	-9.340270e+001
1.205855e+002	-8.194624e+001
1.210041e+002	-6.981585e+001
1.212085e+002	-6.644755e+001
1.211823e+002	-7.251440e+001
1.212713e+002	-7.386455e+001
1.216075e+002	-6.510385e+001
1.217790e+002	-6.308343e+001
1.221152e+002	-5.432273e+001
1.223031e+002	-5.162836e+001
1.220792e+002	-6.578337e+001
1.220365e+002	-7.252416e+001
1.223233e+002	-6.578617e+001
1.225606e+002	-6.106998e+001
1.229133e+002	-5.163534e+001
1.228047e+002	-6.107277e+001
1.225808e+002	-7.522778e+001
1.226699e+002	-7.657705e+001
1.228578e+002	-7.388269e+001
1.232434e+002	-6.310017e+001
1.235137e+002	-5.703523e+001
1.234546e+002	-6.445085e+001
1.234942e+002	-6.782194e+001
1.236327e+002	-6.714939e+001
1.236889e+002	-6.984654e+001
1.235803e+002	-7.928397e+001
1.237188e+002	-7.861143e+001
1.239891e+002	-7.254648e+001
1.240617e+002	-7.457059e+001
1.242332e+002	-7.254927e+001
1.244046e+002	-7.052885e+001
1.243949e+002	-7.592264e+001
1.245169e+002	-7.592404e+001
1.245566e+002	-7.929513e+001
1.247610e+002	-7.592683e+001
1.250148e+002	-7.053582e+001
1.250709e+002	-7.323386e+001
1.249788e+002	-8.199647e+001
1.249855e+002	-8.671632e+001
1.250746e+002	-8.806560e+001
1.251802e+002	-8.874092e+001
1.254835e+002	-8.132811e+001
1.254078e+002	-8.941765e+001
1.251674e+002	-1.042466e+002
1.253389e+002	-1.022262e+002
1.257245e+002	-9.144366e+001
1.258630e+002	-9.077111e+001
1.260180e+002	-8.942463e+001
1.262718e+002	-8.403363e+001
1.265915e+002	-7.594776e+001
1.267960e+002	-7.257857e+001
1.270498e+002	-6.718845e+001
1.269576e+002	-7.595194e+001
1.268985e+002	-8.336666e+001
1.269381e+002	-8.673864e+001
1.272414e+002	-7.932582e+001
1.273964e+002	-7.797933e+001
1.277655e+002	-6.787076e+001
1.280523e+002	-6.113276e+001
1.279437e+002	-7.056930e+001
1.279834e+002	-7.394128e+001
1.281054e+002	-7.394268e+001
1.281615e+002	-7.663983e+001
1.283659e+002	-7.327153e+001
1.283891e+002	-7.731655e+001
1.281323e+002	-9.281944e+001
1.282378e+002	-9.349477e+001
1.281292e+002	-1.029322e+002
1.280041e+002	-1.130436e+002
1.285875e+002	-9.417290e+001
1.291378e+002	-7.665098e+001
1.291446e+002	-8.136996e+001
1.293654e+002	-7.732771e+001
1.297346e+002	-6.721914e+001
1.299225e+002	-6.452478e+001
1.300940e+002	-6.250435e+001
1.299524e+002	-7.328966e+001
1.299097e+002	-8.003045e+001
1.302295e+002	-7.194369e+001
1.304833e+002	-6.655357e+001
1.305559e+002	-6.857678e+001
1.305626e+002	-7.329663e+001
1.302069e+002	-9.284315e+001
1.298677e+002	-1.117166e+002
1.298744e+002	-1.164356e+002
1.300623e+002	-1.137412e+002
1.304644e+002	-1.022848e+002
1.308995e+002	-8.948044e+001
1.311368e+002	-8.476425e+001
1.314730e+002	-7.600355e+001
1.318916e+002	-6.387316e+001
1.324585e+002	-4.567642e+001
1.325475e+002	-4.702569e+001
1.320436e+002	-7.263855e+001
1.316714e+002	-9.285989e+001
1.319252e+002	-8.746977e+001
1.323273e+002	-7.601331e+001
1.327459e+002	-6.388292e+001
1.332468e+002	-4.838194e+001
1.336654e+002	-3.625155e+001
1.336721e+002	-4.097140e+001
1.335470e+002	-5.108277e+001
1.335043e+002	-5.782355e+001
1.334451e+002	-6.523917e+001
1.331718e+002	-8.141599e+001
1.330138e+002	-9.287524e+001
1.332182e+002	-8.950694e+001
1.331425e+002	-9.759649e+001
1.330833e+002	-1.050112e+002
1.333372e+002	-9.962110e+001
1.337393e+002	-8.816464e+001
1.339437e+002	-8.479634e+001
1.340492e+002	-8.547167e+001
1.341713e+002	-8.547307e+001
1.343757e+002	-8.210389e+001
1.346130e+002	-7.738770e+001
1.344880e+002	-8.749907e+001
1.341817e+002	-1.050238e+002
1.344025e+002	-1.009815e+002
1.348376e+002	-8.817719e+001
1.350420e+002	-8.480890e+001
1.352135e+002	-8.278759e+001
1.352531e+002	-8.615956e+001
1.351775e+002	-9.424822e+001
1.351677e+002	-9.964202e+001
1.351744e+002	-1.043610e+002
1.351976e+002	-1.084069e+002
1.355338e+002	-9.964621e+001
1.358371e+002	-9.223338e+001
1.358109e+002	-9.830112e+001
1.359988e+002	-9.560587e+001
1.363020e+002	-8.819394e+001
1.362923e+002	-9.358684e+001
1.363814e+002	-9.493611e+001
1.364869e+002	-9.561144e+001
1.364937e+002	-1.003313e+002
1.365663e+002	-1.023545e+002
1.365236e+002	-1.090962e+002
1.365138e+002	-1.144891e+002
1.368830e+002	-1.043805e+002
1.372851e+002	-9.292406e+001
1.374730e+002	-9.022971e+001
1.374632e+002	-9.562261e+001
1.373546e+002	-1.050600e+002
1.376579e+002	-9.764810e+001
1.375987e+002	-1.050628e+002
1.373583e+002	-1.198927e+002
1.374803e+002	-1.198941e+002
1.379319e+002	-1.064149e+002
1.384822e+002	-8.889298e+001
1.387031e+002	-8.485074e+001
1.385286e+002	-9.698393e+001
1.382223e+002	-1.145086e+002
1.382126e+002	-1.199024e+002
1.381369e+002	-1.279911e+002
1.381601e+002	-1.320370e+002
1.383645e+002	-1.286678e+002
1.388325e+002	-1.145156e+002
1.393335e+002	-9.901552e+001
1.395214e+002	-9.632116e+001
1.396269e+002	-9.699649e+001
1.399632e+002	-8.823579e+001
1.400523e+002	-8.958506e+001
1.401413e+002	-9.093433e+001
1.400657e+002	-9.902388e+001
1.399406e+002	-1.091352e+002
1.400791e+002	-1.084627e+002
1.404977e+002	-9.633231e+001
1.407680e+002	-9.026736e+001
1.406594e+002	-9.970479e+001
1.405343e+002	-1.098162e+002
1.402116e+002	-1.280148e+002
1.401359e+002	-1.361044e+002
1.401261e+002	-1.414973e+002
1.402152e+002	-1.428465e+002
1.402714e+002	-1.455446e+002
1.403934e+002	-1.455460e+002
1.406802e+002	-1.388071e+002
1.408846e+002	-1.354388e+002
1.409737e+002	-1.367881e+002
1.412934e+002	-1.287013e+002
1.417449e+002	-1.152230e+002
1.420976e+002	-1.057884e+002
1.419561e+002	-1.165737e+002
1.419792e+002	-1.206196e+002
1.422495e+002	-1.145547e+002
1.426022e+002	-1.051200e+002
1.427737e+002	-1.030996e+002
1.427310e+002	-1.098413e+002
1.428530e+002	-1.098427e+002
1.429915e+002	-1.091701e+002
1.428665e+002	-1.192806e+002
1.427084e+002	-1.307399e+002
1.426657e+002	-1.374815e+002
1.423594e+002	-1.550071e+002
1.422673e+002	-1.637697e+002
1.421916e+002	-1.718593e+002
1.422807e+002	-1.732085e+002
1.425016e+002	-1.691663e+002
1.426566e+002	-1.678198e+002
1.427786e+002	-1.678212e+002
1.431148e+002	-1.590605e+002
1.438958e+002	-1.321026e+002
1.445286e+002	-1.112101e+002
1.446506e+002	-1.112115e+002
1.446409e+002	-1.166044e+002
1.446970e+002	-1.193015e+002
1.446378e+002	-1.267171e+002
1.444469e+002	-1.395243e+002
1.440911e+002	-1.590717e+002
1.442132e+002	-1.590731e+002
1.442364e+002	-1.631181e+002
1.443584e+002	-1.631195e+002
1.448758e+002	-1.469455e+002
1.450802e+002	-1.435772e+002
1.452682e+002	-1.408819e+002
1.454561e+002	-1.381876e+002
1.452816e+002	-1.503207e+002
1.450742e+002	-1.638018e+002
1.453939e+002	-1.557159e+002
1.463232e+002	-1.226916e+002
1.475654e+002	-7.686164e+001
1.483959e+002	-4.788098e+001
1.487321e+002	-3.912117e+001
1.487718e+002	-4.249226e+001
1.489432e+002	-4.047183e+001
1.495265e+002	-2.160115e+001
1.496980e+002	-1.958074e+001
1.497541e+002	-2.227788e+001
1.500739e+002	-1.419112e+001
1.502289e+002	-1.284464e+001
1.500379e+002	-2.565177e+001
1.500281e+002	-3.104556e+001
1.500513e+002	-3.509059e+001
1.503381e+002	-2.835260e+001
1.507402e+002	-1.689614e+001
1.507963e+002	-1.959329e+001
1.507701e+002	-2.566013e+001
1.509580e+002	-2.296577e+001
1.509812e+002	-2.701169e+001
1.512186e+002	-2.229463e+001
1.511759e+002	-2.903630e+001
1.510673e+002	-3.847373e+001
1.514529e+002	-2.769121e+001
1.517397e+002	-2.095233e+001
1.519441e+002	-1.758403e+001
1.519838e+002	-2.095512e+001
1.519081e+002	-2.904467e+001
1.520137e+002	-2.972001e+001
1.520533e+002	-3.309110e+001
1.520436e+002	-3.848489e+001
1.523139e+002	-3.241994e+001
1.526336e+002	-2.433318e+001
1.528874e+002	-1.894307e+001
1.528942e+002	-2.366203e+001
1.528350e+002	-3.107764e+001
1.529241e+002	-3.242692e+001
1.529967e+002	-3.445013e+001
1.529210e+002	-4.253969e+001
1.531584e+002	-3.782262e+001
1.532310e+002	-3.984672e+001
1.533201e+002	-4.119599e+001
1.535080e+002	-3.850163e+001
1.538113e+002	-3.108881e+001
1.540322e+002	-2.704656e+001
1.539730e+002	-3.446129e+001
1.542762e+002	-2.704936e+001
1.544642e+002	-2.435411e+001
1.543556e+002	-3.379154e+001
1.542964e+002	-4.120715e+001
1.543525e+002	-4.390430e+001
1.545240e+002	-4.188389e+001
1.545637e+002	-4.525497e+001
1.547351e+002	-4.323454e+001
1.551537e+002	-3.110415e+001
1.558029e+002	-9.537720e+000
1.559579e+002	-8.191236e+000
1.553056e+002	-3.987043e+001
1.551641e+002	-5.065575e+001
1.555497e+002	-3.987322e+001
1.556882e+002	-3.920068e+001
1.555796e+002	-4.863722e+001
1.556028e+002	-5.268314e+001
1.558896e+002	-4.594425e+001
1.561599e+002	-3.988019e+001
1.561666e+002	-4.459917e+001
1.563216e+002	-4.325268e+001
1.564271e+002	-4.392802e+001
1.565657e+002	-4.325547e+001
1.568360e+002	-3.719052e+001
1.570569e+002	-3.314829e+001
1.573436e+002	-2.641029e+001
1.576139e+002	-2.034535e+001
1.576701e+002	-2.304249e+001
1.574626e+002	-3.652357e+001
1.572387e+002	-5.067946e+001
1.577561e+002	-3.450454e+001
1.582241e+002	-2.035232e+001
1.577366e+002	-4.529125e+001
1.576774e+002	-5.270685e+001
1.579313e+002	-4.731585e+001
1.583663e+002	-3.451152e+001
1.588508e+002	-1.968536e+001
1.588740e+002	-2.373039e+001
1.587489e+002	-3.384176e+001
1.588380e+002	-3.519103e+001
1.588941e+002	-3.788818e+001
1.587691e+002	-4.799955e+001
1.590393e+002	-4.193549e+001
1.590955e+002	-4.463265e+001
1.590198e+002	-5.272220e+001
1.592572e+002	-4.800513e+001
1.598899e+002	-2.711352e+001
1.603579e+002	-1.296042e+001
1.602658e+002	-2.172392e+001
1.600089e+002	-3.722680e+001
1.601475e+002	-3.655426e+001
1.601377e+002	-4.194805e+001
1.602762e+002	-4.127550e+001
1.606289e+002	-3.184087e+001
1.607509e+002	-3.184226e+001
1.604941e+002	-4.734515e+001
1.603195e+002	-5.947833e+001
1.604416e+002	-5.947973e+001
1.606625e+002	-5.543748e+001
1.611964e+002	-3.858952e+001
1.614996e+002	-3.117669e+001
1.618029e+002	-2.376387e+001
1.618755e+002	-2.578708e+001
1.615857e+002	-4.263872e+001
1.617571e+002	-4.061831e+001
1.620933e+002	-3.185761e+001
1.623307e+002	-2.714142e+001
1.624527e+002	-2.714282e+001
1.624430e+002	-3.253572e+001
1.622520e+002	-4.534285e+001
1.621434e+002	-5.478029e+001
1.623148e+002	-5.275986e+001
1.625028e+002	-5.006550e+001
1.625424e+002	-5.343659e+001
1.624997e+002	-6.017738e+001
1.629677e+002	-4.602516e+001
1.637982e+002	-1.704540e+001
1.641673e+002	-6.936820e+000
1.641411e+002	-1.300367e+001
1.638183e+002	-3.120320e+001
1.637591e+002	-3.861880e+001
1.641283e+002	-2.851023e+001
1.647116e+002	-9.639553e+000
1.650149e+002	-2.226726e+000
1.646262e+002	-2.312201e+001
1.647318e+002	-2.379735e+001
1.647714e+002	-2.716933e+001
1.646464e+002	-3.727981e+001
1.649496e+002	-2.986788e+001
1.650222e+002	-3.189108e+001
1.648642e+002	-4.335034e+001
1.651839e+002	-3.526357e+001
1.652565e+002	-3.728678e+001
1.652632e+002	-4.200664e+001
1.654677e+002	-3.863834e+001
1.655732e+002	-3.931367e+001
1.658929e+002	-3.122691e+001
1.663280e+002	-1.842258e+001
1.662194e+002	-2.786001e+001
1.662591e+002	-3.123110e+001
1.663317e+002	-3.325431e+001
1.662395e+002	-4.201780e+001
1.660815e+002	-5.347705e+001
1.664671e+002	-4.269453e+001
1.666386e+002	-4.067411e+001
1.668760e+002	-3.595704e+001
1.668497e+002	-4.202478e+001
1.671365e+002	-3.528589e+001
1.678352e+002	-1.169764e+001
1.678583e+002	-1.574356e+001
1.677992e+002	-2.315828e+001
1.680530e+002	-1.776816e+001
1.682574e+002	-1.439898e+001
1.683630e+002	-1.507520e+001
1.683038e+002	-2.248992e+001
1.679481e+002	-4.203733e+001
1.677406e+002	-5.551839e+001
1.676155e+002	-6.562977e+001
1.678694e+002	-6.023877e+001
1.686833e+002	-3.193294e+001
1.692007e+002	-1.575891e+001
1.693228e+002	-1.576029e+001
1.691812e+002	-2.654561e+001
1.690726e+002	-3.598214e+001
1.689476e+002	-4.609352e+001
1.688225e+002	-5.620489e+001
1.687798e+002	-6.294656e+001
1.690171e+002	-5.822950e+001
1.693039e+002	-5.149150e+001
1.694424e+002	-5.081895e+001
1.693503e+002	-5.958155e+001
1.694559e+002	-6.025690e+001
1.697261e+002	-5.419284e+001
1.700294e+002	-4.678001e+001
1.699867e+002	-5.352168e+001
1.698616e+002	-6.363306e+001
1.700825e+002	-5.958993e+001
1.704352e+002	-5.015617e+001
1.707549e+002	-4.206941e+001
1.710746e+002	-3.398265e+001
1.712132e+002	-3.331011e+001
1.711869e+002	-3.937784e+001
1.711442e+002	-4.611863e+001
1.713980e+002	-4.072851e+001
1.714542e+002	-4.342566e+001
1.714939e+002	-4.679675e+001
1.718960e+002	-3.534029e+001
1.722981e+002	-2.388384e+001
1.724366e+002	-2.321129e+001
1.725751e+002	-2.253874e+001
1.724500e+002	-3.265012e+001
1.724403e+002	-3.804302e+001
1.726611e+002	-3.400079e+001
1.730632e+002	-2.254433e+001
1.732017e+002	-2.187179e+001
1.732249e+002	-2.591682e+001
1.733635e+002	-2.524427e+001
1.736338e+002	-1.918022e+001
1.741841e+002	-1.657414e+000
1.745368e+002	7.776324e+000
1.743623e+002	-4.356845e+000
1.738418e+002	-3.064365e+001
1.736179e+002	-4.479864e+001
1.737070e+002	-4.614792e+001
1.737796e+002	-4.817113e+001
1.739346e+002	-4.682465e+001
1.742708e+002	-3.806395e+001
1.746564e+002	-2.728232e+001
1.749597e+002	-1.986950e+001
1.748840e+002	-2.795904e+001
1.747754e+002	-3.739559e+001
1.749798e+002	-3.402729e+001
1.750195e+002	-3.739838e+001
1.752239e+002	-3.403008e+001
1.757248e+002	-1.852999e+001
1.759622e+002	-1.381292e+001
1.762160e+002	-8.422800e+000
1.760086e+002	-2.190387e+001
1.754222e+002	-5.088731e+001
1.752148e+002	-6.436837e+001
1.753698e+002	-6.302189e+001
1.754259e+002	-6.571905e+001
1.755315e+002	-6.639438e+001
1.757853e+002	-6.100338e+001
1.763357e+002	-4.348146e+001
1.770014e+002	-2.124109e+001
1.774364e+002	-8.436749e+000
1.773772e+002	-1.585236e+001
1.771533e+002	-3.000737e+001
1.771271e+002	-3.607422e+001
1.772821e+002	-3.472773e+001
1.773876e+002	-3.540307e+001
1.773449e+002	-4.214475e+001
1.772693e+002	-5.023429e+001
1.771112e+002	-6.169354e+001
1.772333e+002	-6.169494e+001
1.774706e+002	-5.697787e+001
1.777409e+002	-5.091381e+001
1.781266e+002	-4.013129e+001
1.782980e+002	-3.810998e+001
1.784201e+002	-3.811138e+001
1.784103e+002	-4.350518e+001
1.788124e+002	-3.204872e+001
1.792804e+002	-1.789650e+001
1.794189e+002	-1.722396e+001
1.791950e+002	-3.137897e+001
1.790040e+002	-4.418609e+001
1.791096e+002	-4.486143e+001
1.792646e+002	-4.351494e+001
1.793372e+002	-4.553816e+001
1.792945e+002	-5.227983e+001
1.792518e+002	-5.902061e+001
1.795221e+002	-5.295656e+001
1.796276e+002	-5.363189e+001
1.796673e+002	-5.700298e+001
1.798882e+002	-5.296074e+001
1.800432e+002	-5.161426e+001
1.802970e+002	-4.622325e+001
1.807485e+002	-3.274498e+001
1.807882e+002	-3.611606e+001
1.805808e+002	-4.959714e+001
1.809829e+002	-3.814068e+001
1.812367e+002	-3.275056e+001
1.815729e+002	-2.398985e+001
1.817279e+002	-2.264338e+001
1.818170e+002	-2.399265e+001
1.818896e+002	-2.601585e+001
1.818633e+002	-3.208359e+001
1.816724e+002	-4.489072e+001
1.814155e+002	-6.039361e+001
1.816529e+002	-5.567742e+001
1.821538e+002	-4.017733e+001
1.823417e+002	-3.748208e+001
1.822825e+002	-4.489769e+001
1.822728e+002	-5.029149e+001
1.823454e+002	-5.231470e+001
1.825498e+002	-4.894551e+001
1.827872e+002	-4.422933e+001
1.830575e+002	-3.816439e+001
1.830148e+002	-4.490606e+001
1.831533e+002	-4.423352e+001
1.832918e+002	-4.356098e+001
1.833479e+002	-4.625812e+001
1.833711e+002	-5.030404e+001
1.832955e+002	-5.839271e+001
1.835822e+002	-5.165471e+001
1.838526e+002	-4.558977e+001
1.839252e+002	-4.761298e+001
1.838330e+002	-5.637647e+001
1.838398e+002	-6.109545e+001
1.839618e+002	-6.109684e+001
1.840509e+002	-6.244700e+001
1.839752e+002	-7.053566e+001
1.840149e+002	-7.390764e+001
1.844170e+002	-6.245118e+001
1.845555e+002	-6.177864e+001
1.848093e+002	-5.638763e+001
1.850467e+002	-5.167145e+001
1.850369e+002	-5.706436e+001
1.851590e+002	-5.706575e+001
1.854622e+002	-4.965293e+001
1.857984e+002	-4.089312e+001
1.860193e+002	-3.684999e+001
1.863226e+002	-2.943806e+001
1.867082e+002	-1.865554e+001
1.869291e+002	-1.461241e+001
1.871335e+002	-1.124411e+001
1.873050e+002	-9.223685e+000
1.869328e+002	-2.944503e+001
1.868736e+002	-3.685975e+001
1.870945e+002	-3.281752e+001
1.871341e+002	-3.618861e+001
1.871903e+002	-3.888665e+001
1.876418e+002	-2.540748e+001
1.874179e+002	-3.956337e+001
1.867821e+002	-7.056775e+001
1.868382e+002	-7.326489e+001
1.872238e+002	-6.248326e+001
1.875930e+002	-5.237469e+001
1.879951e+002	-4.091823e+001
1.882819e+002	-3.417934e+001
1.881568e+002	-4.429072e+001
1.883777e+002	-4.024847e+001
1.886151e+002	-3.553140e+001
1.882099e+002	-5.710063e+001
1.878871e+002	-7.530016e+001
1.881245e+002	-7.058309e+001
1.884607e+002	-6.182328e+001
1.889122e+002	-4.834411e+001
1.894626e+002	-3.082221e+001
1.896341e+002	-2.880178e+001
1.895255e+002	-3.823832e+001
1.894004e+002	-4.834970e+001
1.892753e+002	-5.846106e+001
1.894632e+002	-5.576670e+001
1.897500e+002	-4.902782e+001
1.897238e+002	-5.509556e+001
1.895657e+002	-6.655480e+001
1.897866e+002	-6.251256e+001
1.905182e+002	-3.757554e+001
1.908709e+002	-2.814179e+001
1.908117e+002	-3.555652e+001
1.905548e+002	-5.106029e+001
1.905945e+002	-5.443138e+001
1.908484e+002	-4.904038e+001
1.909869e+002	-4.836782e+001
1.913560e+002	-3.825925e+001
1.917911e+002	-2.545491e+001
1.920614e+002	-1.939086e+001
1.921340e+002	-2.141407e+001
1.921736e+002	-2.478516e+001
1.920321e+002	-3.557046e+001
1.922530e+002	-3.152822e+001
1.923256e+002	-3.355144e+001
1.921346e+002	-4.635857e+001
1.920589e+002	-5.444812e+001
1.924281e+002	-4.433954e+001
1.927808e+002	-3.490489e+001
1.931170e+002	-2.614419e+001
1.933544e+002	-2.142802e+001
1.931798e+002	-3.356120e+001
1.930548e+002	-4.367257e+001
1.930121e+002	-5.041425e+001
1.932165e+002	-4.704506e+001
1.932726e+002	-4.974221e+001
1.933782e+002	-5.041843e+001
1.939121e+002	-3.356957e+001
1.940835e+002	-3.154916e+001
1.939914e+002	-4.031265e+001
1.942123e+002	-3.626952e+001
1.946638e+002	-2.279124e+001
1.949176e+002	-1.740113e+001
1.949408e+002	-2.144616e+001
1.949805e+002	-2.481725e+001
1.949048e+002	-3.290679e+001
1.948457e+002	-4.032241e+001
1.949018e+002	-4.301955e+001
1.948261e+002	-5.110911e+001
1.950470e+002	-4.706598e+001
1.959104e+002	-1.673835e+001
1.961643e+002	-1.134733e+001
1.956603e+002	-3.696020e+001
1.955352e+002	-4.707156e+001
1.959043e+002	-3.696298e+001
1.960923e+002	-3.426863e+001
1.962143e+002	-3.427001e+001
1.968306e+002	-1.405146e+001
1.971832e+002	-4.617706e+000
1.969923e+002	-1.742484e+001
1.967848e+002	-3.090590e+001
1.967421e+002	-3.764669e+001
1.966829e+002	-4.506230e+001
1.969697e+002	-3.832342e+001
1.967458e+002	-5.247931e+001
1.968513e+002	-5.315464e+001
1.972040e+002	-4.372001e+001
1.971448e+002	-5.113561e+001
1.970363e+002	-6.057216e+001
1.971253e+002	-6.192231e+001
1.975110e+002	-5.113980e+001
1.979460e+002	-3.833458e+001
1.983975e+002	-2.485630e+001
1.983713e+002	-3.092404e+001
1.983121e+002	-3.833876e+001
1.985001e+002	-3.564440e+001
1.987045e+002	-3.227610e+001
1.988759e+002	-3.025568e+001
1.986849e+002	-4.306280e+001
1.984940e+002	-5.586993e+001
1.986160e+002	-5.587132e+001
1.986557e+002	-5.924242e+001
1.989095e+002	-5.385229e+001
1.991634e+002	-4.846129e+001
1.991865e+002	-5.250721e+001
1.993250e+002	-5.183467e+001
1.993482e+002	-5.587970e+001
1.993879e+002	-5.925078e+001
2.000536e+002	-3.701042e+001
2.005545e+002	-2.151032e+001
2.005613e+002	-2.622929e+001
2.003868e+002	-3.836248e+001
2.002287e+002	-4.982173e+001
2.004661e+002	-4.510554e+001
2.008847e+002	-3.297515e+001
2.010561e+002	-3.095472e+001
2.010793e+002	-3.499975e+001
2.011190e+002	-3.837084e+001
2.012245e+002	-3.904707e+001
2.015443e+002	-3.096031e+001
2.019464e+002	-1.950385e+001
2.021013e+002	-1.815736e+001
2.019104e+002	-3.096449e+001
2.019500e+002	-3.433559e+001
2.020886e+002	-3.366304e+001
2.023259e+002	-2.894686e+001
2.023656e+002	-3.231795e+001
2.024217e+002	-3.501510e+001
2.024284e+002	-3.973496e+001
2.026493e+002	-3.569183e+001
2.031667e+002	-1.951780e+001
2.035029e+002	-1.075710e+001
2.034932e+002	-1.615090e+001
2.035987e+002	-1.682623e+001
2.034572e+002	-2.761153e+001
2.032992e+002	-3.907078e+001
2.035365e+002	-3.435372e+001
2.036750e+002	-3.368117e+001
2.035664e+002	-4.311860e+001
2.035567e+002	-4.851151e+001
2.037611e+002	-4.514321e+001
2.040808e+002	-3.705644e+001
2.043017e+002	-3.301421e+001
2.043908e+002	-3.436348e+001
2.044140e+002	-3.840852e+001
2.044701e+002	-4.110655e+001
2.046416e+002	-3.908613e+001
2.050272e+002	-2.830361e+001
2.050998e+002	-3.032683e+001
2.050571e+002	-3.706761e+001
2.050638e+002	-4.178746e+001
2.054000e+002	-3.302676e+001
2.056374e+002	-2.831059e+001
2.057594e+002	-2.831197e+001
2.055849e+002	-4.044516e+001
2.055752e+002	-4.583808e+001
2.056313e+002	-4.853522e+001
2.060664e+002	-3.573089e+001
2.063531e+002	-2.899289e+001
2.064257e+002	-3.101611e+001
2.063007e+002	-4.112748e+001
2.064392e+002	-4.045493e+001
2.066271e+002	-3.775968e+001
2.067821e+002	-3.641320e+001
2.071842e+002	-2.495674e+001
2.073062e+002	-2.495814e+001
2.070164e+002	-4.180978e+001
2.066772e+002	-6.068236e+001
2.066839e+002	-6.540223e+001
2.071519e+002	-5.125000e+001
2.072739e+002	-5.125140e+001
2.072642e+002	-5.664431e+001
2.070732e+002	-6.945143e+001
2.072446e+002	-6.743101e+001
2.076797e+002	-5.462668e+001
2.078841e+002	-5.125838e+001
2.078084e+002	-5.934704e+001
2.080458e+002	-5.463086e+001
2.084149e+002	-4.452228e+001
2.088335e+002	-3.239188e+001
2.090214e+002	-2.969752e+001
2.090776e+002	-3.239468e+001
2.091667e+002	-3.374395e+001
2.092063e+002	-3.711504e+001
2.093119e+002	-3.779037e+001
2.093845e+002	-3.981447e+001
2.093253e+002	-4.722920e+001
2.095627e+002	-4.251301e+001
2.096023e+002	-4.588411e+001
2.096090e+002	-5.060396e+001
2.095663e+002	-5.734475e+001
2.095401e+002	-6.341248e+001
2.099751e+002	-5.060815e+001
2.103608e+002	-3.982563e+001
2.106805e+002	-3.173887e+001
2.107861e+002	-3.241420e+001
2.106445e+002	-4.319951e+001
2.104371e+002	-5.668058e+001
2.105756e+002	-5.600803e+001
2.106811e+002	-5.668337e+001
2.110832e+002	-4.522691e+001
2.118642e+002	-1.826896e+001
2.121016e+002	-1.355190e+001
2.117294e+002	-3.377324e+001
2.116537e+002	-4.186279e+001
2.117758e+002	-4.186418e+001
2.120461e+002	-3.579924e+001
2.122834e+002	-3.108307e+001
2.125043e+002	-2.704082e+001
2.125934e+002	-2.839010e+001
2.125837e+002	-3.378300e+001
2.127716e+002	-3.108864e+001
2.127948e+002	-3.513367e+001
2.125049e+002	-5.198532e+001
2.121822e+002	-7.018396e+001
2.119088e+002	-8.636167e+001
2.120309e+002	-8.636307e+001
2.126636e+002	-6.547057e+001
2.129339e+002	-5.940563e+001
2.126606e+002	-7.558335e+001
2.127002e+002	-7.895443e+001
2.128882e+002	-7.626006e+001
2.135044e+002	-5.604151e+001
2.139559e+002	-4.256324e+001
2.141933e+002	-3.784617e+001
2.144636e+002	-3.178211e+001
2.146186e+002	-3.043563e+001
2.147736e+002	-2.908915e+001
2.149780e+002	-2.571995e+001
2.148694e+002	-3.515738e+001
2.145960e+002	-5.133510e+001
2.147840e+002	-4.863985e+001
2.150543e+002	-4.257579e+001
2.151928e+002	-4.190324e+001
2.154137e+002	-3.786012e+001
2.154368e+002	-4.190603e+001
2.155259e+002	-4.325531e+001
2.160269e+002	-2.775521e+001
2.160171e+002	-3.314813e+001
2.161886e+002	-3.112770e+001
2.163106e+002	-3.112910e+001
2.161196e+002	-4.393622e+001
2.162581e+002	-4.326368e+001
2.162978e+002	-4.663477e+001
2.162716e+002	-5.270251e+001
2.162783e+002	-5.742147e+001
2.164168e+002	-5.674893e+001
2.166871e+002	-5.068487e+001
2.166444e+002	-5.742566e+001
2.167005e+002	-6.012282e+001
2.168720e+002	-5.810239e+001
2.171093e+002	-5.338621e+001
2.171655e+002	-5.608336e+001
2.171722e+002	-6.080234e+001
2.172942e+002	-6.080372e+001
2.176139e+002	-5.271785e+001
2.180325e+002	-4.058746e+001
2.182699e+002	-3.587039e+001
2.181119e+002	-4.732963e+001
2.180691e+002	-5.407131e+001
2.178782e+002	-6.687844e+001
2.179178e+002	-7.024953e+001
2.183035e+002	-5.946701e+001
2.186562e+002	-5.003237e+001
2.187782e+002	-5.003377e+001
2.188673e+002	-5.138392e+001
2.190717e+002	-4.801474e+001
2.192926e+002	-4.397250e+001
2.198100e+002	-2.779846e+001
2.201626e+002	-1.836382e+001
2.200211e+002	-2.914913e+001
2.196654e+002	-4.869564e+001
2.194579e+002	-6.217760e+001
2.194976e+002	-6.554869e+001
2.199326e+002	-5.274436e+001
2.204665e+002	-3.589550e+001
2.209675e+002	-2.039541e+001
2.210566e+002	-2.174468e+001
2.211127e+002	-2.444183e+001
2.209547e+002	-3.590107e+001
2.209614e+002	-4.062093e+001
2.209516e+002	-4.601384e+001
2.210737e+002	-4.601523e+001
2.212122e+002	-4.534269e+001
2.211036e+002	-5.478012e+001
2.212585e+002	-5.343364e+001
2.212323e+002	-5.950048e+001
2.209919e+002	-7.433031e+001
2.209327e+002	-8.174505e+001
2.215490e+002	-6.152649e+001
2.222312e+002	-3.861218e+001
2.226498e+002	-2.648178e+001
2.226729e+002	-3.052769e+001
2.223667e+002	-4.805240e+001
2.221757e+002	-6.085952e+001
2.222318e+002	-6.355756e+001
2.227657e+002	-4.670870e+001
2.230689e+002	-3.929677e+001
2.233722e+002	-3.188394e+001
2.238072e+002	-1.907961e+001
2.236986e+002	-2.851704e+001
2.233924e+002	-4.604174e+001
2.234156e+002	-5.008676e+001
2.238506e+002	-3.728243e+001
2.243515e+002	-2.178234e+001
2.243747e+002	-2.582737e+001
2.244308e+002	-2.852541e+001
2.245694e+002	-2.785286e+001
2.242301e+002	-4.672544e+001
2.241380e+002	-5.548894e+001
2.242436e+002	-5.616427e+001
2.245962e+002	-4.672962e+001
2.249160e+002	-3.864287e+001
2.253510e+002	-2.583853e+001
2.254236e+002	-2.786263e+001
2.252821e+002	-3.864705e+001
2.253547e+002	-4.067115e+001
2.258227e+002	-2.651805e+001
2.261259e+002	-1.910612e+001
2.258361e+002	-3.595687e+001
2.258923e+002	-3.865403e+001
2.262449e+002	-2.922027e+001
2.263505e+002	-2.989561e+001
2.262419e+002	-3.933304e+001
2.261827e+002	-4.674776e+001
2.263871e+002	-4.337946e+001
2.265092e+002	-4.338086e+001
2.261205e+002	-6.427614e+001
2.260943e+002	-7.034299e+001
2.261669e+002	-7.236620e+001
2.264372e+002	-6.630214e+001
2.270040e+002	-4.810541e+001
2.272414e+002	-4.338922e+001
2.275776e+002	-3.462852e+001
2.280126e+002	-2.182419e+001
2.281841e+002	-1.980376e+001
2.281908e+002	-2.452273e+001
2.282469e+002	-2.722078e+001
2.284184e+002	-2.519946e+001
2.284580e+002	-2.857145e+001
2.283000e+002	-4.003069e+001
2.281420e+002	-5.148994e+001
2.284288e+002	-4.475106e+001
2.287320e+002	-3.733823e+001
2.287058e+002	-4.340597e+001
2.285807e+002	-5.351733e+001
2.288181e+002	-4.880027e+001
2.290554e+002	-4.408409e+001
2.289139e+002	-5.486940e+001
2.287559e+002	-6.632865e+001
2.288779e+002	-6.633004e+001
2.288846e+002	-7.104901e+001
2.291220e+002	-6.633283e+001
2.293758e+002	-6.094183e+001
2.293331e+002	-6.768350e+001
2.291915e+002	-7.846881e+001
2.296266e+002	-6.566447e+001
2.303911e+002	-3.938046e+001
2.307932e+002	-2.792401e+001
2.308823e+002	-2.927328e+001
2.308396e+002	-3.601407e+001
2.310276e+002	-3.331971e+001
2.313802e+002	-2.388506e+001
2.315352e+002	-2.253858e+001
2.316408e+002	-2.321392e+001
2.314992e+002	-3.399923e+001
2.314895e+002	-3.939303e+001
2.317433e+002	-3.400201e+001
2.318653e+002	-3.400341e+001
2.319544e+002	-3.535269e+001
2.323730e+002	-2.322228e+001
2.328245e+002	-9.744009e+000
2.328642e+002	-1.311510e+001
2.326732e+002	-2.592223e+001
2.326470e+002	-3.198996e+001
2.325219e+002	-4.210133e+001
2.324957e+002	-4.816818e+001
2.324694e+002	-5.423591e+001
2.325585e+002	-5.558519e+001
2.328618e+002	-4.817237e+001
2.329838e+002	-4.817376e+001
2.331388e+002	-4.682728e+001
2.332444e+002	-4.750261e+001
2.334323e+002	-4.480825e+001
2.339662e+002	-2.796028e+001
2.340058e+002	-3.133137e+001
2.339137e+002	-4.009485e+001
2.342664e+002	-3.066022e+001
2.342731e+002	-3.537919e+001
2.340986e+002	-4.751238e+001
2.339900e+002	-5.694981e+001
2.338320e+002	-6.840906e+001
2.340693e+002	-6.369288e+001
2.343396e+002	-5.762793e+001
2.348406e+002	-4.212783e+001
2.352262e+002	-3.134532e+001
2.356118e+002	-2.056280e+001
2.357668e+002	-1.921631e+001
2.357735e+002	-2.393529e+001
