    nm         	pN
0.000000e+000	2.151867e+002
7.730782e-002	2.050419e+002
2.477550e-002	1.870018e+002
-4.628479e-002	1.678351e+002
-9.881734e-002	1.497950e+002
-1.698778e-001	1.306283e+002
-1.482114e-001	1.171000e+002
-2.007439e-001	9.905993e+001
-2.347049e-001	8.214912e+001
-2.316103e-001	6.749159e+001
-2.099292e-001	5.396424e+001
-2.439192e-001	3.705167e+001
-1.480540e-001	2.803528e+001
-2.005720e-001	9.996075e+000
-1.974624e-001	-4.660564e+000
-2.128811e-001	-2.044385e+001
-2.839706e-001	-3.961236e+001
-1.139212e-001	-4.411777e+001
-3.661273e-002	-5.426256e+001
-7.058881e-002	-7.117426e+001
-1.787484e-001	-9.259691e+001
-1.385537e-001	-1.049985e+002
-2.096145e-001	-1.241652e+002
-2.992317e-001	-1.444604e+002
-3.888494e-001	-1.647555e+002
-1.075163e-001	-1.624940e+002
-3.020781e-002	-1.726388e+002
-1.383820e-001	-1.940624e+002
1.058514e-001	-1.940568e+002
7.210354e-001	-1.714947e+002
1.076553e+000	-1.647222e+002
9.683787e-001	-1.861458e+002
1.231169e+000	-1.850118e+002
1.660871e+000	-1.737284e+002
2.461523e+000	-1.398884e+002
2.705757e+000	-1.398829e+002
2.857249e+000	-1.455167e+002
3.064398e+000	-1.477662e+002
3.104607e+000	-1.601669e+002
3.256114e+000	-1.657999e+002
3.982581e+000	-1.364708e+002
4.004233e+000	-1.499999e+002
4.897626e+000	-1.105206e+002
4.993477e+000	-1.195378e+002
4.607108e+000	-1.578777e+002
4.962625e+000	-1.511053e+002
5.114118e+000	-1.567391e+002
5.191441e+000	-1.668830e+002
5.120351e+000	-1.860515e+002
5.308943e+000	-1.894294e+002
5.441907e+000	-1.961899e+002
5.908694e+000	-1.826514e+002
5.670693e+000	-2.119694e+002
5.859286e+000	-2.153473e+002
5.992235e+000	-2.221087e+002
5.976817e+000	-2.378919e+002
6.091210e+000	-2.457817e+002
6.075791e+000	-2.615650e+002
6.153099e+000	-2.717097e+002
6.397333e+000	-2.717042e+002
6.752850e+000	-2.649318e+002
7.516403e+000	-2.333477e+002
8.131573e+000	-2.107864e+002
8.320179e+000	-2.141634e+002
8.471671e+000	-2.197973e+002
8.511895e+000	-2.321971e+002
8.496447e+000	-2.479822e+002
9.074546e+000	-2.276750e+002
9.059128e+000	-2.434583e+002
9.192063e+000	-2.502206e+002
9.807247e+000	-2.276584e+002
1.034825e+001	-2.096072e+002
1.053682e+001	-2.129860e+002
1.124475e+001	-1.847845e+002
1.150753e+001	-1.836514e+002
1.160338e+001	-1.926687e+002
1.195889e+001	-1.858963e+002
1.207330e+001	-1.937851e+002
1.226189e+001	-1.971630e+002
1.276578e+001	-1.813687e+002
1.256489e+001	-2.084298e+002
1.293895e+001	-2.005298e+002
1.329447e+001	-1.937574e+002
1.376127e+001	-1.802181e+002
1.439500e+001	-1.565284e+002
1.489888e+001	-1.407340e+002
1.549552e+001	-1.192994e+002
1.553575e+001	-1.316992e+002
1.555740e+001	-1.452284e+002
1.589438e+001	-1.395834e+002
1.593458e+001	-1.519842e+002
1.638284e+001	-1.395724e+002
1.662708e+001	-1.395668e+002
1.663020e+001	-1.542226e+002
1.700426e+001	-1.463226e+002
1.711867e+001	-1.542115e+002
1.751127e+001	-1.451840e+002
1.775550e+001	-1.451785e+002
1.868599e+001	-1.034432e+002
1.885603e+001	-1.079494e+002
1.874789e+001	-1.293712e+002
1.876954e+001	-1.429003e+002
1.923635e+001	-1.293601e+002
1.933219e+001	-1.383783e+002
1.983610e+001	-1.225821e+002
2.000614e+001	-1.270885e+002
1.999071e+001	-1.428726e+002
2.042042e+001	-1.315883e+002
2.036789e+001	-1.496284e+002
2.037101e+001	-1.642842e+002
2.080071e+001	-1.530008e+002
2.115623e+001	-1.462284e+002
2.134482e+001	-1.496063e+002
2.179310e+001	-1.371936e+002
2.157364e+001	-1.653840e+002
2.176223e+001	-1.687619e+002
2.235886e+001	-1.473281e+002
2.239907e+001	-1.597289e+002
2.253203e+001	-1.664893e+002
2.279481e+001	-1.653563e+002
2.298340e+001	-1.687342e+002
2.313488e+001	-1.743689e+002
2.343477e+001	-1.709790e+002
2.353062e+001	-1.799963e+002
2.358938e+001	-1.912686e+002
2.377798e+001	-1.946465e+002
2.431896e+001	-1.765962e+002
2.439627e+001	-1.867410e+002
2.445503e+001	-1.980133e+002
2.508875e+001	-1.743245e+002
2.511043e+001	-1.878519e+002
2.513209e+001	-2.013801e+002
2.532069e+001	-2.047580e+002
2.549073e+001	-2.092634e+002
2.538256e+001	-2.306870e+002
2.557115e+001	-2.340649e+002
2.600085e+001	-2.227815e+002
2.656040e+001	-2.036028e+002
2.647078e+001	-2.238979e+002
2.688194e+001	-2.137420e+002
2.718180e+001	-2.103539e+002
2.731476e+001	-2.171144e+002
2.780012e+001	-2.024466e+002
2.793307e+001	-2.092080e+002
2.821441e+001	-2.069465e+002
2.821750e+001	-2.216041e+002
2.818354e+001	-2.385148e+002
2.865034e+001	-2.249755e+002
2.878329e+001	-2.317369e+002
2.910171e+001	-2.272204e+002
2.962414e+001	-2.102985e+002
2.977564e+001	-2.159314e+002
3.009406e+001	-2.114149e+002
3.011574e+001	-2.249422e+002
3.054544e+001	-2.136588e+002
3.051147e+001	-2.305705e+002
3.058878e+001	-2.407153e+002
3.127814e+001	-2.136422e+002
3.131835e+001	-2.260429e+002
3.111745e+001	-2.531050e+002
3.145441e+001	-2.474609e+002
3.156882e+001	-2.553498e+002
3.190580e+001	-2.497049e+002
3.190892e+001	-2.643606e+002
3.200477e+001	-2.733779e+002
3.215628e+001	-2.790108e+002
3.195536e+001	-3.060737e+002
3.329390e+001	-2.395259e+002
3.407601e+001	-2.068134e+002
3.404202e+001	-2.237260e+002
3.397096e+001	-2.428927e+002
3.453049e+001	-2.237149e+002
3.436667e+001	-2.485219e+002
3.442544e+001	-2.597942e+002
3.485514e+001	-2.485108e+002
3.728796e+001	-1.154225e+002
3.805153e+001	-8.383749e+001
3.812884e+001	-9.398227e+001
3.865128e+001	-7.705950e+001
3.859876e+001	-9.509870e+001
3.869460e+001	-1.041169e+002
3.895739e+001	-1.029829e+002
3.936857e+001	-9.282615e+001
3.944586e+001	-1.029718e+002
3.985703e+001	-9.281505e+001
4.015689e+001	-8.942695e+001
4.023422e+001	-9.957087e+001
4.007040e+001	-1.243779e+002
4.037027e+001	-1.209889e+002
4.052177e+001	-1.266227e+002
4.080310e+001	-1.243612e+002
4.097315e+001	-1.288666e+002
4.127303e+001	-1.254776e+002
4.138743e+001	-1.333665e+002
4.155745e+001	-1.378737e+002
4.198717e+001	-1.265894e+002
4.210158e+001	-1.344783e+002
4.210469e+001	-1.491349e+002
4.234892e+001	-1.491294e+002
4.281573e+001	-1.355892e+002
4.296721e+001	-1.412239e+002
4.367514e+001	-1.130223e+002
4.367826e+001	-1.276781e+002
4.373701e+001	-1.389513e+002
4.414819e+001	-1.287946e+002
4.450370e+001	-1.220221e+002
4.458101e+001	-1.321669e+002
4.489943e+001	-1.276504e+002
4.493963e+001	-1.400520e+002
4.497985e+001	-1.524518e+002
4.516844e+001	-1.558297e+002
4.544977e+001	-1.535683e+002
4.524886e+001	-1.806312e+002
4.590114e+001	-1.558131e+002
4.621956e+001	-1.512966e+002
4.624124e+001	-1.648239e+002
4.600324e+001	-1.941419e+002
4.652567e+001	-1.772200e+002
4.656589e+001	-1.896198e+002
4.677302e+001	-1.918702e+002
4.707290e+001	-1.884812e+002
4.715022e+001	-1.986251e+002
4.730171e+001	-2.042590e+002
4.771287e+001	-1.941031e+002
4.786437e+001	-1.997369e+002
4.805296e+001	-2.031148e+002
4.835283e+001	-1.997258e+002
4.863417e+001	-1.974644e+002
4.865582e+001	-2.109935e+002
4.908554e+001	-1.997092e+002
4.907010e+001	-2.154934e+002
4.920305e+001	-2.222547e+002
4.944729e+001	-2.222492e+002
4.963588e+001	-2.256271e+002
4.976883e+001	-2.323884e+002
4.997598e+001	-2.346379e+002
4.996053e+001	-2.504230e+002
5.027896e+001	-2.459056e+002
5.039336e+001	-2.537953e+002
5.060051e+001	-2.560448e+002
5.095602e+001	-2.492724e+002
5.077368e+001	-2.752060e+002
5.068405e+001	-2.955020e+002
5.105811e+001	-2.876021e+002
5.087576e+001	-3.135357e+002
5.239977e+001	-2.357100e+002
5.357136e+001	-1.793143e+002
5.377849e+001	-1.815646e+002
5.415255e+001	-1.736647e+002
5.408149e+001	-1.928314e+002
5.449265e+001	-1.826755e+002
5.462560e+001	-1.894369e+002
5.533353e+001	-1.612353e+002
5.628255e+001	-1.183734e+002
5.637841e+001	-1.273898e+002
5.586219e+001	-1.736259e+002
5.634755e+001	-1.589581e+002
5.670307e+001	-1.521857e+002
5.696584e+001	-1.510526e+002
5.743264e+001	-1.375133e+002
5.732448e+001	-1.589359e+002
5.756872e+001	-1.589304e+002
5.777586e+001	-1.611799e+002
5.802010e+001	-1.611743e+002
5.826433e+001	-1.611688e+002
5.811906e+001	-1.848483e+002
5.856732e+001	-1.724365e+002
5.884865e+001	-1.701750e+002
5.900014e+001	-1.758088e+002
5.972661e+001	-1.464798e+002
6.030469e+001	-1.261735e+002
6.084568e+001	-1.081232e+002
6.101573e+001	-1.126287e+002
6.148255e+001	-9.908845e+001
6.256140e+001	-4.833120e+001
6.275000e+001	-5.170911e+001
6.303132e+001	-4.944852e+001
6.297878e+001	-6.748861e+001
6.311173e+001	-7.424997e+001
6.365273e+001	-5.619877e+001
6.380424e+001	-6.183173e+001
6.386299e+001	-7.310493e+001
6.403302e+001	-7.761123e+001
6.414744e+001	-8.550010e+001
6.483682e+001	-5.842610e+001
6.489557e+001	-6.969930e+001
6.493578e+001	-8.210003e+001
6.512437e+001	-8.547792e+001
6.544280e+001	-8.096052e+001
6.561284e+001	-8.546683e+001
6.602399e+001	-7.531094e+001
6.613840e+001	-8.319982e+001
6.638264e+001	-8.319426e+001
6.696074e+001	-6.288715e+001
6.698239e+001	-7.641629e+001
6.702260e+001	-8.881702e+001
6.743375e+001	-7.866113e+001
6.747398e+001	-9.106096e+001
6.801496e+001	-7.301067e+001
6.853741e+001	-5.608789e+001
6.896711e+001	-4.480449e+001
6.878475e+001	-7.073899e+001
6.899190e+001	-7.298848e+001
6.914339e+001	-7.862230e+001
6.936908e+001	-7.974429e+001
6.974314e+001	-7.184432e+001
6.993174e+001	-7.522223e+001
7.041709e+001	-6.055448e+001
7.023473e+001	-8.648900e+001
7.049751e+001	-8.535592e+001
7.053773e+001	-9.775578e+001
7.144967e+001	-5.714886e+001
7.163826e+001	-6.052677e+001
7.158573e+001	-7.856686e+001
7.197834e+001	-6.953850e+001
7.192583e+001	-8.757770e+001
7.248536e+001	-6.839988e+001
7.224737e+001	-9.771695e+001
7.256579e+001	-9.320043e+001
7.256889e+001	-1.078571e+002
7.294295e+001	-9.995713e+001
7.342832e+001	-8.528939e+001
7.369110e+001	-8.415543e+001
7.393534e+001	-8.414990e+001
7.399410e+001	-9.542220e+001
7.416413e+001	-9.992941e+001
7.422289e+001	-1.112017e+002
7.500500e+001	-7.848923e+001
7.472991e+001	-1.100622e+002
7.554911e+001	-7.509469e+001
7.594171e+001	-6.606721e+001
7.588920e+001	-8.410553e+001
7.609634e+001	-8.635593e+001
7.635911e+001	-8.522285e+001
7.667755e+001	-8.070546e+001
7.671776e+001	-9.310618e+001
7.694345e+001	-9.422815e+001
7.750297e+001	-7.505033e+001
7.741338e+001	-9.534459e+001
7.765761e+001	-9.533903e+001
7.819858e+001	-7.728963e+001
7.779366e+001	-1.167570e+002
7.827902e+001	-1.020902e+002
7.876437e+001	-8.742244e+001
7.861910e+001	-1.111019e+002
7.903026e+001	-1.009460e+002
7.921885e+001	-1.043239e+002
7.959292e+001	-9.642308e+001
8.013391e+001	-7.837279e+001
7.978462e+001	-1.144576e+002
7.997321e+001	-1.178355e+002
8.014327e+001	-1.223410e+002
8.038750e+001	-1.223354e+002
8.048336e+001	-1.313518e+002
8.050502e+001	-1.448809e+002
8.100891e+001	-1.290857e+002
8.110477e+001	-1.381029e+002
8.146030e+001	-1.313296e+002
8.177872e+001	-1.268131e+002
8.176328e+001	-1.425973e+002
8.193332e+001	-1.471036e+002
8.258560e+001	-1.222855e+002
8.262582e+001	-1.346853e+002
8.274021e+001	-1.425751e+002
8.300299e+001	-1.414420e+002
8.330287e+001	-1.380530e+002
8.343582e+001	-1.448144e+002
8.342040e+001	-1.605977e+002
8.386864e+001	-1.481867e+002
8.372339e+001	-1.718653e+002
8.443130e+001	-1.436647e+002
8.473117e+001	-1.402757e+002
8.606970e+001	-7.372874e+001
8.672198e+001	-4.891066e+001
8.698478e+001	-4.777670e+001
8.711773e+001	-5.453805e+001
8.749178e+001	-4.663811e+001
8.781020e+001	-4.212159e+001
8.831410e+001	-2.632634e+001
8.831721e+001	-4.098298e+001
8.813485e+001	-6.691748e+001
8.845330e+001	-6.239920e+001
8.869753e+001	-6.239366e+001
8.909014e+001	-5.336619e+001
8.959402e+001	-3.757181e+001
8.933748e+001	-6.801729e+001
8.985994e+001	-5.109362e+001
8.967756e+001	-7.702902e+001
9.014438e+001	-6.348880e+001
9.029587e+001	-6.912262e+001
9.059573e+001	-6.573452e+001
9.104400e+001	-5.332182e+001
9.115841e+001	-6.121070e+001
9.127280e+001	-6.910044e+001
9.142430e+001	-7.473427e+001
9.150160e+001	-8.487906e+001
9.189422e+001	-7.585070e+001
9.215700e+001	-7.471764e+001
9.249398e+001	-6.907271e+001
9.283094e+001	-6.342780e+001
9.277841e+001	-8.146789e+001
9.322667e+001	-6.905608e+001
9.369347e+001	-5.551676e+001
9.352967e+001	-8.032285e+001
9.395937e+001	-6.903945e+001
9.438909e+001	-5.775516e+001
9.437365e+001	-7.354022e+001
9.485902e+001	-5.887159e+001
9.523308e+001	-5.097162e+001
9.549585e+001	-4.983856e+001
9.553607e+001	-6.223839e+001
9.533516e+001	-8.930131e+001
9.576486e+001	-7.801790e+001
9.619456e+001	-6.673450e+001
9.636462e+001	-7.123994e+001
9.649757e+001	-7.800127e+001
9.651924e+001	-9.152864e+001
9.683766e+001	-8.701212e+001
9.700771e+001	-9.151754e+001
9.765996e+001	-6.670123e+001
9.744053e+001	-9.488990e+001
9.775896e+001	-9.037338e+001
9.818866e+001	-7.908998e+001
9.839579e+001	-8.134036e+001
9.888113e+001	-6.667352e+001
9.888426e+001	-8.132926e+001
9.892448e+001	-9.372911e+001
9.896468e+001	-1.061307e+002
9.924601e+001	-1.038692e+002
9.984265e+001	-8.243461e+001
1.001982e+002	-7.566218e+001
1.001456e+002	-9.370138e+001
1.001858e+002	-1.061030e+002
1.007639e+002	-8.579587e+001
1.005630e+002	-1.128579e+002
1.009742e+002	-1.027029e+002
1.020345e+002	-5.307230e+001
1.014256e+002	-1.049468e+002
1.015956e+002	-1.094523e+002
1.021922e+002	-8.801854e+001
1.024921e+002	-8.462955e+001
1.030146e+002	-6.770677e+001
1.029435e+002	-8.687349e+001
1.032248e+002	-8.461291e+001
1.035247e+002	-8.122392e+001
1.036947e+002	-8.572933e+001
1.038648e+002	-9.023475e+001
1.041461e+002	-8.797418e+001
1.044645e+002	-8.345678e+001
1.045790e+002	-9.134564e+001
1.047119e+002	-9.810699e+001
1.051416e+002	-8.682358e+001
1.053487e+002	-8.907396e+001
1.052035e+002	-1.127526e+002
1.055404e+002	-1.071085e+002
1.055807e+002	-1.195084e+002
1.061587e+002	-9.920301e+001
1.061248e+002	-1.161138e+002
1.063690e+002	-1.161083e+002
1.068544e+002	-1.014414e+002
1.068204e+002	-1.183531e+002
1.069348e+002	-1.262420e+002
1.069750e+002	-1.386436e+002
1.072007e+002	-1.397656e+002
1.074449e+002	-1.397600e+002
1.080415e+002	-1.183254e+002
1.081560e+002	-1.262143e+002
1.084929e+002	-1.205693e+002
1.087001e+002	-1.228197e+002
1.086846e+002	-1.386048e+002
1.093184e+002	-1.149142e+002
1.090989e+002	-1.431047e+002
1.091948e+002	-1.521210e+002
1.096245e+002	-1.408376e+002
1.098687e+002	-1.408321e+002
1.097420e+002	-1.633823e+002
1.102088e+002	-1.498438e+002
1.102675e+002	-1.611161e+002
1.104376e+002	-1.656216e+002
1.113866e+002	-1.227587e+002
1.124469e+002	-7.312989e+001
1.125428e+002	-8.214628e+001
1.126943e+002	-8.778010e+001
1.129385e+002	-8.777456e+001
1.129046e+002	-1.046862e+002
1.132230e+002	-1.001697e+002
1.137269e+002	-8.437447e+001
1.153807e+002	1.345627e+000
1.153467e+002	-1.556605e+001
1.156837e+002	-9.921126e+000
1.160949e+002	2.338470e-001
1.165060e+002	1.039063e+001
1.163237e+002	-1.554386e+001
1.164566e+002	-2.230521e+001
1.168307e+002	-1.440526e+001
1.171677e+002	-8.760336e+000
1.171522e+002	-2.454362e+001
1.177118e+002	-5.365804e+000
1.178076e+002	-1.438307e+001
1.182559e+002	-1.971272e+000
1.186299e+002	5.928678e+000
1.187814e+002	2.948461e-001
1.187475e+002	-1.661594e+001
1.192699e+002	3.059416e-001
1.193101e+002	-1.209389e+001
1.191463e+002	-3.690087e+001
1.197244e+002	-1.659376e+001
1.198944e+002	-2.109918e+001
1.202870e+002	-1.207170e+001
1.206611e+002	-4.171746e+000
1.211465e+002	1.049597e+001
1.207972e+002	-2.558886e+001
1.212083e+002	-1.543298e+001
1.214340e+002	-1.655494e+001
1.218637e+002	-5.271536e+000
1.221451e+002	-3.010957e+000
1.224635e+002	1.506433e+000
1.225408e+002	-8.638356e+000
1.227850e+002	-8.632799e+000
1.225841e+002	-3.569484e+001
1.232178e+002	-1.200516e+001
1.234064e+002	-1.538307e+001
1.237063e+002	-1.199408e+001
1.238022e+002	-2.101045e+001
1.246214e+002	1.395706e+001
1.245688e+002	-4.083034e+000
1.246833e+002	-1.197189e+001
1.251501e+002	1.567415e+000
1.254870e+002	7.211448e+000
1.259167e+002	1.849575e+001
1.255860e+002	-1.646069e+001
1.261084e+002	4.611916e-001
1.262043e+002	-8.555183e+000
1.259663e+002	-3.787314e+001
1.263033e+002	-3.222911e+001
1.266031e+002	-2.884011e+001
1.269958e+002	-1.981086e+001
1.274440e+002	-7.399933e+000
1.272802e+002	-3.220692e+001
1.280252e+002	-1.749466e+000
1.282509e+002	-2.872341e+000
1.285879e+002	2.772569e+000
1.287950e+002	5.221907e-001
1.290021e+002	-1.727293e+000
1.289125e+002	-2.202243e+001
1.294535e+002	-3.972131e+000
1.296236e+002	-8.477549e+000
1.299420e+002	-3.961036e+000
1.302233e+002	-1.699563e+000
1.305232e+002	1.689413e+000
1.307118e+002	-1.688484e+000
1.307891e+002	-1.183327e+001
1.312373e+002	5.776335e-001
1.311106e+002	-2.197252e+001
1.314105e+002	-1.858353e+001
1.320442e+002	5.106119e+000
1.320659e+002	-8.422106e+000
1.322916e+002	-9.544070e+000
1.326842e+002	-5.166000e-001
1.327430e+002	-1.178891e+001
1.331356e+002	-2.761439e+000
1.331943e+002	-1.403375e+001
1.334757e+002	-1.177227e+001
1.338497e+002	-3.872324e+000
1.340383e+002	-7.250222e+000
1.343753e+002	-1.605294e+000
1.347123e+002	4.038704e+000
1.351234e+002	1.419548e+001
1.349967e+002	-8.355568e+000
1.352224e+002	-9.477532e+000
1.351884e+002	-2.639011e+001
1.357480e+002	-7.211414e+000
1.358624e+002	-1.510027e+001
1.364033e+002	2.950010e+000
1.369258e+002	1.987368e+001
1.367620e+002	-4.933306e+000
1.368578e+002	-1.395057e+001
1.373432e+002	7.162662e-001
1.371423e+002	-2.634576e+001
1.374978e+002	-1.957242e+001
1.379461e+002	-7.161510e+000
1.380419e+002	-1.617788e+001
1.383789e+002	-1.053385e+001
1.388828e+002	5.261386e+000
1.388117e+002	-1.390621e+001
1.392414e+002	-2.622806e+000
1.395042e+002	-1.488853e+000
1.397113e+002	-3.739248e+000
1.396217e+002	-2.403349e+001
1.400514e+002	-1.275008e+001
1.403513e+002	-9.361090e+000
1.406141e+002	-8.228030e+000
1.411180e+002	7.566330e+000
1.411953e+002	-2.578459e+000
1.415693e+002	5.322386e+000
1.415725e+002	-9.333360e+000
1.414828e+002	-2.962939e+001
1.421537e+002	-3.683788e+000
1.423608e+002	-5.933288e+000
1.427534e+002	3.094181e+000
1.429235e+002	-1.411236e+000
1.429451e+002	-1.493948e+001
1.436345e+002	1.213452e+001
1.435449e+002	-8.161492e+000
1.442528e+002	2.004003e+001
1.440334e+002	-8.150397e+000
1.446856e+002	1.666767e+001
1.443549e+002	-1.828965e+001
1.444136e+002	-2.956285e+001
1.448805e+002	-1.602263e+001
1.454400e+002	3.155163e+000
1.454431e+002	-1.150058e+001
1.458357e+002	-2.473095e+000
1.459501e+002	-1.036197e+001
1.461202e+002	-1.486739e+001
1.464015e+002	-1.260591e+001
1.465345e+002	-1.936726e+001
1.465190e+002	-3.515142e+001
1.470971e+002	-1.484521e+001
1.474712e+002	-6.945243e+000
1.477896e+002	-2.428731e+000
1.481822e+002	6.599616e+000
1.481853e+002	-8.056129e+000
1.481699e+002	-2.383941e+001
1.487480e+002	-3.534077e+000
1.489366e+002	-6.911974e+000
1.490695e+002	-1.367333e+001
1.493323e+002	-1.253937e+001
1.498177e+002	2.127451e+000
1.499506e+002	-4.633867e+000
1.501577e+002	-6.884262e+000
1.502907e+002	-1.364560e+001
1.503495e+002	-2.491792e+001
1.503340e+002	-4.070208e+001
1.507452e+002	-3.054620e+001
1.512120e+002	-1.700598e+001
1.517530e+002	1.043418e+000
1.515150e+002	-2.827452e+001
1.521116e+002	-6.839897e+000
1.522631e+002	-1.247283e+001
1.523404e+002	-2.261762e+001
1.523621e+002	-3.614676e+001
1.528474e+002	-2.147903e+001
1.531844e+002	-1.583410e+001
1.535956e+002	-5.678214e+000
1.541180e+002	1.124454e+001
1.539542e+002	-1.356242e+001
1.545879e+002	1.012812e+001
1.544798e+002	-1.129541e+001
1.546869e+002	-1.354579e+001
1.546900e+002	-2.820245e+001
1.556761e+002	1.691718e+001
1.555309e+002	-6.762263e+000
1.558122e+002	-4.500790e+000
1.560379e+002	-5.622771e+000
1.559668e+002	-2.479039e+001
1.563594e+002	-1.576202e+001
1.569746e+002	6.799231e+000
1.569406e+002	-1.011245e+001
1.569438e+002	-2.476821e+001
1.572622e+002	-2.025080e+001
1.578588e+002	1.182034e+000
1.577136e+002	-2.249564e+001
1.579207e+002	-2.474602e+001
1.585544e+002	-1.056354e+000
1.590583e+002	1.473888e+001
1.589872e+002	-4.428713e+000
1.594170e+002	6.854674e+000
1.599579e+002	2.490586e+001
1.592934e+002	-3.035212e+001
1.597602e+002	-1.681191e+001
1.601528e+002	-7.784437e+000
1.603043e+002	-1.341827e+001
1.607896e+002	1.248572e+000
1.610153e+002	1.265912e-001
1.611668e+002	-5.506329e+000
1.614111e+002	-5.500773e+000
1.615069e+002	-1.451806e+001
1.621035e+002	6.915673e+000
1.619583e+002	-1.676200e+001
1.621098e+002	-2.239584e+001
1.622798e+002	-2.690215e+001
1.630248e+002	3.554410e+000
1.630279e+002	-1.110134e+001
1.632536e+002	-1.222332e+001
1.634051e+002	-1.785715e+001
1.638534e+002	-5.445330e+000
1.638380e+002	-2.122951e+001
1.640822e+002	-2.122395e+001
1.642708e+002	-2.460185e+001
1.648118e+002	-6.551554e+000
1.652600e+002	5.860230e+000
1.656155e+002	1.263355e+001
1.653219e+002	-2.006782e+001
1.652508e+002	-3.923633e+001
1.660886e+002	-3.140387e+000
1.666667e+002	1.716670e+001
1.668924e+002	1.604474e+001
1.669882e+002	7.026576e+000
1.669171e+002	-1.214014e+001
1.670130e+002	-2.115741e+001
1.670717e+002	-3.243061e+001
1.679466e+002	5.921230e+000
1.679126e+002	-1.099043e+001
1.678230e+002	-3.128646e+001
1.679930e+002	-3.579188e+001
1.688679e+002	2.559966e+000
1.688525e+002	-1.322419e+001
1.692821e+002	-1.940789e+000
1.694337e+002	-7.573727e+000
1.693811e+002	-2.561382e+001
1.696439e+002	-2.447987e+001
1.701107e+002	-1.094053e+001
1.697800e+002	-4.589698e+001
1.701169e+002	-4.025295e+001
1.713442e+002	1.952711e+001
1.711433e+002	-7.534902e+000
1.712392e+002	-1.655129e+001
1.718543e+002	6.009941e+000
1.716720e+002	-1.992365e+001
1.722501e+002	3.816658e-001
1.723645e+002	-7.507188e+000
1.725160e+002	-1.314102e+001
1.725376e+002	-2.666926e+001
1.730972e+002	-7.490554e+000
1.735269e+002	3.792833e+000
1.732332e+002	-2.890855e+001
1.739226e+002	-1.835426e+000
1.738515e+002	-2.100216e+001
1.744482e+002	4.315694e-001
1.750633e+002	2.299371e+001
1.746213e+002	-1.872959e+001
1.749212e+002	-1.534060e+001
1.750542e+002	-2.210195e+001
1.755580e+002	-6.307574e+000
1.755426e+002	-2.209086e+001
1.758240e+002	-1.982938e+001
1.761053e+002	-1.756880e+001
1.765164e+002	-7.412920e+000
1.766679e+002	-1.304675e+001
1.771904e+002	3.876005e+000
1.775644e+002	1.177685e+001
1.772152e+002	-2.430797e+001
1.777191e+002	-8.512711e+000
1.777407e+002	-2.204095e+001
1.779664e+002	-2.316293e+001
1.784888e+002	-6.241036e+000
1.784178e+002	-2.540865e+001
1.787362e+002	-2.089126e+001
1.787208e+002	-3.667542e+001
1.789279e+002	-3.892581e+001
1.793762e+002	-2.651400e+001
1.798801e+002	-1.071874e+001
1.804952e+002	1.184340e+001
1.802202e+002	-1.972958e+001
1.807982e+002	5.757413e-001
1.810610e+002	1.708800e+000
1.810270e+002	-1.520199e+001
1.812156e+002	-1.857988e+001
1.808107e+002	-5.804817e+001
1.816299e+002	-2.307976e+001
1.822265e+002	-1.646907e+000
1.825079e+002	6.145495e-001
1.828448e+002	6.259477e+000
1.828850e+002	-6.141229e+000
1.828140e+002	-2.530884e+001
1.833735e+002	-6.130151e+000
1.835436e+002	-1.063557e+001
1.835838e+002	-2.303540e+001
1.843659e+002	9.675306e+000
1.842392e+002	-1.287485e+001
1.847245e+002	1.791973e+000
1.850986e+002	9.691940e+000
1.854912e+002	1.872118e+001
1.852347e+002	-1.172426e+001
1.858127e+002	8.581055e+000
1.856860e+002	-1.396910e+001
1.861714e+002	6.977223e-001
1.865640e+002	9.725209e+000
1.865300e+002	-7.185576e+000
1.867001e+002	-1.169099e+001
1.871668e+002	1.847433e+000
1.867990e+002	-3.536492e+001
1.873400e+002	-1.731373e+001
1.877326e+002	-8.285365e+000
1.879397e+002	-1.053576e+001
1.884993e+002	8.642037e+000
1.881685e+002	-2.631438e+001
1.885055e+002	-2.066945e+001
1.888425e+002	-1.502454e+001
1.888641e+002	-2.855366e+001
1.896462e+002	4.158810e+000
1.896123e+002	-1.275287e+001
1.897267e+002	-2.064174e+001
1.908055e+002	3.011549e+001
1.905119e+002	-2.585890e+000
1.909972e+002	1.208183e+001
1.907036e+002	-2.061955e+001
1.910035e+002	-1.723056e+001
1.909880e+002	-3.301473e+001
1.914177e+002	-2.173044e+001
1.913652e+002	-3.977053e+001
1.918877e+002	-2.284688e+001
1.923730e+002	-8.180019e+000
1.924874e+002	-1.606889e+001
1.926574e+002	-2.057520e+001
1.933653e+002	7.625419e+000
1.929789e+002	-3.071533e+001
1.934087e+002	-1.943015e+001
1.937642e+002	-1.265860e+001
1.940826e+002	-8.141211e+000
1.942341e+002	-1.377504e+001
1.945896e+002	-7.002596e+000
1.951677e+002	1.330449e+001
1.953377e+002	8.797304e+000
1.952110e+002	-1.375285e+001
1.955109e+002	-1.036386e+001
1.955882e+002	-2.050866e+001
1.960735e+002	-5.841807e+000
1.959283e+002	-2.952039e+001
1.963951e+002	-1.598018e+001
1.972143e+002	1.898733e+001
1.974214e+002	1.673785e+001
1.974245e+002	2.080317e+000
1.972792e+002	-2.159736e+001
1.978759e+002	-1.636276e-001
1.981387e+002	9.694313e-001
1.984200e+002	3.230905e+000
1.985344e+002	-4.657950e+000
1.988342e+002	-1.269851e+000
1.989116e+002	-1.141376e+001
1.987663e+002	-3.509323e+001
1.991033e+002	-2.944830e+001
1.995886e+002	-1.478056e+001
1.999441e+002	-8.008135e+000
2.004851e+002	1.004127e+001
2.007293e+002	1.004680e+001
2.008623e+002	3.286348e+000
2.009767e+002	-4.602507e+000
2.009984e+002	-1.813075e+001
2.012611e+002	-1.699767e+001
2.013941e+002	-2.375903e+001
2.017681e+002	-1.585818e+001
2.019011e+002	-2.261953e+001
2.022937e+002	-1.359206e+001
2.025936e+002	-1.020307e+001
2.028934e+002	-6.814077e+000
2.029336e+002	-1.921390e+001
2.032335e+002	-1.582491e+001
2.032366e+002	-3.048245e+001
2.032398e+002	-4.513733e+001
2.038364e+002	-2.370358e+001
2.045628e+002	5.624560e+000
2.047329e+002	1.119142e+000
2.047916e+002	-1.015317e+001
2.052955e+002	5.641195e+000
2.054841e+002	2.263297e+000
2.054316e+002	-1.577501e+001
2.061766e+002	1.468153e+001
2.059015e+002	-1.689233e+001
2.065167e+002	5.668925e+000
2.066311e+002	-2.219930e+000
2.066156e+002	-1.800321e+001
2.073607e+002	1.245333e+001
2.072339e+002	-1.009771e+001
2.072370e+002	-2.475436e+001
2.074998e+002	-2.362041e+001
2.079666e+002	-1.008107e+001
2.083963e+002	1.202315e+000
2.088075e+002	1.135908e+001
2.086808e+002	-1.119196e+001
2.089250e+002	-1.118642e+001
2.091692e+002	-1.118088e+001
2.095247e+002	-4.408432e+000
2.097319e+002	-6.658809e+000
2.101430e+002	3.497057e+000
2.104058e+002	4.630117e+000
2.103718e+002	-1.228156e+001
2.105419e+002	-1.678698e+001
2.109530e+002	-6.631097e+000
2.109747e+002	-2.015934e+001
2.112746e+002	-1.677035e+001
2.115003e+002	-1.789231e+001
2.119670e+002	-4.352988e+000
2.121742e+002	-6.603367e+000
2.124740e+002	-3.214373e+000
2.128110e+002	2.429642e+000
2.125730e+002	-2.688830e+001
2.131140e+002	-8.837110e+000
2.129131e+002	-3.589915e+001
2.131388e+002	-3.702112e+001
2.134757e+002	-3.137708e+001
2.136829e+002	-3.362658e+001
2.140198e+002	-2.798255e+001
2.145052e+002	-1.331481e+001
2.147680e+002	-1.218176e+001
2.149566e+002	-1.555876e+001
2.154975e+002	2.490624e+000
2.158902e+002	1.151988e+001
2.156893e+002	-1.554212e+001
2.158964e+002	-1.779250e+001
2.160108e+002	-2.568227e+001
2.161437e+002	-3.244362e+001
2.169073e+002	-8.595264e-001
2.175225e+002	2.170350e+001
2.173772e+002	-1.975968e+000
2.176956e+002	2.540528e+000
2.174947e+002	-2.452148e+001
2.180728e+002	-4.214356e+000
2.183170e+002	-4.208817e+000
2.185613e+002	-4.203277e+000
2.186200e+002	-1.547559e+001
2.191610e+002	2.573797e+000
2.192383e+002	-7.570080e+000
2.197422e+002	8.224263e+000
2.200792e+002	1.387007e+001
2.200452e+002	-3.042489e+000
2.198443e+002	-3.010541e+001
2.205522e+002	-1.903874e+000
2.202215e+002	-3.686031e+001
2.207996e+002	-1.655410e+001
2.209882e+002	-1.993200e+001
2.213066e+002	-1.541459e+001
2.214581e+002	-2.104842e+001
2.218507e+002	-1.202095e+001
2.221877e+002	-6.376022e+000
2.222464e+002	-1.764835e+001
2.225834e+002	-1.200432e+001
2.229760e+002	-2.975950e+000
2.227751e+002	-3.003887e+001
2.233717e+002	-8.604226e+000
2.237087e+002	-2.959316e+000
2.240086e+002	4.296600e-001
2.241044e+002	-8.587592e+000
2.244970e+002	4.407554e-001
2.243518e+002	-2.323781e+001
2.243363e+002	-3.902197e+001
2.251555e+002	-4.053567e+000
2.255296e+002	3.846383e+000
2.257553e+002	2.723508e+000
2.260180e+002	3.857461e+000
2.255575e+002	-3.899426e+001
2.260057e+002	-2.658334e+001
2.265467e+002	-8.532149e+000
2.269393e+002	4.961982e-001
2.270908e+002	-5.137616e+000
2.275020e+002	5.018250e+000
2.275237e+002	-8.509975e+000
2.278235e+002	-5.120982e+000
2.280121e+002	-8.498880e+000
2.282749e+002	-7.364926e+000
2.286304e+002	-5.933735e-001
2.288190e+002	-3.970394e+000
2.289891e+002	-8.476706e+000
2.291034e+002	-1.636556e+001
2.292920e+002	-1.974348e+001
2.299258e+002	3.946191e+000
2.302998e+002	1.184703e+001
2.299320e+002	-2.536621e+001
2.302319e+002	-2.197632e+001
2.306430e+002	-1.182133e+001
2.306647e+002	-2.534958e+001
2.311315e+002	-1.181024e+001
2.309862e+002	-3.548883e+001
2.319353e+002	7.373992e+000
2.317715e+002	-1.743210e+001
2.321270e+002	-1.065965e+001
2.320188e+002	-3.208320e+001
2.323558e+002	-2.643917e+001
2.328968e+002	-8.387977e+000
2.330483e+002	-1.402091e+001
2.334965e+002	-1.609991e+000
2.336295e+002	-8.371343e+000
2.336882e+002	-1.964365e+001
2.340994e+002	-9.487766e+000
2.344363e+002	-3.842857e+000
2.345136e+002	-1.398765e+001
2.347393e+002	-1.510963e+001
2.350578e+002	-1.059311e+001
2.353762e+002	-6.076600e+000
2.356204e+002	-6.071061e+000
2.355864e+002	-2.298274e+001
2.360903e+002	-7.187485e+000
2.360935e+002	-2.184325e+001
2.363933e+002	-1.845425e+001
2.369899e+002	2.978582e+000
2.364923e+002	-4.212818e+001
2.375897e+002	9.756569e+000
2.379823e+002	1.878581e+001
2.379669e+002	3.000756e+000
2.379514e+002	-1.278251e+001
2.383255e+002	-4.882542e+000
2.384770e+002	-1.051548e+001
2.388696e+002	-1.488010e+000
2.388542e+002	-1.727129e+001
2.391355e+002	-1.500982e+001
2.396023e+002	-1.471375e+000
2.395313e+002	-2.063809e+001
2.400166e+002	-5.971253e+000
2.402237e+002	-8.221632e+000
2.405792e+002	-1.449201e+000
2.408049e+002	-2.571165e+000
2.407895e+002	-1.835445e+001
2.410337e+002	-1.834891e+001
2.416303e+002	3.083929e+000
2.416334e+002	-1.157182e+001
2.418777e+002	-1.156626e+001
2.419736e+002	-2.058265e+001
2.425331e+002	-1.404837e+000
2.426846e+002	-7.037774e+000
2.430030e+002	-2.521261e+000
2.433956e+002	6.506191e+000
2.434729e+002	-3.637686e+000
2.435873e+002	-1.152745e+001
2.438687e+002	-9.265979e+000
2.442798e+002	8.898883e-001
2.446909e+002	1.104488e+001
2.442304e+002	-3.180595e+001
2.446972e+002	-1.826574e+001
2.453680e+002	7.678970e+000
2.456308e+002	8.812029e+000
2.457823e+002	3.178197e+000
2.457854e+002	-1.147755e+001
2.461038e+002	-6.960141e+000
