    nm         	pN
0.000000e+000	4.800401e+002
1.842729e-002	4.760519e+002
3.685170e-002	4.720636e+002
2.075601e-002	4.667470e+002
-1.259540e-002	4.607663e+002
-1.142960e-002	4.561139e+002
-4.478317e-002	4.501332e+002
-1.126576e-001	4.428241e+002
-1.460111e-001	4.368434e+002
-1.103260e-001	4.335193e+002
-1.436795e-001	4.275386e+002
-1.425144e-001	4.228861e+002
-1.586094e-001	4.175695e+002
-1.919644e-001	4.115888e+002
-2.425766e-001	4.049439e+002
-2.241529e-001	4.009556e+002
-2.402450e-001	3.956391e+002
-2.563414e-001	3.903224e+002
-3.587316e-001	3.816852e+002
-4.438660e-001	3.737120e+002
-4.081808e-001	3.703879e+002
-4.070150e-001	3.657354e+002
-4.058492e-001	3.610830e+002
-4.564621e-001	3.544382e+002
-4.725571e-001	3.491216e+002
-5.059106e-001	3.431408e+002
-4.702262e-001	3.398167e+002
-5.035805e-001	3.338360e+002
-5.369341e-001	3.278552e+002
-4.494702e-001	3.265236e+002
-4.483051e-001	3.218711e+002
-5.852154e-001	3.119056e+002
-6.876084e-001	3.032682e+002
-7.727399e-001	2.952951e+002
-7.370548e-001	2.919710e+002
-7.013725e-001	2.886467e+002
-7.174653e-001	2.833302e+002
-7.853397e-001	2.760212e+002
-7.323952e-001	2.733612e+002
-7.657495e-001	2.673804e+002
-8.336202e-001	2.600715e+002
-8.151966e-001	2.560832e+002
-9.003281e-001	2.481100e+002
-8.991623e-001	2.434576e+002
-8.634800e-001	2.401334e+002
-8.450527e-001	2.361452e+002
-8.611492e-001	2.308285e+002
-8.599826e-001	2.261761e+002
-8.760762e-001	2.208596e+002
-8.921711e-001	2.155430e+002
-9.255254e-001	2.095622e+002
-9.243596e-001	2.049098e+002
-9.404524e-001	1.995933e+002
-1.025588e+000	1.916200e+002
-1.145239e+000	1.823186e+002
-1.178593e+000	1.763378e+002
-1.177427e+000	1.716854e+002
-1.176262e+000	1.670330e+002
-1.088799e+000	1.657013e+002
-1.053114e+000	1.623772e+002
-1.103725e+000	1.557324e+002
-1.154338e+000	1.490875e+002
-1.239472e+000	1.411143e+002
-1.272827e+000	1.351335e+002
-1.271661e+000	1.304811e+002
-1.270496e+000	1.258287e+002
-1.200291e+000	1.238329e+002
-1.181866e+000	1.198446e+002
-1.249740e+000	1.125355e+002
-1.352131e+000	1.038983e+002
-1.385485e+000	9.791754e+001
-1.332541e+000	9.525753e+001
-1.383153e+000	8.861270e+001
-1.433768e+000	8.196776e+001
-1.415342e+000	7.797954e+001
-1.276100e+000	7.864025e+001
-1.188637e+000	7.730856e+001
-1.152952e+000	7.398444e+001
-1.186305e+000	6.800371e+001
-1.271438e+000	6.003057e+001
-1.391089e+000	5.072911e+001
-1.338145e+000	4.806910e+001
-1.147123e+000	5.072233e+001
-1.025140e+000	5.071894e+001
-1.041235e+000	4.540231e+001
-9.710305e-001	4.340651e+001
-9.698647e-001	3.875408e+001
-9.686989e-001	3.410166e+001
-9.330138e-001	3.077755e+001
-1.052665e+000	2.147610e+001
-1.051502e+000	1.682356e+001
-1.033076e+000	1.283536e+001
-1.066430e+000	6.854616e+000
-1.099783e+000	8.738861e-001
-1.046840e+000	-1.786117e+000
-1.028413e+000	-5.774332e+000
-9.927305e-001	-9.098547e+000
-1.026081e+000	-1.507917e+001
-1.024919e+000	-1.973170e+001
-8.856749e-001	-1.907089e+001
-8.154696e-001	-2.106669e+001
-8.143031e-001	-2.571911e+001
-8.821768e-001	-3.302815e+001
-9.500505e-001	-4.033719e+001
-8.971074e-001	-4.299720e+001
-8.786801e-001	-4.698542e+001
-9.638145e-001	-5.495867e+001
-9.799074e-001	-6.027519e+001
-8.924442e-001	-6.160689e+001
-7.877232e-001	-6.227450e+001
-7.520365e-001	-6.559860e+001
-6.990906e-001	-6.825850e+001
-7.497064e-001	-7.490346e+001
-7.830600e-001	-8.088419e+001
-8.509336e-001	-8.819323e+001
-7.634676e-001	-8.952482e+001
-5.551863e-001	-8.620749e+001
-1.225294e-001	-7.425619e+001
3.397106e-002	-7.293139e+001
6.203768e-004	-7.891200e+001
-3.273464e-002	-8.489275e+001
3.746774e-002	-8.688866e+001
2.137494e-002	-9.220517e+001
-1.673154e-001	-1.041632e+002
-1.834111e-001	-1.094799e+002
-1.822461e-001	-1.141323e+002
-1.120408e-001	-1.161281e+002
1.135013e-001	-1.121466e+002
2.527424e-001	-1.114859e+002
3.056869e-001	-1.141459e+002
3.931501e-001	-1.154776e+002
3.425372e-001	-1.221224e+002
2.056277e-001	-1.320880e+002
2.413099e-001	-1.354122e+002
4.323334e-001	-1.327589e+002
4.162406e-001	-1.380755e+002
3.483669e-001	-1.453845e+002
3.667898e-001	-1.493728e+002
3.334363e-001	-1.553536e+002
4.381602e-001	-1.560211e+002
4.220645e-001	-1.613377e+002
3.541908e-001	-1.686467e+002
3.553603e-001	-1.732990e+002
4.083048e-001	-1.759591e+002
5.130287e-001	-1.766265e+002
7.040507e-001	-1.739733e+002
7.397315e-001	-1.772976e+002
7.581574e-001	-1.812859e+002
1.035477e+000	-1.753119e+002
1.485394e+000	-1.626965e+002
1.486563e+000	-1.673488e+002
1.297871e+000	-1.793069e+002
1.316293e+000	-1.832953e+002
1.403759e+000	-1.846269e+002
1.646562e+000	-1.799812e+002
1.716764e+000	-1.819771e+002
1.994086e+000	-1.760031e+002
2.288663e+000	-1.693651e+002
2.893916e+000	-1.507724e+002
3.464652e+000	-1.335078e+002
3.465817e+000	-1.381602e+002
3.518762e+000	-1.408202e+002
3.623484e+000	-1.414878e+002
3.555614e+000	-1.487968e+002
3.194325e+000	-1.673963e+002
3.299045e+000	-1.680640e+002
3.697185e+000	-1.574409e+002
4.267919e+000	-1.401765e+002
5.218366e+000	-1.083008e+002
5.858139e+000	-8.837971e+001
6.118200e+000	-8.306986e+001
5.946767e+000	-9.436384e+001
6.500242e+000	-7.776351e+001
7.157276e+000	-5.717826e+001
7.279259e+000	-5.718164e+001
7.125088e+000	-6.781140e+001
7.126254e+000	-7.246383e+001
7.127419e+000	-7.711625e+001
7.491037e+000	-6.782157e+001
7.906434e+000	-5.653450e+001
8.235534e+000	-4.856802e+001
8.633672e+000	-3.794503e+001
8.962771e+000	-2.997867e+001
9.153794e+000	-2.732545e+001
9.154959e+000	-3.197786e+001
8.845451e+000	-4.858497e+001
9.036469e+000	-4.593186e+001
9.520909e+000	-3.198803e+001
9.418515e+000	-4.062539e+001
9.592276e+000	-3.863637e+001
1.000768e+001	-2.734918e+001
1.012966e+001	-2.735256e+001
9.889185e+000	-4.130316e+001
1.004569e+001	-3.997825e+001
1.028849e+001	-3.533260e+001
1.049677e+001	-3.201516e+001
1.056698e+001	-3.401108e+001
1.075800e+001	-3.135785e+001
1.070739e+001	-3.800268e+001
1.067403e+001	-4.398341e+001
1.093409e+001	-3.867366e+001
1.117689e+001	-3.402803e+001
1.129887e+001	-3.403142e+001
1.140360e+001	-3.469891e+001
1.119765e+001	-4.732108e+001
1.088814e+001	-6.392819e+001
1.063041e+001	-7.854289e+001
1.106307e+001	-6.659159e+001
1.184092e+001	-4.135742e+001
1.218728e+001	-3.272684e+001
1.224022e+001	-3.538685e+001
1.210331e+001	-4.535241e+001
1.200092e+001	-5.398976e+001
1.186401e+001	-6.395532e+001
1.214133e+001	-5.798136e+001
1.243590e+001	-5.134331e+001
1.254063e+001	-5.201092e+001
1.271439e+001	-5.002178e+001
1.276733e+001	-5.268179e+001
1.264768e+001	-6.198324e+001
1.297678e+001	-5.401688e+001
1.349574e+001	-3.874486e+001
1.354868e+001	-4.140488e+001
1.344629e+001	-5.004212e+001
1.324034e+001	-6.266441e+001
1.331054e+001	-6.466021e+001
1.360512e+001	-5.802205e+001
1.384792e+001	-5.337641e+001
1.391813e+001	-5.537232e+001
1.362588e+001	-7.131522e+001
1.350623e+001	-8.061667e+001
1.364547e+001	-7.995597e+001
1.397457e+001	-7.198959e+001
1.421737e+001	-6.734396e+001
1.423579e+001	-7.133217e+001
1.427148e+001	-7.465628e+001
1.442798e+001	-7.333147e+001
1.446367e+001	-7.665558e+001
1.434401e+001	-8.595703e+001
1.441422e+001	-8.795284e+001
1.482962e+001	-7.666575e+001
1.508968e+001	-7.135591e+001
1.538426e+001	-6.471785e+001
1.529912e+001	-7.269099e+001
1.493784e+001	-9.129051e+001
1.519790e+001	-8.598076e+001
1.540618e+001	-8.266344e+001
1.549364e+001	-8.399514e+001
1.604712e+001	-6.739481e+001
1.653155e+001	-5.345100e+001
1.675709e+001	-4.946957e+001
1.656840e+001	-6.142764e+001
1.639697e+001	-7.272151e+001
1.617376e+001	-8.600790e+001
1.622671e+001	-8.866791e+001
1.648677e+001	-8.335806e+001
1.664327e+001	-8.203314e+001
1.640280e+001	-9.598362e+001
1.643848e+001	-9.930784e+001
1.652595e+001	-1.006394e+002
1.714846e+001	-8.138260e+001
1.742578e+001	-7.540864e+001
1.716805e+001	-9.002322e+001
1.723825e+001	-9.201914e+001
1.715312e+001	-9.999229e+001
1.715429e+001	-1.046447e+002
1.703464e+001	-1.139462e+002
1.720840e+001	-1.119571e+002
1.733038e+001	-1.119605e+002
1.710717e+001	-1.252469e+002
1.741901e+001	-1.179447e+002
1.785167e+001	-1.059934e+002
1.800817e+001	-1.046684e+002
1.775044e+001	-1.192831e+002
1.773435e+001	-1.245997e+002
1.763195e+001	-1.332370e+002
1.801283e+001	-1.232781e+002
1.827289e+001	-1.179684e+002
1.842939e+001	-1.166435e+002
1.837878e+001	-1.232883e+002
1.824187e+001	-1.332540e+002
1.815674e+001	-1.412271e+002
1.827872e+001	-1.412305e+002
1.834893e+001	-1.432263e+002
1.814297e+001	-1.558486e+002
1.824770e+001	-1.565161e+002
1.861132e+001	-1.472214e+002
1.911301e+001	-1.326135e+002
1.935581e+001	-1.279678e+002
1.925342e+001	-1.366052e+002
1.916829e+001	-1.445783e+002
1.930753e+001	-1.439176e+002
1.953307e+001	-1.399361e+002
1.962054e+001	-1.412678e+002
1.972526e+001	-1.419354e+002
2.001984e+001	-1.352972e+002
2.014182e+001	-1.353006e+002
1.984957e+001	-1.512436e+002
1.969540e+001	-1.618734e+002
1.955849e+001	-1.718391e+002
1.981855e+001	-1.665292e+002
2.023395e+001	-1.552420e+002
2.078742e+001	-1.386417e+002
2.082311e+001	-1.419659e+002
2.094509e+001	-1.419693e+002
2.142953e+001	-1.280255e+002
2.167233e+001	-1.233798e+002
2.148364e+001	-1.353379e+002
2.129494e+001	-1.472960e+002
2.164130e+001	-1.386654e+002
2.186684e+001	-1.346840e+002
2.219594e+001	-1.267176e+002
2.243874e+001	-1.220719e+002
2.237087e+001	-1.293809e+002
2.235478e+001	-1.346976e+002
2.232142e+001	-1.406783e+002
2.225355e+001	-1.479873e+002
2.241005e+001	-1.466624e+002
2.298079e+001	-1.293979e+002
2.368960e+001	-1.068202e+002
2.412225e+001	-9.486902e+001
2.417520e+001	-9.752892e+001
2.443526e+001	-9.221919e+001
2.478162e+001	-8.358861e+001
2.505894e+001	-7.761466e+001
2.524996e+001	-7.496143e+001
2.552728e+001	-6.898748e+001
2.559749e+001	-7.098339e+001
2.584028e+001	-6.633775e+001
2.575515e+001	-7.431089e+001
2.558372e+001	-8.560475e+001
2.558489e+001	-9.025718e+001
2.563783e+001	-9.291719e+001
2.577707e+001	-9.225648e+001
2.583002e+001	-9.491649e+001
2.581392e+001	-1.002330e+002
2.571153e+001	-1.088704e+002
2.586803e+001	-1.075455e+002
2.616262e+001	-1.009073e+002
2.631912e+001	-9.958248e+001
2.637206e+001	-1.022424e+002
2.633871e+001	-1.082231e+002
2.633987e+001	-1.128755e+002
2.634104e+001	-1.175280e+002
2.644576e+001	-1.181956e+002
2.658501e+001	-1.175347e+002
2.689684e+001	-1.102326e+002
2.715690e+001	-1.049227e+002
2.720985e+001	-1.075827e+002
2.714198e+001	-1.148918e+002
2.700506e+001	-1.248573e+002
2.747224e+001	-1.115777e+002
2.792216e+001	-9.896234e+001
2.825126e+001	-9.099598e+001
2.807983e+001	-1.022898e+002
2.771854e+001	-1.208895e+002
2.785778e+001	-1.202287e+002
2.856659e+001	-9.765098e+001
2.879213e+001	-9.366955e+001
2.882782e+001	-9.699367e+001
2.900158e+001	-9.500465e+001
2.886467e+001	-1.049702e+002
2.865872e+001	-1.175924e+002
2.883248e+001	-1.156034e+002
2.962759e+001	-8.970497e+001
2.992217e+001	-8.306691e+001
2.973348e+001	-9.502499e+001
2.959657e+001	-1.049905e+002
2.971855e+001	-1.049939e+002
2.997861e+001	-9.968420e+001
2.978992e+001	-1.116422e+002
2.987738e+001	-1.129739e+002
3.015471e+001	-1.069999e+002
3.012135e+001	-1.129806e+002
3.041593e+001	-1.063426e+002
3.067599e+001	-1.010327e+002
3.098783e+001	-9.373059e+001
3.116159e+001	-9.174145e+001
3.086934e+001	-1.076845e+002
3.055984e+001	-1.242916e+002
3.114783e+001	-1.063629e+002
3.158049e+001	-9.441165e+001
3.168521e+001	-9.507924e+001
3.158282e+001	-1.037165e+002
3.129057e+001	-1.196595e+002
3.136077e+001	-1.216553e+002
3.175891e+001	-1.110323e+002
3.188089e+001	-1.110357e+002
3.189932e+001	-1.150240e+002
3.177967e+001	-1.243255e+002
3.184987e+001	-1.263213e+002
3.252416e+001	-1.050719e+002
3.269793e+001	-1.030829e+002
3.237116e+001	-1.203541e+002
3.211343e+001	-1.349688e+002
3.209733e+001	-1.402853e+002
3.242643e+001	-1.323190e+002
3.289361e+001	-1.190394e+002
3.305011e+001	-1.177144e+002
3.298224e+001	-1.250235e+002
3.308696e+001	-1.256911e+002
3.338154e+001	-1.190529e+002
3.379694e+001	-1.077658e+002
3.384988e+001	-1.104258e+002
3.383379e+001	-1.157424e+002
3.407659e+001	-1.110967e+002
3.454377e+001	-9.781712e+001
3.471753e+001	-9.582810e+001
3.496033e+001	-9.118246e+001
3.527217e+001	-8.388021e+001
3.539415e+001	-8.388359e+001
3.553339e+001	-8.322288e+001
3.610413e+001	-6.595835e+001
3.667486e+001	-4.869392e+001
3.658973e+001	-5.666707e+001
3.638378e+001	-6.928924e+001
3.673014e+001	-6.065878e+001
3.719731e+001	-4.737917e+001
3.761271e+001	-3.609208e+001
3.749306e+001	-4.539354e+001
3.723533e+001	-6.000812e+001
3.683952e+001	-7.993595e+001
3.666809e+001	-9.122993e+001
3.696267e+001	-8.459188e+001
3.711918e+001	-8.326696e+001
3.736197e+001	-7.862132e+001
3.786367e+001	-6.401340e+001
3.786484e+001	-6.866582e+001
3.800408e+001	-6.800511e+001
3.824688e+001	-6.335947e+001
3.824805e+001	-6.801189e+001
3.855988e+001	-6.070964e+001
3.857831e+001	-6.469784e+001
3.835510e+001	-7.798423e+001
3.845982e+001	-7.865184e+001
3.851277e+001	-8.131174e+001
3.832408e+001	-9.326981e+001
3.832524e+001	-9.792223e+001
3.898228e+001	-7.733708e+001
3.953575e+001	-6.073676e+001
3.950240e+001	-6.671749e+001
3.931370e+001	-7.867557e+001
3.933213e+001	-8.266379e+001
3.947137e+001	-8.200307e+001
3.999033e+001	-6.673106e+001
4.026765e+001	-6.075710e+001
4.006170e+001	-7.337927e+001
3.982123e+001	-8.732976e+001
3.971883e+001	-9.596712e+001
3.989260e+001	-9.397810e+001
4.008362e+001	-9.132487e+001
3.996397e+001	-1.006263e+002
3.998239e+001	-1.046146e+002
4.020793e+001	-1.006331e+002
4.053703e+001	-9.266674e+001
4.093517e+001	-8.204375e+001
4.160946e+001	-6.079440e+001
4.142077e+001	-7.275247e+001
4.107675e+001	-9.068778e+001
4.114695e+001	-9.268369e+001
4.121715e+001	-9.467949e+001
4.132188e+001	-9.534710e+001
4.121949e+001	-1.039843e+002
4.132421e+001	-1.046519e+002
4.167057e+001	-9.602137e+001
4.184433e+001	-9.403234e+001
4.170742e+001	-1.039979e+002
4.170858e+001	-1.086503e+002
4.165797e+001	-1.152953e+002
4.183173e+001	-1.133061e+002
4.210905e+001	-1.073322e+002
4.176502e+001	-1.252676e+002
4.166263e+001	-1.339050e+002
4.240596e+001	-1.099990e+002
4.294218e+001	-9.406286e+001
4.263267e+001	-1.106700e+002
4.201249e+001	-1.392316e+002
4.196187e+001	-1.458766e+002
4.248083e+001	-1.306046e+002
4.268911e+001	-1.272873e+002
4.277657e+001	-1.286188e+002
4.298485e+001	-1.253015e+002
4.331395e+001	-1.173351e+002
4.357402e+001	-1.120253e+002
4.374778e+001	-1.100363e+002
4.404236e+001	-1.033982e+002
4.375011e+001	-1.193411e+002
4.318170e+001	-1.459105e+002
4.278590e+001	-1.658382e+002
4.287336e+001	-1.671700e+002
4.320246e+001	-1.592036e+002
4.341074e+001	-1.558862e+002
4.386066e+001	-1.432708e+002
4.393086e+001	-1.452666e+002
4.382847e+001	-1.539040e+002
4.410579e+001	-1.479300e+002
4.448667e+001	-1.379713e+002
4.443605e+001	-1.446161e+002
4.405751e+001	-1.638798e+002
4.386882e+001	-1.758379e+002
4.412888e+001	-1.705281e+002
4.426812e+001	-1.698673e+002
4.449366e+001	-1.658857e+002
4.477098e+001	-1.599118e+002
4.503104e+001	-1.546020e+002
4.503221e+001	-1.592544e+002
4.499885e+001	-1.652351e+002
4.525891e+001	-1.599254e+002
4.569157e+001	-1.479741e+002
4.595163e+001	-1.426644e+002
4.628073e+001	-1.346979e+002
4.666161e+001	-1.247391e+002
4.690441e+001	-1.200935e+002
4.694009e+001	-1.234176e+002
4.709660e+001	-1.220927e+002
4.720132e+001	-1.227602e+002
4.701263e+001	-1.347182e+002
4.704831e+001	-1.380425e+002
4.715304e+001	-1.387099e+002
4.736132e+001	-1.353926e+002
4.727618e+001	-1.433658e+002
4.731187e+001	-1.466899e+002
4.779631e+001	-1.327462e+002
4.797007e+001	-1.307572e+002
4.791946e+001	-1.374020e+002
4.764447e+001	-1.526808e+002
4.771467e+001	-1.546766e+002
4.800925e+001	-1.480385e+002
4.818301e+001	-1.460495e+002
4.821869e+001	-1.493736e+002
4.834068e+001	-1.493770e+002
4.823828e+001	-1.580144e+002
4.815316e+001	-1.659874e+002
4.851677e+001	-1.566928e+002
4.877683e+001	-1.513830e+002
4.917497e+001	-1.407600e+002
4.940051e+001	-1.367786e+002
4.960879e+001	-1.334611e+002
5.007597e+001	-1.201816e+002
5.049137e+001	-1.088944e+002
5.092403e+001	-9.694314e+001
5.125312e+001	-8.897678e+001
5.178934e+001	-7.304067e+001
5.187680e+001	-7.437237e+001
5.118758e+001	-1.055907e+002
5.118875e+001	-1.102431e+002
5.170770e+001	-9.497109e+001
5.207132e+001	-8.567640e+001
5.196893e+001	-9.431376e+001
5.188380e+001	-1.022869e+002
5.210934e+001	-9.830536e+001
5.219680e+001	-9.963706e+001
5.195633e+001	-1.135875e+002
5.194024e+001	-1.189042e+002
5.211400e+001	-1.169152e+002
5.214968e+001	-1.202393e+002
5.240975e+001	-1.149294e+002
5.263528e+001	-1.109480e+002
5.251563e+001	-1.202494e+002
5.246502e+001	-1.268943e+002
5.250071e+001	-1.302184e+002
5.234653e+001	-1.408482e+002
5.229592e+001	-1.474931e+002
5.234886e+001	-1.501530e+002
5.276426e+001	-1.388659e+002
5.324870e+001	-1.249222e+002
5.319808e+001	-1.315670e+002
5.307843e+001	-1.408685e+002
5.309686e+001	-1.448568e+002
5.316706e+001	-1.468526e+002
5.296111e+001	-1.594748e+002
5.334199e+001	-1.495160e+002
5.346397e+001	-1.495194e+002
5.334432e+001	-1.588209e+002
5.320741e+001	-1.687864e+002
5.327761e+001	-1.707823e+002
5.365849e+001	-1.608235e+002
5.376321e+001	-1.614911e+002
5.376438e+001	-1.661434e+002
5.383458e+001	-1.681393e+002
5.424998e+001	-1.568522e+002
5.466538e+001	-1.455650e+002
5.454573e+001	-1.548665e+002
5.430526e+001	-1.688169e+002
5.442724e+001	-1.688203e+002
5.498071e+001	-1.522201e+002
5.480928e+001	-1.635140e+002
5.456882e+001	-1.774644e+002
5.470806e+001	-1.768038e+002
5.496812e+001	-1.714939e+002
5.521091e+001	-1.668484e+002
5.512578e+001	-1.748214e+002
5.497161e+001	-1.854513e+002
5.528345e+001	-1.781489e+002
5.528462e+001	-1.828014e+002
5.521674e+001	-1.901104e+002
5.540777e+001	-1.874572e+002
5.559879e+001	-1.848041e+002
5.596241e+001	-1.755092e+002
5.622246e+001	-1.701996e+002
5.594747e+001	-1.854784e+002
5.567249e+001	-2.007572e+002
5.563913e+001	-2.067379e+002
5.572660e+001	-2.080695e+002
5.607296e+001	-1.994390e+002
5.619494e+001	-1.994424e+002
5.635144e+001	-1.981175e+002
5.650795e+001	-1.967925e+002
5.650911e+001	-2.014450e+002
5.642397e+001	-2.094183e+002
5.640789e+001	-2.147347e+002
5.651260e+001	-2.154024e+002
5.666911e+001	-2.140774e+002
5.679109e+001	-2.140808e+002
5.670596e+001	-2.220540e+002
5.700054e+001	-2.154160e+002
5.734690e+001	-2.067854e+002
5.733080e+001	-2.121020e+002
5.717663e+001	-2.227317e+002
5.728136e+001	-2.233992e+002
5.728252e+001	-2.280517e+002
5.773244e+001	-2.154363e+002
5.840673e+001	-1.941870e+002
5.870131e+001	-1.875487e+002
5.894411e+001	-1.829032e+002
5.915239e+001	-1.795858e+002
5.948149e+001	-1.716193e+002
5.994867e+001	-1.583399e+002
6.045036e+001	-1.437319e+002
6.062412e+001	-1.417429e+002
6.095323e+001	-1.337764e+002
6.152396e+001	-1.165120e+002
6.187032e+001	-1.078815e+002
6.207860e+001	-1.045641e+002
6.226962e+001	-1.019109e+002
6.282310e+001	-8.531068e+001
6.285878e+001	-8.863479e+001
6.239393e+001	-1.112192e+002
6.256770e+001	-1.092301e+002
6.296584e+001	-9.860713e+001
6.358835e+001	-7.935028e+001
6.390019e+001	-7.204803e+001
6.376327e+001	-8.201358e+001
6.362637e+001	-9.197924e+001
6.367931e+001	-9.463925e+001
6.397389e+001	-8.800109e+001
6.444106e+001	-7.472160e+001
6.456305e+001	-7.472499e+001
6.489215e+001	-6.675852e+001
6.504865e+001	-6.543359e+001
6.518789e+001	-6.477289e+001
6.501647e+001	-7.606675e+001
6.489681e+001	-8.536832e+001
6.513961e+001	-8.072256e+001
6.522708e+001	-8.205427e+001
6.546988e+001	-7.740862e+001
6.555734e+001	-7.874032e+001
6.562755e+001	-8.073612e+001
6.559419e+001	-8.671686e+001
6.568165e+001	-8.804856e+001
6.597623e+001	-8.141050e+001
6.596014e+001	-8.672704e+001
6.577145e+001	-9.868510e+001
6.604877e+001	-9.271115e+001
6.630883e+001	-8.740142e+001
6.606836e+001	-1.013519e+002
6.613856e+001	-1.033477e+002
6.655396e+001	-9.206062e+001
6.639979e+001	-1.026904e+002
6.610754e+001	-1.186333e+002
6.622952e+001	-1.186367e+002
6.629973e+001	-1.206326e+002
6.638719e+001	-1.219643e+002
6.675081e+001	-1.126695e+002
6.714895e+001	-1.020465e+002
6.701203e+001	-1.120122e+002
6.722031e+001	-1.086948e+002
6.741134e+001	-1.060416e+002
6.722264e+001	-1.179997e+002
6.727559e+001	-1.206597e+002
6.731128e+001	-1.239838e+002
6.758859e+001	-1.180099e+002
6.793496e+001	-1.093793e+002
6.784982e+001	-1.173525e+002
6.754031e+001	-1.339595e+002
6.764504e+001	-1.346271e+002
6.797413e+001	-1.266608e+002
6.849309e+001	-1.113888e+002
6.854604e+001	-1.140487e+002
6.821926e+001	-1.313200e+002
6.830673e+001	-1.326517e+002
6.849776e+001	-1.299985e+002
6.858522e+001	-1.313302e+002
6.889706e+001	-1.240279e+002
6.907081e+001	-1.220389e+002
6.917554e+001	-1.227064e+002
6.922848e+001	-1.253664e+002
6.903979e+001	-1.373244e+002
6.893740e+001	-1.459617e+002
6.931828e+001	-1.360029e+002
6.945753e+001	-1.353421e+002
6.928610e+001	-1.466361e+002
6.952889e+001	-1.419904e+002
6.966814e+001	-1.413296e+002
6.965204e+001	-1.466463e+002
7.008470e+001	-1.346949e+002
7.020668e+001	-1.346983e+002
7.029414e+001	-1.360300e+002
7.010546e+001	-1.479881e+002
6.984773e+001	-1.626027e+002
6.988341e+001	-1.659268e+002
7.019525e+001	-1.586247e+002
7.047257e+001	-1.526507e+002
7.042195e+001	-1.592955e+002
6.999163e+001	-1.805517e+002
7.004458e+001	-1.832117e+002
7.064983e+001	-1.646190e+002
7.065100e+001	-1.692713e+002
7.042778e+001	-1.825578e+002
7.041169e+001	-1.878742e+002
7.053367e+001	-1.878776e+002
7.048306e+001	-1.945226e+002
7.060504e+001	-1.945260e+002
7.095140e+001	-1.858954e+002
7.102161e+001	-1.878911e+002
7.088470e+001	-1.978569e+002
7.071326e+001	-2.091507e+002
7.074895e+001	-2.124750e+002
7.130242e+001	-1.958746e+002
7.132085e+001	-1.998628e+002
7.140831e+001	-2.011946e+002
7.130592e+001	-2.098319e+002
7.113449e+001	-2.211257e+002
7.141181e+001	-2.151517e+002
7.162009e+001	-2.118344e+002
7.137962e+001	-2.257850e+002
7.155338e+001	-2.237959e+002
7.174440e+001	-2.211426e+002
7.164201e+001	-2.297800e+002
7.178125e+001	-2.291193e+002
7.190324e+001	-2.291227e+002
7.186988e+001	-2.351034e+002
7.202638e+001	-2.337786e+002
7.223467e+001	-2.304611e+002
7.258102e+001	-2.218307e+002
7.263397e+001	-2.244905e+002
7.254884e+001	-2.324637e+002
7.248097e+001	-2.397727e+002
7.258569e+001	-2.404404e+002
7.236248e+001	-2.537267e+002
7.253625e+001	-2.517375e+002
7.262371e+001	-2.530693e+002
7.281473e+001	-2.504161e+002
7.307479e+001	-2.451063e+002
7.298965e+001	-2.530795e+002
7.292178e+001	-2.603884e+002
7.313006e+001	-2.570711e+002
7.311397e+001	-2.623878e+002
7.266638e+001	-2.843080e+002
7.247769e+001	-2.962661e+002
7.258242e+001	-2.969336e+002
7.304959e+001	-2.836541e+002
7.315432e+001	-2.843215e+002
7.324177e+001	-2.856534e+002
7.343280e+001	-2.830001e+002
7.345123e+001	-2.869883e+002
7.308994e+001	-3.055879e+002
7.297029e+001	-3.148893e+002
7.352376e+001	-2.982891e+002
7.371478e+001	-2.956359e+002
7.388854e+001	-2.936467e+002
7.378615e+001	-3.022841e+002
7.335583e+001	-3.235402e+002
7.332248e+001	-3.295210e+002
7.375513e+001	-3.175697e+002
7.404971e+001	-3.109316e+002
7.434429e+001	-3.042936e+002
7.450079e+001	-3.029685e+002
7.436388e+001	-3.129343e+002
7.412341e+001	-3.268847e+002
7.376212e+001	-3.454842e+002
7.402218e+001	-3.401744e+002
7.459292e+001	-3.229101e+002
7.502558e+001	-3.109588e+002
7.506126e+001	-3.142828e+002
7.476901e+001	-3.302257e+002
7.497729e+001	-3.269084e+002
7.528913e+001	-3.196063e+002
7.546289e+001	-3.176171e+002
7.544680e+001	-3.229338e+002
7.541345e+001	-3.289145e+002
7.569076e+001	-3.229406e+002
7.595082e+001	-3.176307e+002
7.577939e+001	-3.289247e+002
7.534907e+001	-3.501808e+002
7.522942e+001	-3.594823e+002
7.557578e+001	-3.508517e+002
7.587035e+001	-3.442136e+002
7.606138e+001	-3.415604e+002
7.626966e+001	-3.382431e+002
7.625356e+001	-3.435597e+002
7.659992e+001	-3.349291e+002
7.722244e+001	-3.156721e+002
7.718909e+001	-3.216528e+002
7.698313e+001	-3.342752e+002
7.684622e+001	-3.442408e+002
7.741696e+001	-3.269762e+002
7.974818e+001	-2.419686e+002
8.256266e+001	-1.383649e+002
8.435883e+001	-7.394595e+001
8.537832e+001	-3.941359e+001
8.594905e+001	-2.214917e+001
8.636445e+001	-1.086198e+001
8.660725e+001	-6.216335e+000
8.633226e+001	-2.149513e+001
8.597097e+001	-4.009465e+001
8.607570e+001	-4.076225e+001
8.662917e+001	-2.416192e+001
8.690650e+001	-1.818798e+001
8.699396e+001	-1.951968e+001
8.709868e+001	-2.018716e+001
8.720340e+001	-2.085476e+001
8.789496e+001	1.058795e+000
8.799968e+001	3.911951e-001
8.784551e+001	-1.023856e+001
8.791572e+001	-1.223436e+001
8.777880e+001	-2.220003e+001
8.743477e+001	-4.013534e+001
8.736690e+001	-4.744438e+001
8.771326e+001	-3.881381e+001
8.786976e+001	-3.748899e+001
8.812982e+001	-3.217915e+001
8.830358e+001	-3.019012e+001
8.808037e+001	-4.347651e+001
8.818510e+001	-4.414400e+001
8.853146e+001	-3.551343e+001
8.892960e+001	-2.489044e+001
8.925869e+001	-1.692408e+001
8.943245e+001	-1.493507e+001
8.943362e+001	-1.958748e+001
8.945204e+001	-2.357570e+001
8.943595e+001	-2.889232e+001
8.978231e+001	-2.026175e+001
8.993882e+001	-1.893684e+001
8.990546e+001	-2.491757e+001
9.004470e+001	-2.425686e+001
8.985601e+001	-3.621494e+001
8.927034e+001	-6.344842e+001
8.913344e+001	-7.341397e+001
8.975595e+001	-5.415714e+001
9.025764e+001	-3.954922e+001
9.024155e+001	-4.486574e+001
9.048435e+001	-4.022010e+001
9.079619e+001	-3.291795e+001
9.107351e+001	-2.694400e+001
9.140261e+001	-1.897753e+001
9.128296e+001	-2.827897e+001
9.133591e+001	-3.093898e+001
9.171678e+001	-2.098021e+001
9.180425e+001	-2.231191e+001
9.204705e+001	-1.766617e+001
9.228985e+001	-1.302053e+001
9.220471e+001	-2.099378e+001
9.218862e+001	-2.631030e+001
9.232786e+001	-2.564959e+001
9.194932e+001	-4.491321e+001
9.146721e+001	-6.816187e+001
9.152016e+001	-7.082177e+001
9.217719e+001	-5.023662e+001
9.254080e+001	-4.094195e+001
9.249019e+001	-4.758679e+001
9.240506e+001	-5.555993e+001
9.242348e+001	-5.954824e+001
9.285614e+001	-4.759695e+001
9.323702e+001	-3.763818e+001
9.351434e+001	-3.166423e+001
9.370536e+001	-2.901100e+001
9.374104e+001	-3.233511e+001
9.372495e+001	-3.765174e+001
9.386419e+001	-3.699092e+001
9.407248e+001	-3.367359e+001
9.429802e+001	-2.969205e+001
9.429918e+001	-3.434448e+001
9.416227e+001	-4.431014e+001
9.416344e+001	-4.896256e+001
9.416460e+001	-5.361498e+001
9.456274e+001	-4.299200e+001
9.518525e+001	-2.373505e+001
9.541079e+001	-1.975362e+001
9.537744e+001	-2.573436e+001
9.537860e+001	-3.038678e+001
9.575948e+001	-2.042789e+001
9.619214e+001	-8.476604e+000
9.657302e+001	1.482158e+000
9.641884e+001	-9.147591e+000
9.605756e+001	-2.774710e+001
9.630036e+001	-2.310146e+001
9.661220e+001	-1.579921e+001
9.633721e+001	-3.107800e+001
9.614852e+001	-4.303607e+001
9.630502e+001	-4.171116e+001
9.682398e+001	-2.643915e+001
9.730842e+001	-1.249544e+001
9.708521e+001	-2.578182e+001
9.722444e+001	-2.512101e+001
9.774340e+001	-9.848991e+000
9.789991e+001	-8.524066e+000
9.786655e+001	-1.450479e+001
9.804031e+001	-1.251578e+001
9.817956e+001	-1.185507e+001
9.862947e+001	7.604239e-001
9.847530e+001	-9.869335e+000
9.830387e+001	-2.116331e+001
9.811518e+001	-3.312138e+001
9.816812e+001	-3.578128e+001
9.818655e+001	-3.976960e+001
9.796334e+001	-5.305599e+001
9.796450e+001	-5.770841e+001
9.872510e+001	-3.313834e+001
9.948569e+001	-8.568140e+000
9.971122e+001	-4.586710e+000
9.955706e+001	-1.521648e+001
9.981711e+001	-9.906625e+000
1.001117e+002	-3.268579e+000
1.000266e+002	-1.124172e+001
1.002521e+002	-7.260181e+000
1.003913e+002	-6.599468e+000
1.003925e+002	-1.125189e+001
1.003592e+002	-1.723262e+001
1.004121e+002	-1.989264e+001
1.003615e+002	-2.653747e+001
1.000002e+002	-4.513698e+001
9.960439e+001	-6.506492e+001
9.979541e+001	-6.241169e+001
1.004870e+002	-4.049813e+001
1.010404e+002	-2.389780e+001
1.010589e+002	-2.788612e+001
1.009047e+002	-3.851588e+001
1.013028e+002	-2.789290e+001
1.013213e+002	-3.188122e+001
1.013569e+002	-3.520534e+001
1.016860e+002	-2.723897e+001
1.018771e+002	-2.458574e+001
1.015676e+002	-4.119285e+001
1.017758e+002	-3.787552e+001
1.022603e+002	-2.393170e+001
1.027965e+002	-7.995586e+000
1.031083e+002	-6.933283e-001
1.033166e+002	2.623991e+000
1.033696e+002	-3.601218e-002
1.030083e+002	-1.863553e+001
1.027851e+002	-3.192191e+001
1.029070e+002	-3.192530e+001
1.027356e+002	-4.321917e+001
1.027886e+002	-4.587918e+001
1.030314e+002	-4.123354e+001
1.034295e+002	-3.061056e+001
1.034824e+002	-3.327057e+001
1.037943e+002	-2.596830e+001
1.037954e+002	-3.062073e+001
1.038829e+002	-3.195243e+001
1.042120e+002	-2.398596e+001
1.047137e+002	-9.378146e+000
1.055951e+002	1.984096e+001
1.059242e+002	2.780743e+001
1.053731e+002	1.902256e+000
1.049945e+002	-1.736146e+001
1.047368e+002	-3.197616e+001
1.047552e+002	-3.596437e+001
1.050843e+002	-2.799801e+001
1.050510e+002	-3.397874e+001
1.049486e+002	-4.261610e+001
1.050188e+002	-4.461190e+001
1.051235e+002	-4.527939e+001
1.054526e+002	-3.731303e+001
1.054883e+002	-4.063713e+001
1.054894e+002	-4.528956e+001
1.057668e+002	-3.931561e+001
1.061131e+002	-3.068515e+001
1.062351e+002	-3.068853e+001
1.066160e+002	-2.072965e+001
1.067725e+002	-1.940473e+001
1.068254e+002	-2.206475e+001
1.068611e+002	-2.538886e+001
1.070521e+002	-2.273573e+001
1.071741e+002	-2.273913e+001
1.073134e+002	-2.207831e+001
1.072973e+002	-2.739494e+001
1.071604e+002	-3.736049e+001
1.071270e+002	-4.334123e+001
1.073180e+002	-4.068799e+001
1.076471e+002	-3.272163e+001
1.080280e+002	-2.276286e+001
1.077875e+002	-3.671335e+001
1.073572e+002	-5.796949e+001
1.076345e+002	-5.199553e+001
1.083433e+002	-2.941786e+001
1.083445e+002	-3.407029e+001
1.083802e+002	-3.739439e+001
1.086057e+002	-3.341296e+001
1.089176e+002	-2.611071e+001
1.092467e+002	-1.814424e+001
1.095412e+002	-1.150618e+001
1.096978e+002	-1.018126e+001
1.096471e+002	-1.682621e+001
1.097691e+002	-1.682959e+001
1.101155e+002	-8.199023e+000
1.102720e+002	-6.874108e+000
1.103594e+002	-8.205808e+000
1.106195e+002	-2.895953e+000
1.108450e+002	1.085467e+000
1.109843e+002	1.746291e+000
1.110027e+002	-2.242024e+000
1.108313e+002	-1.353588e+001
1.105563e+002	-2.881468e+001
1.107301e+002	-2.682567e+001
1.109383e+002	-2.350834e+001
1.110948e+002	-2.218341e+001
1.114067e+002	-1.488115e+001
1.114596e+002	-1.754117e+001
1.109603e+002	-4.145392e+001
1.108751e+002	-4.942707e+001
1.112215e+002	-4.079649e+001
1.113089e+002	-4.212820e+001
1.111720e+002	-5.209386e+001
1.115011e+002	-4.412750e+001
1.116231e+002	-4.413088e+001
1.117624e+002	-4.347007e+001
1.120052e+002	-3.882443e+001
1.121962e+002	-3.617120e+001
1.125253e+002	-2.820483e+001
1.127853e+002	-2.289510e+001
1.128383e+002	-2.555500e+001
1.130466e+002	-2.223766e+001
1.135483e+002	-7.629745e+000
1.138083e+002	-2.320002e+000
1.142065e+002	8.302962e+000
1.144665e+002	1.361271e+001
1.142261e+002	-3.377701e-001
1.137612e+002	-2.292221e+001
1.134690e+002	-3.886511e+001
1.136600e+002	-3.621188e+001
1.134885e+002	-4.750586e+001
1.136105e+002	-4.750925e+001
1.138188e+002	-4.419191e+001
1.138718e+002	-4.685181e+001
1.144770e+002	-2.825908e+001
1.150305e+002	-1.165876e+001
1.153251e+002	-5.020702e+000
1.154988e+002	-3.031574e+000
1.154137e+002	-1.100483e+001
1.153113e+002	-1.964207e+001
1.152952e+002	-2.495870e+001
1.153999e+002	-2.562619e+001
1.154011e+002	-3.027862e+001
1.157992e+002	-1.965563e+001
1.162664e+002	-6.376144e+000
1.160259e+002	-2.032663e+001
1.157164e+002	-3.693373e+001
1.154587e+002	-5.154832e+001
1.156670e+002	-4.823099e+001
1.161514e+002	-3.428728e+001
1.163770e+002	-3.030574e+001
1.164126e+002	-3.362996e+001
1.166209e+002	-3.031252e+001
1.168465e+002	-2.633109e+001
1.171756e+002	-1.836462e+001
1.170732e+002	-2.700198e+001
1.169708e+002	-3.563933e+001
1.173171e+002	-2.700876e+001
1.176117e+002	-2.037070e+001
1.181134e+002	-5.762790e+000
1.178730e+002	-1.971328e+001
1.177188e+002	-3.034303e+001
1.184449e+002	-7.101265e+000
1.189811e+002	8.834839e+000
1.187233e+002	-5.779737e+000
1.185692e+002	-1.640951e+001
1.186739e+002	-1.707711e+001
1.187096e+002	-2.040122e+001
1.184691e+002	-3.435171e+001
1.186601e+002	-3.169848e+001
1.192136e+002	-1.509815e+001
1.192320e+002	-1.908647e+001
1.186981e+002	-4.432753e+001
1.186648e+002	-5.030816e+001
1.189076e+002	-4.566252e+001
1.192885e+002	-3.570375e+001
1.199110e+002	-1.644680e+001
1.203091e+002	-5.823821e+000
1.199133e+002	-2.575165e+001
1.196728e+002	-3.970213e+001
1.198466e+002	-3.771311e+001
1.197787e+002	-4.502215e+001
1.200215e+002	-4.037651e+001
1.202988e+002	-3.440256e+001
1.205934e+002	-2.776451e+001
1.209571e+002	-1.846973e+001
1.211135e+002	-1.714492e+001
1.209939e+002	-2.644637e+001
1.209433e+002	-3.309121e+001
1.212206e+002	-2.711725e+001
1.217913e+002	-9.852825e+000
1.219133e+002	-9.856212e+000
1.220526e+002	-9.195397e+000
1.217258e+002	-2.646671e+001
1.218478e+002	-2.647011e+001
1.221769e+002	-1.850363e+001
1.223161e+002	-1.784293e+001
1.225589e+002	-1.319728e+001
1.225773e+002	-1.718561e+001
1.226475e+002	-1.918141e+001
1.225624e+002	-2.715455e+001
1.223910e+002	-3.844852e+001
1.221678e+002	-5.173480e+001
1.224106e+002	-4.708916e+001
1.227742e+002	-3.779448e+001
1.230515e+002	-3.182053e+001
1.233633e+002	-2.451827e+001
1.234853e+002	-2.452166e+001
1.236246e+002	-2.386095e+001
1.237466e+002	-2.386434e+001
1.240757e+002	-1.589798e+001
1.245083e+002	-3.946685e+000
1.248719e+002	5.347976e+000
1.244934e+002	-1.391563e+001
1.242702e+002	-2.720201e+001
1.243749e+002	-2.786961e+001
1.244969e+002	-2.787301e+001
1.244635e+002	-3.385374e+001
1.245337e+002	-3.584954e+001
1.245867e+002	-3.850955e+001
1.243289e+002	-5.312414e+001
1.244337e+002	-5.379174e+001
1.249526e+002	-3.851973e+001
1.253853e+002	-2.656843e+001
1.256281e+002	-2.192279e+001
1.261470e+002	-6.650773e+000
1.265279e+002	3.308101e+000
1.265636e+002	-1.600316e-002
1.266166e+002	-2.676016e+000
1.267558e+002	-2.015303e+000
1.264635e+002	-1.795820e+001
1.260850e+002	-3.722193e+001
1.261034e+002	-4.121014e+001
1.263290e+002	-3.722871e+001
1.265545e+002	-3.324717e+001
1.267628e+002	-2.992984e+001
1.270919e+002	-2.196347e+001
1.271103e+002	-2.595169e+001
1.268181e+002	-4.189470e+001
1.267847e+002	-4.787543e+001
1.274072e+002	-2.861848e+001
1.281160e+002	-6.040818e+000
1.279791e+002	-1.600648e+001
1.279630e+002	-2.132300e+001
1.283612e+002	-1.070002e+001
1.287248e+002	-1.405347e+000
1.285534e+002	-1.269932e+001
1.283647e+002	-2.465728e+001
1.284521e+002	-2.598899e+001
1.285741e+002	-2.599238e+001
1.283854e+002	-3.795045e+001
1.282658e+002	-4.725190e+001
1.286639e+002	-3.662892e+001
1.290793e+002	-2.534183e+001
1.293394e+002	-2.003198e+001
1.293060e+002	-2.601272e+001
1.291346e+002	-3.730669e+001
1.295327e+002	-2.668371e+001
1.297065e+002	-2.469458e+001
1.295523e+002	-3.532435e+001
1.295535e+002	-3.997676e+001
1.297618e+002	-3.665944e+001
1.298320e+002	-3.865535e+001
1.300402e+002	-3.533791e+001
1.300414e+002	-3.999032e+001
1.302324e+002	-3.733721e+001
1.305270e+002	-3.069905e+001
1.305972e+002	-3.269496e+001
1.309090e+002	-2.539269e+001
1.309793e+002	-2.738849e+001
1.308769e+002	-3.602585e+001
1.313958e+002	-2.075384e+001
1.318975e+002	-6.145923e+000
1.318642e+002	-1.212665e+001
1.317618e+002	-2.076401e+001
1.319010e+002	-2.010318e+001
1.318849e+002	-2.541982e+001
1.320932e+002	-2.210249e+001
1.323533e+002	-1.679264e+001
1.323717e+002	-2.078096e+001
1.321312e+002	-3.473145e+001
1.322532e+002	-3.473484e+001
1.324615e+002	-3.141751e+001
1.323936e+002	-3.872655e+001
1.325156e+002	-3.872994e+001
1.329137e+002	-2.810695e+001
1.328976e+002	-3.342348e+001
1.329333e+002	-3.674758e+001
1.332452e+002	-2.944533e+001
1.335397e+002	-2.280727e+001
1.336272e+002	-2.413898e+001
1.337492e+002	-2.414237e+001
1.340265e+002	-1.816841e+001
1.339069e+002	-2.746987e+001
1.339771e+002	-2.946567e+001
1.340473e+002	-3.146158e+001
1.342038e+002	-3.013667e+001
1.339805e+002	-4.342305e+001
1.337746e+002	-5.604522e+001
1.339656e+002	-5.339200e+001
1.345709e+002	-3.479926e+001
1.353832e+002	-8.236658e+000
1.354707e+002	-9.568358e+000
1.356617e+002	-6.915241e+000
1.362497e+002	1.101339e+001
1.360265e+002	-2.272986e+000
1.357170e+002	-1.887999e+001
1.357527e+002	-2.220420e+001
1.358919e+002	-2.154339e+001
1.357378e+002	-3.217315e+001
1.359460e+002	-2.885582e+001
1.359300e+002	-3.417246e+001
1.362073e+002	-2.819850e+001
1.369333e+002	-4.956618e+000
1.372970e+002	4.338043e+000
1.374362e+002	4.998746e+000
1.377135e+002	1.097270e+001
1.373522e+002	-7.626804e+000
1.369392e+002	-2.821884e+001
1.369058e+002	-3.419957e+001
1.370968e+002	-3.154635e+001
1.369254e+002	-4.284021e+001
1.365814e+002	-6.077563e+001
1.367379e+002	-5.945072e+001
1.368944e+002	-5.812579e+001
1.371890e+002	-5.148773e+001
1.375181e+002	-4.352137e+001
1.378989e+002	-3.356249e+001
1.380037e+002	-3.423009e+001
1.380393e+002	-3.755420e+001
1.379024e+002	-4.751976e+001
1.379899e+002	-4.885146e+001
1.382845e+002	-4.221340e+001
1.381648e+002	-5.151486e+001
1.378381e+002	-6.878607e+001
1.380636e+002	-6.480464e+001
1.384617e+002	-5.418166e+001
1.383593e+002	-6.281890e+001
1.384295e+002	-6.481481e+001
1.388450e+002	-5.352762e+001
1.393984e+002	-3.692729e+001
1.397620e+002	-2.763262e+001
1.395216e+002	-4.158311e+001
1.395227e+002	-4.623552e+001
1.396792e+002	-4.491072e+001
1.395078e+002	-5.620458e+001
1.396470e+002	-5.554387e+001
1.400452e+002	-4.492089e+001
1.404088e+002	-3.562611e+001
1.408932e+002	-2.168240e+001
1.409635e+002	-2.367831e+001
1.409473e+002	-2.899483e+001
1.409658e+002	-3.298315e+001
1.411913e+002	-2.900161e+001
1.412097e+002	-3.298993e+001
1.414008e+002	-3.033671e+001
1.417471e+002	-2.170614e+001
1.421107e+002	-1.241146e+001
1.421464e+002	-1.573557e+001
1.423374e+002	-1.308245e+001
1.424077e+002	-1.507825e+001
1.423225e+002	-2.305140e+001
1.425135e+002	-2.039817e+001
1.426010e+002	-2.172987e+001
1.424814e+002	-3.103132e+001
1.425861e+002	-3.169892e+001
1.427944e+002	-2.838159e+001
1.427092e+002	-3.635474e+001
1.426586e+002	-4.299957e+001
1.428669e+002	-3.968224e+001
1.428163e+002	-4.632707e+001
1.427139e+002	-5.496442e+001
1.428359e+002	-5.496781e+001
1.433376e+002	-4.035990e+001
1.437357e+002	-2.973691e+001
1.439958e+002	-2.442717e+001
1.442386e+002	-1.978154e+001
1.443951e+002	-1.845661e+001
1.445170e+002	-1.846000e+001
1.444837e+002	-2.444074e+001
1.446402e+002	-2.311581e+001
1.450038e+002	-1.382114e+001
1.449877e+002	-1.913767e+001
1.449716e+002	-2.445430e+001
1.449038e+002	-3.176334e+001
1.449567e+002	-3.442335e+001
1.451132e+002	-3.309844e+001
1.454596e+002	-2.446786e+001
1.456333e+002	-2.247884e+001
1.457380e+002	-2.314633e+001
1.459463e+002	-1.982900e+001
1.462927e+002	-1.119843e+001
1.462421e+002	-1.784337e+001
1.461224e+002	-2.714483e+001
1.462444e+002	-2.714821e+001
1.461938e+002	-3.379304e+001
1.468853e+002	-1.187959e+001
1.470936e+002	-8.562147e+000
1.469740e+002	-1.786371e+001
1.468543e+002	-2.716517e+001
1.465276e+002	-4.443637e+001
1.465115e+002	-4.975301e+001
1.471340e+002	-3.049606e+001
1.477047e+002	-1.323163e+001
1.475160e+002	-2.518960e+001
1.474481e+002	-3.249864e+001
1.475529e+002	-3.316624e+001
1.475195e+002	-3.914697e+001
1.473481e+002	-5.044084e+001
1.477807e+002	-3.848954e+001
1.484378e+002	-1.790440e+001
1.487841e+002	-9.273831e+000
1.487163e+002	-1.658287e+001
1.488210e+002	-1.725036e+001
1.492364e+002	-5.963276e+000
1.490822e+002	-1.659304e+001
1.487209e+002	-3.519256e+001
1.488256e+002	-3.586005e+001
1.491720e+002	-2.722959e+001
1.496737e+002	-1.262168e+001
1.496749e+002	-1.727409e+001
1.494344e+002	-3.122458e+001
1.495909e+002	-2.989966e+001
1.495921e+002	-3.455219e+001
1.494034e+002	-4.651016e+001
1.495944e+002	-4.385704e+001
1.499407e+002	-3.522646e+001
1.500973e+002	-3.390155e+001
1.503055e+002	-3.058422e+001
1.506864e+002	-2.062533e+001
1.506531e+002	-2.660606e+001
1.506542e+002	-3.125849e+001
1.510524e+002	-2.063551e+001
1.513987e+002	-1.200504e+001
1.509857e+002	-3.259697e+001
1.508833e+002	-4.123432e+001
1.512124e+002	-3.326796e+001
1.520592e+002	-5.377051e+000
1.526645e+002	1.321568e+001
1.522169e+002	-8.704553e+000
1.517348e+002	-3.195321e+001
1.518913e+002	-3.062829e+001
1.519270e+002	-3.395241e+001
1.523079e+002	-2.399363e+001
1.525852e+002	-1.801968e+001
1.525173e+002	-2.532861e+001
1.528292e+002	-1.802646e+001
1.531065e+002	-1.205251e+001
1.529005e+002	-2.467468e+001
1.528672e+002	-3.065542e+001
1.530582e+002	-2.800218e+001
1.533700e+002	-2.069992e+001
1.539753e+002	-2.107184e+000
1.539419e+002	-8.087924e+000
1.535461e+002	-2.801575e+001
1.533920e+002	-3.864551e+001
1.535830e+002	-3.599228e+001
1.542573e+002	-1.474293e+001
1.544656e+002	-1.142560e+001
1.545012e+002	-1.474971e+001
1.543643e+002	-2.471537e+001
1.542274e+002	-3.468104e+001
1.546428e+002	-2.339384e+001
1.546267e+002	-2.871048e+001
1.546452e+002	-3.269868e+001
1.547499e+002	-3.336628e+001
1.549927e+002	-2.872065e+001
1.554253e+002	-1.676935e+001
1.558062e+002	-6.810470e+000
1.561871e+002	3.148292e+000
1.557395e+002	-1.877194e+001
1.553955e+002	-3.670735e+001
1.558109e+002	-2.542016e+001
1.561572e+002	-1.678970e+001
1.564173e+002	-1.147984e+001
1.561078e+002	-2.808695e+001
1.557465e+002	-4.668647e+001
1.561964e+002	-3.407107e+001
1.563011e+002	-3.473867e+001
1.566648e+002	-2.544389e+001
1.569938e+002	-1.747753e+001
1.570123e+002	-2.146586e+001
1.568408e+002	-3.275972e+001
1.571182e+002	-2.678576e+001
1.577579e+002	-6.864716e+000
1.576901e+002	-1.417376e+001
1.573115e+002	-3.343749e+001
1.571401e+002	-4.473135e+001
1.572966e+002	-4.340643e+001
1.574531e+002	-4.208152e+001
1.576959e+002	-3.743587e+001
1.581458e+002	-2.482047e+001
1.584749e+002	-1.685412e+001
1.586832e+002	-1.353679e+001
1.584255e+002	-2.815137e+001
1.583231e+002	-3.678873e+001
1.586867e+002	-2.749406e+001
1.591539e+002	-1.421445e+001
1.590515e+002	-2.285180e+001
1.589491e+002	-3.148904e+001
1.593645e+002	-2.020196e+001
1.592793e+002	-2.817510e+001
1.589871e+002	-4.411812e+001
1.591608e+002	-4.212898e+001
1.596280e+002	-2.884949e+001
1.600262e+002	-1.822650e+001
1.596821e+002	-3.616181e+001
1.592346e+002	-5.808216e+001
1.595291e+002	-5.144400e+001
1.600308e+002	-3.683619e+001
1.605325e+002	-2.222828e+001
1.606200e+002	-2.355998e+001
1.606729e+002	-2.621999e+001
1.605878e+002	-3.419313e+001
1.602610e+002	-5.146435e+001
1.605211e+002	-4.615460e+001
1.609710e+002	-3.353921e+001
1.611275e+002	-3.221429e+001
1.609906e+002	-4.217984e+001
1.611816e+002	-3.952672e+001
1.616833e+002	-2.491880e+001
1.619952e+002	-1.761654e+001
1.621862e+002	-1.496331e+001
1.623427e+002	-1.363851e+001
1.622575e+002	-2.161165e+001
1.624831e+002	-1.763011e+001
1.623462e+002	-2.759576e+001
1.621057e+002	-4.154625e+001
1.620378e+002	-4.885529e+001
1.624014e+002	-3.956062e+001
1.628514e+002	-2.694512e+001
1.630597e+002	-2.362779e+001
1.630263e+002	-2.960852e+001
1.632518e+002	-2.562698e+001
1.637535e+002	-1.101918e+001
1.641172e+002	-1.724508e+000
1.640148e+002	-1.036175e+001
1.640850e+002	-1.235766e+001
1.640343e+002	-1.900249e+001
1.635868e+002	-4.092273e+001
1.637260e+002	-4.026202e+001
1.643140e+002	-2.233338e+001
1.646604e+002	-1.370292e+001
1.646270e+002	-1.968354e+001
1.646627e+002	-2.300777e+001
1.644395e+002	-3.629404e+001
1.643026e+002	-4.625971e+001
1.644763e+002	-4.427068e+001
1.649435e+002	-3.099108e+001
1.655833e+002	-1.107004e+001
1.658951e+002	-3.767770e+000
1.657927e+002	-1.240513e+001
1.653797e+002	-3.299705e+001
1.654326e+002	-3.565707e+001
1.659861e+002	-1.905674e+001
1.661944e+002	-1.573941e+001
1.661437e+002	-2.238424e+001
1.663003e+002	-2.105933e+001
1.661116e+002	-3.301740e+001
1.662335e+002	-3.302078e+001
1.662865e+002	-3.568080e+001
1.662704e+002	-4.099733e+001
1.665132e+002	-3.635168e+001
1.663418e+002	-4.764565e+001
1.666191e+002	-4.167171e+001
1.669482e+002	-3.370534e+001
1.670702e+002	-3.370874e+001
1.672612e+002	-3.105550e+001
1.673659e+002	-3.172300e+001
1.675569e+002	-2.906987e+001
1.679378e+002	-1.911099e+001
1.680425e+002	-1.977848e+001
1.681818e+002	-1.911777e+001
1.683210e+002	-1.845706e+001
1.686846e+002	-9.162275e+000
1.688239e+002	-8.501572e+000
1.686524e+002	-1.979543e+001
1.686536e+002	-2.444797e+001
1.685685e+002	-3.242111e+001
1.688976e+002	-2.445474e+001
1.689160e+002	-2.844296e+001
1.689862e+002	-3.043876e+001
1.691600e+002	-2.844974e+001
1.692820e+002	-2.845313e+001
1.695248e+002	-2.380749e+001
1.695777e+002	-2.646750e+001
1.693372e+002	-4.041799e+001
1.694420e+002	-4.108548e+001
1.696675e+002	-3.710405e+001
1.697032e+002	-4.042816e+001
1.697734e+002	-4.242396e+001
1.699299e+002	-4.109903e+001
1.697757e+002	-5.172880e+001
1.700358e+002	-4.641906e+001
1.705202e+002	-3.247536e+001
1.706422e+002	-3.247875e+001
1.709023e+002	-2.716889e+001
1.716111e+002	-4.591233e+000
1.718021e+002	-1.938106e+000
1.716652e+002	-1.190366e+001
1.716318e+002	-1.788439e+001
1.718574e+002	-1.390296e+001
1.719794e+002	-1.390636e+001
1.719633e+002	-1.922288e+001
1.720335e+002	-2.121868e+001
1.722072e+002	-1.922966e+001
1.719150e+002	-3.517266e+001
1.713983e+002	-5.974953e+001
1.713305e+002	-6.705857e+001
1.721083e+002	-4.182428e+001
1.728171e+002	-1.924661e+001
1.728873e+002	-2.124241e+001
1.726814e+002	-3.386470e+001
1.726653e+002	-3.918122e+001
1.726492e+002	-4.449785e+001
1.728920e+002	-3.985222e+001
1.731866e+002	-3.321405e+001
1.732568e+002	-3.520996e+001
1.731889e+002	-4.251889e+001
1.732764e+002	-4.385059e+001
1.734674e+002	-4.119736e+001
1.740036e+002	-2.526125e+001
1.743327e+002	-1.729489e+001
1.743339e+002	-2.194731e+001
1.743696e+002	-2.527142e+001
1.746124e+002	-2.062578e+001
1.748379e+002	-1.664424e+001
1.748736e+002	-1.996835e+001
1.752890e+002	-8.681268e+000
1.754800e+002	-6.028039e+000
1.753258e+002	-1.665780e+001
1.752407e+002	-2.463105e+001
1.755353e+002	-1.799290e+001
1.758816e+002	-9.362325e+000
1.759001e+002	-1.335064e+001
1.755560e+002	-3.128606e+001
1.751775e+002	-5.054979e+001
1.754030e+002	-4.656825e+001
1.756286e+002	-4.258671e+001
1.754744e+002	-5.321647e+001
1.757345e+002	-4.790672e+001
1.761671e+002	-3.595544e+001
1.764272e+002	-3.064558e+001
1.763075e+002	-3.994715e+001
1.763950e+002	-4.127874e+001
1.764825e+002	-4.261044e+001
1.767770e+002	-3.597238e+001
1.768818e+002	-3.663988e+001
1.768312e+002	-4.328482e+001
1.772293e+002	-3.266184e+001
1.776102e+002	-2.270296e+001
1.777149e+002	-2.337056e+001
1.777333e+002	-2.735877e+001
1.778035e+002	-2.935468e+001
1.775803e+002	-4.264096e+001
1.775815e+002	-4.729337e+001
1.782040e+002	-2.803654e+001
1.782914e+002	-2.936824e+001
1.782408e+002	-3.601307e+001
1.783456e+002	-3.668057e+001
1.784330e+002	-3.801227e+001
1.781580e+002	-5.329106e+001
1.782800e+002	-5.329446e+001
1.787817e+002	-3.868664e+001
1.792316e+002	-2.607115e+001
1.794744e+002	-2.142550e+001
1.796654e+002	-1.877238e+001
1.796494e+002	-2.408890e+001
1.798404e+002	-2.143567e+001
1.799278e+002	-2.276737e+001
1.796356e+002	-3.871039e+001
1.791880e+002	-6.063062e+001
1.793618e+002	-5.864160e+001
1.797254e+002	-4.934693e+001
1.795194e+002	-6.196910e+001
1.792099e+002	-7.857621e+001
1.793837e+002	-7.658719e+001
1.801098e+002	-5.334531e+001
1.801800e+002	-5.534123e+001
1.802502e+002	-5.733703e+001
1.805102e+002	-5.202717e+001
1.807012e+002	-4.937406e+001
1.813928e+002	-2.746049e+001
1.818945e+002	-1.285268e+001
1.816713e+002	-2.613896e+001
1.815516e+002	-3.544052e+001
1.816564e+002	-3.610801e+001
1.820890e+002	-2.415672e+001
1.823663e+002	-1.818276e+001
1.822122e+002	-2.881253e+001
1.820925e+002	-3.811398e+001
1.820419e+002	-4.475893e+001
1.821121e+002	-4.675473e+001
1.825793e+002	-3.347512e+001
1.829429e+002	-2.418045e+001
1.828060e+002	-3.414612e+001
1.827381e+002	-4.145505e+001
1.828428e+002	-4.212265e+001
1.829130e+002	-4.411845e+001
1.833112e+002	-3.349546e+001
1.836230e+002	-2.619321e+001
1.837968e+002	-2.420418e+001
1.838152e+002	-2.819251e+001
1.837819e+002	-3.417324e+001
1.839729e+002	-3.152001e+001
1.840776e+002	-3.218750e+001
1.840443e+002	-3.816824e+001
1.840799e+002	-4.149234e+001
1.840466e+002	-4.747308e+001
1.842549e+002	-4.415575e+001
1.844286e+002	-4.216672e+001
1.844643e+002	-4.549084e+001
1.846899e+002	-4.150930e+001
1.849844e+002	-3.487125e+001
1.851409e+002	-3.354633e+001
1.858152e+002	-1.229697e+001
1.860235e+002	-8.979638e+000
1.859039e+002	-1.828110e+001
1.856806e+002	-3.156748e+001
1.855437e+002	-4.153303e+001
1.853378e+002	-5.415532e+001
1.857532e+002	-4.286812e+001
1.862203e+002	-2.958862e+001
1.866357e+002	-1.830144e+001
1.869476e+002	-1.099917e+001
1.871386e+002	-8.346053e+000
1.874677e+002	-3.795832e-001
1.869684e+002	-2.429234e+001
1.863309e+002	-5.351822e+001
1.866600e+002	-4.555187e+001
1.869891e+002	-3.758551e+001
1.871974e+002	-3.426818e+001
1.876128e+002	-2.298098e+001
1.879246e+002	-1.567872e+001
1.882365e+002	-8.376569e+000
1.880132e+002	-2.166284e+001
1.879454e+002	-2.897188e+001
1.880156e+002	-3.096769e+001
1.885000e+002	-1.702398e+001
1.889327e+002	-5.072687e+000
1.887440e+002	-1.703076e+001
1.889005e+002	-1.570584e+001
1.891088e+002	-1.238851e+001
1.889201e+002	-2.434659e+001
1.889385e+002	-2.833491e+001
1.890605e+002	-2.833830e+001
1.894241e+002	-1.904363e+001
1.898740e+002	-6.428118e+000
1.902549e+002	3.530644e+000
1.902043e+002	-3.114186e+000
1.899120e+002	-1.905719e+001
1.900685e+002	-1.773227e+001
1.905012e+002	-5.780974e+000
1.906059e+002	-6.448462e+000
1.902792e+002	-2.371978e+001
1.906428e+002	-1.442511e+001
1.907648e+002	-1.442850e+001
1.905070e+002	-2.904309e+001
1.903356e+002	-4.033706e+001
1.901642e+002	-5.163093e+001
1.904760e+002	-4.432866e+001
1.909259e+002	-3.171327e+001
1.912378e+002	-2.441100e+001
1.913425e+002	-2.507861e+001
1.911710e+002	-3.637247e+001
1.915347e+002	-2.707780e+001
1.917947e+002	-2.176795e+001
1.919340e+002	-2.110724e+001
1.920905e+002	-1.978232e+001
1.918500e+002	-3.373280e+001
1.917821e+002	-4.104185e+001
1.919904e+002	-3.772452e+001
1.921814e+002	-3.507129e+001
1.922171e+002	-3.839540e+001
1.921492e+002	-4.570444e+001
1.922540e+002	-4.637205e+001
1.926866e+002	-3.442075e+001
1.928431e+002	-3.309583e+001
1.926027e+002	-4.704632e+001
1.926729e+002	-4.904212e+001
1.926740e+002	-5.369453e+001
1.927270e+002	-5.635455e+001
1.929870e+002	-5.104480e+001
1.930918e+002	-5.171230e+001
1.934554e+002	-4.241763e+001
1.939053e+002	-2.980223e+001
1.942344e+002	-2.183576e+001
1.944772e+002	-1.719012e+001
1.946337e+002	-1.586520e+001
1.946176e+002	-2.118183e+001
1.948431e+002	-1.720029e+001
1.950859e+002	-1.255465e+001
1.952252e+002	-1.189394e+001
1.952091e+002	-1.721047e+001
1.950204e+002	-2.916854e+001
1.946764e+002	-4.710395e+001
1.944359e+002	-6.105444e+001
1.944888e+002	-6.371445e+001
1.948352e+002	-5.508388e+001
1.955613e+002	-3.184211e+001
1.957868e+002	-2.786057e+001
1.956499e+002	-3.782624e+001
1.955648e+002	-4.579938e+001
1.955314e+002	-5.178011e+001
1.957742e+002	-4.713447e+001
1.961033e+002	-3.916811e+001
1.965187e+002	-2.788091e+001
1.965544e+002	-3.120502e+001
1.965556e+002	-3.585756e+001
1.966085e+002	-3.851745e+001
1.967132e+002	-3.918506e+001
1.969560e+002	-3.453942e+001
1.972333e+002	-2.856547e+001
1.975279e+002	-2.192731e+001
1.974428e+002	-2.990055e+001
1.973749e+002	-3.720950e+001
1.976005e+002	-3.322807e+001
1.975671e+002	-3.920880e+001
1.977754e+002	-3.589147e+001
1.981908e+002	-2.460427e+001
1.982437e+002	-2.726428e+001
1.981241e+002	-3.656574e+001
1.982806e+002	-3.524081e+001
1.986269e+002	-2.661024e+001
1.988180e+002	-2.395712e+001
1.990262e+002	-2.063968e+001
1.994244e+002	-1.001670e+001
1.996672e+002	-5.371058e+000
1.994095e+002	-1.998576e+001
1.993243e+002	-2.795890e+001
1.996016e+002	-2.198494e+001
1.998099e+002	-1.866761e+001
2.000182e+002	-1.535029e+001
2.000712e+002	-1.801030e+001
2.000723e+002	-2.266272e+001
2.002288e+002	-2.133780e+001
2.003853e+002	-2.001287e+001
2.003865e+002	-2.466530e+001
2.002151e+002	-3.595927e+001
2.001645e+002	-4.260411e+001
2.002692e+002	-4.327160e+001
2.003049e+002	-4.659582e+001
2.006167e+002	-3.929356e+001
2.011702e+002	-2.269323e+001
2.017754e+002	-4.100500e+000
2.019837e+002	-7.830595e-001
2.015361e+002	-2.270340e+001
2.014510e+002	-3.067654e+001
2.016938e+002	-2.603090e+001
2.020574e+002	-1.673623e+001
2.022829e+002	-1.275469e+001
2.018871e+002	-3.268252e+001
2.019573e+002	-3.467843e+001
2.020966e+002	-3.401762e+001
2.015972e+002	-5.793037e+001
2.015293e+002	-6.523942e+001
2.022209e+002	-4.332585e+001
2.025327e+002	-3.602370e+001
2.027238e+002	-3.337046e+001
2.033118e+002	-1.544183e+001
2.033647e+002	-1.810184e+001
2.031587e+002	-3.072402e+001
2.033498e+002	-2.807079e+001
2.036443e+002	-2.143273e+001
2.038872e+002	-1.678709e+001
2.036122e+002	-3.206589e+001
2.034925e+002	-4.136735e+001
2.037008e+002	-3.805002e+001
2.039609e+002	-3.274016e+001
2.044280e+002	-1.946066e+001
2.048779e+002	-6.845164e+000
2.051898e+002	4.569825e-001
2.051564e+002	-5.523635e+000
2.048642e+002	-2.146664e+001
2.050552e+002	-1.881341e+001
2.051772e+002	-1.881680e+001
2.053337e+002	-1.749188e+001
2.053521e+002	-2.148020e+001
2.051979e+002	-3.210996e+001
2.051991e+002	-3.676239e+001
2.052693e+002	-3.875819e+001
2.052705e+002	-4.341061e+001
2.058240e+002	-2.681028e+001
2.061876e+002	-1.751561e+001
2.061887e+002	-2.216804e+001
2.061726e+002	-2.748467e+001
2.065880e+002	-1.619747e+001
2.069344e+002	-7.567010e+000
2.067284e+002	-2.018918e+001
2.066606e+002	-2.749822e+001
2.066272e+002	-3.347897e+001
2.065939e+002	-3.945969e+001
2.070265e+002	-2.750840e+001
2.071658e+002	-2.684758e+001
2.071669e+002	-3.150000e+001
2.071508e+002	-3.681664e+001
2.069794e+002	-4.811050e+001
2.073430e+002	-3.881583e+001
2.075858e+002	-3.417018e+001
2.073108e+002	-4.944898e+001
2.071049e+002	-6.207126e+001
2.072268e+002	-6.207466e+001
2.079702e+002	-3.816868e+001
2.084719e+002	-2.356077e+001
2.084040e+002	-3.086981e+001
2.085605e+002	-2.954488e+001
2.088033e+002	-2.489924e+001
2.088217e+002	-2.888757e+001
2.087021e+002	-3.818902e+001
2.087895e+002	-3.952072e+001
2.093257e+002	-2.358450e+001
2.092406e+002	-3.155764e+001
2.091037e+002	-4.152331e+001
2.092084e+002	-4.219080e+001
2.095720e+002	-3.289613e+001
2.101255e+002	-1.629580e+001
2.101957e+002	-1.829171e+001
2.105076e+002	-1.098944e+001
2.105605e+002	-1.364946e+001
2.103890e+002	-2.494333e+001
2.105283e+002	-2.428261e+001
2.105985e+002	-2.627842e+001
2.103408e+002	-4.089311e+001
2.100830e+002	-5.550770e+001
2.107573e+002	-3.425834e+001
2.111382e+002	-2.429957e+001
2.111048e+002	-3.028030e+001
2.111233e+002	-3.426852e+001
2.112798e+002	-3.294359e+001
2.115053e+002	-2.896216e+001
2.116963e+002	-2.630893e+001
2.118701e+002	-2.431991e+001
2.120784e+002	-2.100247e+001
2.123384e+002	-1.569273e+001
2.122705e+002	-2.300177e+001
2.124961e+002	-1.902023e+001
2.128252e+002	-1.105386e+001
2.130852e+002	-5.744019e+000
2.125514e+002	-3.098509e+001
2.121038e+002	-5.290532e+001
2.121395e+002	-5.622955e+001
2.122442e+002	-5.689703e+001
2.125905e+002	-4.826646e+001
2.133166e+002	-2.502469e+001
2.137320e+002	-1.373762e+001
2.136469e+002	-2.171076e+001
2.135099e+002	-3.167631e+001
2.134076e+002	-4.031366e+001
2.133569e+002	-4.695860e+001
2.136343e+002	-4.098466e+001
2.137908e+002	-3.965973e+001
2.136538e+002	-4.962529e+001
2.140520e+002	-3.900230e+001
2.145192e+002	-2.572281e+001
2.145894e+002	-2.771861e+001
2.142108e+002	-4.698235e+001
2.142120e+002	-5.163476e+001
2.147137e+002	-3.702685e+001
2.153362e+002	-1.776990e+001
2.156307e+002	-1.113185e+001
2.152867e+002	-2.906726e+001
2.153742e+002	-3.039896e+001
2.157378e+002	-2.110418e+001
2.161187e+002	-1.114541e+001
2.162407e+002	-1.114880e+001
2.160520e+002	-2.310688e+001
2.161739e+002	-2.311027e+001
2.162959e+002	-2.311365e+001
2.165560e+002	-1.780381e+001
2.167815e+002	-1.382238e+001
2.166619e+002	-2.312383e+001
2.163696e+002	-3.906673e+001
2.160601e+002	-5.567384e+001
2.164065e+002	-4.704337e+001
2.169600e+002	-3.044304e+001
2.174444e+002	-1.649923e+001
2.173420e+002	-2.513658e+001
2.170152e+002	-4.240779e+001
2.169473e+002	-4.971684e+001
2.173282e+002	-3.975806e+001
2.173639e+002	-4.308217e+001
2.172615e+002	-5.171952e+001
2.173662e+002	-5.238701e+001
2.176953e+002	-4.442065e+001
2.181798e+002	-3.047695e+001
2.181291e+002	-3.712178e+001
2.181993e+002	-3.911758e+001
2.182523e+002	-4.177760e+001
2.178392e+002	-6.236964e+001
2.180820e+002	-5.772400e+001
2.186873e+002	-3.913114e+001
2.186884e+002	-4.378357e+001
2.184652e+002	-5.706995e+001
2.185700e+002	-5.773755e+001
2.189163e+002	-4.910698e+001
2.190728e+002	-4.778206e+001
2.193156e+002	-4.313641e+001
2.199554e+002	-2.321537e+001
2.202499e+002	-1.657722e+001
2.198541e+002	-3.650514e+001
2.196827e+002	-4.779901e+001
2.201326e+002	-3.518362e+001
2.207206e+002	-1.725499e+001
2.206010e+002	-2.655643e+001
2.202569e+002	-4.449185e+001
2.205170e+002	-3.918200e+001
2.207943e+002	-3.320805e+001
2.210544e+002	-2.789831e+001
2.215043e+002	-1.528292e+001
2.217816e+002	-9.308961e+000
2.217828e+002	-1.396139e+001
2.219393e+002	-1.263646e+001
2.220785e+002	-1.197565e+001
2.222695e+002	-9.322530e+000
2.222707e+002	-1.397495e+001
2.222028e+002	-2.128388e+001
2.222040e+002	-2.593642e+001
2.225503e+002	-1.730584e+001
2.229312e+002	-7.346962e+000
2.228633e+002	-1.465600e+001
2.229508e+002	-1.598770e+001
2.230555e+002	-1.665519e+001
2.229531e+002	-2.529255e+001
2.230579e+002	-2.596015e+001
2.234387e+002	-1.600126e+001
2.232501e+002	-2.795933e+001
2.232685e+002	-3.194755e+001
2.233559e+002	-3.327925e+001
2.236850e+002	-2.531289e+001
2.237553e+002	-2.730869e+001
2.239463e+002	-2.465557e+001
2.243099e+002	-1.536089e+001
2.245182e+002	-1.204345e+001
2.246229e+002	-1.271106e+001
2.245205e+002	-2.134830e+001
2.245734e+002	-2.400831e+001
2.248853e+002	-1.670605e+001
2.250073e+002	-1.670944e+001
2.252846e+002	-1.073549e+001
2.255791e+002	-4.097438e+000
2.258219e+002	5.481944e-001
2.255987e+002	-1.273818e+001
2.254446e+002	-2.336795e+001
2.252213e+002	-3.665433e+001
2.247220e+002	-6.056698e+001
2.248612e+002	-5.990627e+001
2.253111e+002	-4.729088e+001
2.257611e+002	-3.467537e+001
2.261592e+002	-2.405239e+001
2.263330e+002	-2.206337e+001
2.262823e+002	-2.870820e+001
2.266114e+002	-2.074184e+001
2.267679e+002	-1.941692e+001
2.265965e+002	-3.071090e+001
2.267703e+002	-2.872177e+001
2.269440e+002	-2.673274e+001
2.269797e+002	-3.005685e+001
2.270499e+002	-3.205266e+001
2.272927e+002	-2.740701e+001
2.277944e+002	-1.279921e+001
2.277438e+002	-1.944404e+001
2.277450e+002	-2.409647e+001
2.280741e+002	-1.613010e+001
2.285240e+002	-3.514712e+000
2.289567e+002	8.436575e+000
2.288370e+002	-8.648703e-001
2.283204e+002	-2.544173e+001
2.275794e+002	-5.865256e+001
2.275805e+002	-6.330498e+001
2.282894e+002	-4.072731e+001
2.287738e+002	-2.678360e+001
2.287404e+002	-3.276434e+001
2.285862e+002	-4.339410e+001
2.288981e+002	-3.609184e+001
2.297277e+002	-8.865142e+000
2.303847e+002	1.172000e+001
2.303859e+002	7.067575e+000
2.295413e+002	-3.012806e+001
2.289902e+002	-5.603323e+001
2.293883e+002	-4.541024e+001
2.298728e+002	-3.146654e+001
2.301156e+002	-2.682090e+001
2.305655e+002	-1.420550e+001
2.308255e+002	-8.895647e+000
2.309130e+002	-1.022736e+001
2.306898e+002	-2.351374e+001
2.307082e+002	-2.750195e+001
2.308302e+002	-2.750534e+001
2.303308e+002	-5.141810e+001
2.300731e+002	-6.603280e+001
2.307302e+002	-4.544754e+001
2.310420e+002	-3.814528e+001
2.307670e+002	-5.342407e+001
2.310616e+002	-4.678602e+001
2.318567e+002	-2.088763e+001
2.320304e+002	-1.889862e+001
2.319108e+002	-2.820006e+001
2.320155e+002	-2.886756e+001
2.324654e+002	-1.625216e+001
2.324493e+002	-2.156869e+001
2.322261e+002	-3.485507e+001
2.323308e+002	-3.552268e+001
2.326945e+002	-2.622800e+001
2.329545e+002	-2.091815e+001
2.330593e+002	-2.158564e+001
2.326116e+002	-4.350599e+001
2.323884e+002	-5.679237e+001
2.326658e+002	-5.081842e+001
2.334781e+002	-2.425582e+001
2.337900e+002	-1.695356e+001
2.336876e+002	-2.559091e+001
2.332572e+002	-4.684705e+001
2.332584e+002	-5.149947e+001
2.336393e+002	-4.154070e+001
2.338648e+002	-3.755916e+001
2.337107e+002	-4.818892e+001
2.343159e+002	-2.959619e+001
2.345760e+002	-2.428634e+001
2.343700e+002	-3.690862e+001
2.342849e+002	-4.488176e+001
2.340962e+002	-5.683983e+001
2.343045e+002	-5.352239e+001
2.348579e+002	-3.692218e+001
2.352388e+002	-2.696330e+001
2.356197e+002	-1.700442e+001
2.353447e+002	-3.228321e+001
2.352768e+002	-3.959225e+001
2.358821e+002	-2.099952e+001
2.362630e+002	-1.104064e+001
2.359535e+002	-2.764774e+001
2.360582e+002	-2.831535e+001
2.365254e+002	-1.503574e+001
2.365610e+002	-1.835985e+001
2.359927e+002	-4.492923e+001
2.359075e+002	-5.290238e+001
2.362539e+002	-4.427180e+001
