    nm         	pN
0.000000e+000	3.960650e+002
4.366810e-002	3.931604e+002
1.420098e-001	3.910479e+002
1.127038e-001	3.870860e+002
4.694226e-002	3.825960e+002
-1.282527e-001	3.765203e+002
-1.393137e-001	3.728228e+002
-4.097203e-002	3.707104e+002
-7.024743e-002	3.667489e+002
-2.271974e-001	3.609376e+002
-2.382604e-001	3.572401e+002
-2.675645e-001	3.532782e+002
-1.692247e-001	3.511657e+002
-7.088299e-002	3.490533e+002
-3.007477e-001	3.421856e+002
-4.029972e-001	3.371668e+002
-3.046555e-001	3.350544e+002
-4.251194e-001	3.297718e+002
-4.726685e-001	3.255456e+002
-3.560837e-001	3.236974e+002
-3.489017e-001	3.202642e+002
-2.323189e-001	3.184160e+002
-2.798661e-001	3.141899e+002
-3.091702e-001	3.102280e+002
-3.566906e-001	3.060022e+002
-3.677497e-001	3.023047e+002
-2.694099e-001	3.001922e+002
-4.081149e-001	2.946453e+002
-3.644755e-001	2.917403e+002
-4.484820e-001	2.869859e+002
-5.142435e-001	2.824958e+002
-3.247153e-001	2.817045e+002
-2.810759e-001	2.787995e+002
-2.921389e-001	2.751019e+002
-3.943865e-001	2.700832e+002
-4.054476e-001	2.663857e+002
-3.800532e-001	2.632163e+002
-4.093573e-001	2.592545e+002
-2.745295e-001	2.576707e+002
-3.585341e-001	2.529163e+002
-4.060525e-001	2.486905e+002
-3.442007e-001	2.460494e+002
-2.640733e-001	2.436730e+002
-1.839766e-001	2.412962e+002
-1.950377e-001	2.375987e+002
-1.513983e-001	2.346937e+002
-1.077273e-001	2.317891e+002
-1.370334e-001	2.278272e+002
-1.298811e-001	2.243936e+002
-1.956426e-001	2.199035e+002
-3.708059e-001	2.138284e+002
-2.177647e-001	2.125084e+002
-1.194249e-001	2.103960e+002
-2.108419e-002	2.082835e+002
-5.035862e-002	2.043221e+002
6.622519e-002	2.024739e+002
1.463219e-001	2.000971e+002
1.899613e-001	1.971921e+002
2.883020e-001	1.950796e+002
4.596169e-001	1.940245e+002
3.938248e-001	1.895340e+002
2.916068e-001	1.845157e+002
3.352453e-001	1.816107e+002
4.700434e-001	1.800264e+002
3.131231e-001	1.742156e+002
3.567635e-001	1.713106e+002
1.815695e-001	1.652350e+002
2.616959e-001	1.628586e+002
5.059265e-001	1.628599e+002
3.307316e-001	1.567843e+002
3.014274e-001	1.528224e+002
3.997672e-001	1.507099e+002
3.157608e-001	1.459555e+002
1.952988e-001	1.406729e+002
4.395294e-001	1.406742e+002
4.831688e-001	1.377692e+002
4.356484e-001	1.335434e+002
6.616341e-001	1.332803e+002
7.599757e-001	1.311679e+002
8.583156e-001	1.290554e+002
7.743110e-001	1.243010e+002
1.055028e+000	1.248309e+002
1.226313e+000	1.237753e+002
1.233495e+000	1.203421e+002
1.149490e+000	1.155877e+002
1.247830e+000	1.134752e+002
1.200281e+000	1.092490e+002
1.134520e+000	1.047589e+002
1.159914e+000	1.015896e+002
1.331230e+000	1.005344e+002
1.247225e+000	9.578004e+001
1.236164e+000	9.208249e+001
1.298016e+000	8.944137e+001
1.378143e+000	8.706502e+001
1.768261e+000	8.918001e+001
1.994247e+000	8.891694e+001
1.654952e+000	8.046374e+001
1.753292e+000	7.835127e+001
1.851632e+000	7.623879e+001
1.822356e+000	7.227736e+001
1.647163e+000	6.620177e+001
1.672560e+000	6.303243e+001
1.588553e+000	5.827803e+001
1.723381e+000	5.669422e+001
1.712320e+000	5.299667e+001
1.901850e+000	5.220539e+001
2.054890e+000	5.088546e+001
2.262664e+000	5.035851e+001
2.433947e+000	4.930291e+001
2.441131e+000	4.586969e+001
2.703574e+000	4.613484e+001
2.838402e+000	4.455102e+001
2.772640e+000	4.006094e+001
2.980381e+000	3.953355e+001
2.914619e+000	3.504346e+001
3.031204e+000	3.319532e+001
3.038386e+000	2.976211e+001
3.045537e+000	2.632845e+001
2.888587e+000	2.051717e+001
2.841069e+000	1.629142e+001
2.884708e+000	1.338642e+001
3.165396e+000	1.391589e+001
3.263767e+000	1.180386e+001
3.362107e+000	9.691394e+000
3.351045e+000	5.993851e+000
4.124101e+000	1.365705e+001
3.967151e+000	7.845772e+000
4.393725e+000	1.048898e+001
4.437365e+000	7.583968e+000
4.225714e+000	9.801557e-001
4.305842e+000	-1.396191e+000
4.221835e+000	-6.150601e+000
4.228989e+000	-9.584261e+000
4.527918e+000	-8.790460e+000
4.608045e+000	-1.116681e+001
4.560496e+000	-1.539301e+001
4.895915e+000	-1.407056e+001
5.103686e+000	-1.459751e+001
5.220271e+000	-1.644565e+001
5.592146e+000	-1.459499e+001
5.544597e+000	-1.882118e+001
5.223546e+000	-2.701007e+001
5.814224e+000	-2.198925e+001
5.766705e+000	-2.621501e+001
6.138580e+000	-2.436435e+001
6.291620e+000	-2.568428e+001
6.754683e+000	-2.251242e+001
6.743622e+000	-2.620997e+001
7.170199e+000	-2.356677e+001
7.268539e+000	-2.567923e+001
7.476312e+000	-2.620618e+001
7.428762e+000	-3.043238e+001
7.581834e+000	-3.175187e+001
7.844307e+000	-3.148628e+001
7.887946e+000	-3.439128e+001
8.004531e+000	-3.623943e+001
8.048171e+000	-3.914443e+001
8.365345e+000	-3.808631e+001
8.646031e+000	-3.755684e+001
8.835561e+000	-3.834811e+001
8.952144e+000	-4.019625e+001
8.995785e+000	-4.310126e+001
9.185313e+000	-4.389254e+001
9.630133e+000	-4.098501e+001
1.005671e+001	-3.834181e+001
9.717412e+000	-4.679502e+001
9.961640e+000	-4.679376e+001
1.011468e+001	-4.811369e+001
1.021302e+001	-5.022616e+001
1.040255e+001	-5.101743e+001
1.022739e+001	-5.709259e+001
1.067221e+001	-5.418506e+001
1.060641e+001	-5.867559e+001
1.079594e+001	-5.946687e+001
1.109487e+001	-5.867307e+001
1.133910e+001	-5.867180e+001
1.189335e+001	-5.417876e+001
1.252052e+001	-4.862929e+001
1.296534e+001	-4.572176e+001
1.335543e+001	-4.360722e+001
1.358144e+001	-4.386984e+001
1.398977e+001	-4.149096e+001
1.377812e+001	-4.809477e+001
1.391295e+001	-4.967859e+001
1.382895e+001	-5.443300e+001
1.394553e+001	-5.628114e+001
1.393447e+001	-5.997868e+001
1.474398e+001	-5.178728e+001
1.535290e+001	-4.650214e+001
1.563362e+001	-4.597222e+001
1.589609e+001	-4.570663e+001
1.517383e+001	-5.970850e+001
1.580103e+001	-5.415858e+001
1.633700e+001	-4.993031e+001
1.638064e+001	-5.283532e+001
1.695311e+001	-4.807838e+001
1.654087e+001	-5.758846e+001
1.665745e+001	-5.943660e+001
1.728462e+001	-5.388713e+001
1.756534e+001	-5.335722e+001
1.733544e+001	-6.022536e+001
1.798085e+001	-5.441156e+001
1.864447e+001	-4.833388e+001
1.868814e+001	-5.123844e+001
1.822117e+001	-6.154150e+001
1.855659e+001	-6.021905e+001
1.914730e+001	-5.519779e+001
1.920918e+001	-5.783847e+001
1.976340e+001	-5.334587e+001
1.975234e+001	-5.704341e+001
1.955890e+001	-6.338334e+001
1.942020e+001	-6.893029e+001
1.959148e+001	-6.998589e+001
2.021864e+001	-6.443642e+001
2.017113e+001	-6.866218e+001
1.992302e+001	-7.579420e+001
2.036781e+001	-7.288711e+001
2.044793e+001	-7.526347e+001
2.134863e+001	-6.575087e+001
2.192110e+001	-6.099393e+001
2.212884e+001	-6.152133e+001
2.155250e+001	-7.340901e+001
2.161438e+001	-7.604970e+001
2.187686e+001	-7.578411e+001
2.197519e+001	-7.789658e+001
2.227413e+001	-7.710278e+001
2.299248e+001	-7.023212e+001
2.296317e+001	-7.419399e+001
2.267858e+001	-8.185466e+001
2.288635e+001	-8.238162e+001
2.316704e+001	-8.185215e+001
2.333832e+001	-8.290774e+001
2.341845e+001	-8.528409e+001
2.349855e+001	-8.766090e+001
2.387042e+001	-8.581023e+001
2.433348e+001	-8.263838e+001
2.452301e+001	-8.342966e+001
2.480370e+001	-8.290019e+001
2.470145e+001	-8.791892e+001
2.523746e+001	-8.369019e+001
2.564579e+001	-8.131133e+001
2.519709e+001	-9.134961e+001
2.573310e+001	-8.712089e+001
2.572201e+001	-9.081889e+001
2.629447e+001	-8.606194e+001
2.624695e+001	-9.028770e+001
2.619941e+001	-9.451390e+001
2.653482e+001	-9.319145e+001
2.654201e+001	-9.662467e+001
2.640330e+001	-1.021716e+002
2.668399e+001	-1.016421e+002
2.696467e+001	-1.011127e+002
2.739128e+001	-9.846902e+001
2.805490e+001	-9.239134e+001
2.815324e+001	-9.450381e+001
2.837926e+001	-9.476644e+001
2.887878e+001	-9.106638e+001
2.957889e+001	-8.446004e+001
2.956783e+001	-8.815759e+001
3.008556e+001	-8.419363e+001
3.053038e+001	-8.128610e+001
3.088404e+001	-7.969932e+001
3.109178e+001	-8.022672e+001
3.155485e+001	-7.705486e+001
3.174438e+001	-7.784614e+001
3.215271e+001	-7.546726e+001
3.277987e+001	-6.991779e+001
3.271411e+001	-7.440788e+001
3.339598e+001	-6.806587e+001
3.345786e+001	-7.070655e+001
3.297268e+001	-8.127349e+001
3.376397e+001	-7.334597e+001
3.395350e+001	-7.413725e+001
3.412479e+001	-7.519285e+001
3.409548e+001	-7.915472e+001
3.406618e+001	-8.311660e+001
3.441984e+001	-8.152981e+001
3.482817e+001	-7.915093e+001
3.485360e+001	-8.231982e+001
3.464195e+001	-8.892363e+001
3.503203e+001	-8.680909e+001
3.547686e+001	-8.390156e+001
3.561168e+001	-8.548538e+001
3.536354e+001	-9.261784e+001
3.568072e+001	-9.155972e+001
3.594319e+001	-9.129413e+001
3.647920e+001	-8.706541e+001
3.696048e+001	-8.362967e+001
3.789763e+001	-7.358886e+001
3.912657e+001	-5.932059e+001
4.011845e+001	-4.848680e+001
4.061798e+001	-4.478673e+001
4.097161e+001	-4.320040e+001
4.088760e+001	-4.795480e+001
4.129596e+001	-4.557549e+001
4.141255e+001	-4.742363e+001
4.136500e+001	-5.164983e+001
4.142688e+001	-5.429051e+001
4.136112e+001	-5.878058e+001
4.200650e+001	-5.296723e+001
4.232367e+001	-5.190911e+001
4.264085e+001	-5.085098e+001
4.273919e+001	-5.296345e+001
4.292872e+001	-5.375473e+001
4.306354e+001	-5.533854e+001
4.352661e+001	-5.216669e+001
4.393494e+001	-4.978782e+001
4.386918e+001	-5.427789e+001
4.453280e+001	-4.820022e+001
4.501411e+001	-4.476403e+001
4.414598e+001	-6.087918e+001
4.408022e+001	-6.536927e+001
4.448856e+001	-6.299039e+001
4.467809e+001	-6.378167e+001
4.463054e+001	-6.800786e+001
4.489301e+001	-6.774228e+001
4.460841e+001	-7.540295e+001
4.498029e+001	-7.355229e+001
4.577159e+001	-6.562476e+001
4.588817e+001	-6.747291e+001
4.604121e+001	-6.879283e+001
4.548311e+001	-8.041620e+001
4.598263e+001	-7.671613e+001
4.686509e+001	-6.746786e+001
4.692697e+001	-7.010854e+001
4.673354e+001	-7.644847e+001
4.726954e+001	-7.221975e+001
4.786025e+001	-6.719849e+001
4.823212e+001	-6.534783e+001
4.800223e+001	-7.221596e+001
4.797293e+001	-7.617783e+001
4.810775e+001	-7.776165e+001
4.802375e+001	-8.251606e+001
4.896091e+001	-7.247525e+001
4.920513e+001	-7.247399e+001
4.915762e+001	-7.669974e+001
4.898242e+001	-8.277534e+001
4.926314e+001	-8.224543e+001
4.963502e+001	-8.039476e+001
4.998865e+001	-7.880843e+001
5.012347e+001	-8.039225e+001
5.051356e+001	-7.827770e+001
5.044780e+001	-8.276777e+001
5.007205e+001	-9.174920e+001
5.026154e+001	-9.254092e+001
5.043286e+001	-9.359608e+001
5.064060e+001	-9.412347e+001
5.145012e+001	-8.593207e+001
5.211377e+001	-7.985394e+001
5.171977e+001	-8.909969e+001
5.192751e+001	-8.962709e+001
5.262762e+001	-8.302076e+001
5.199658e+001	-9.570098e+001
5.244140e+001	-9.279345e+001
5.317796e+001	-8.565892e+001
5.274751e+001	-9.543288e+001
5.215289e+001	-1.075853e+002
5.278009e+001	-1.020354e+002
5.324312e+001	-9.886401e+001
5.368794e+001	-9.595649e+001
5.393217e+001	-9.595522e+001
5.381171e+001	-1.012378e+002
5.409239e+001	-1.007084e+002
5.433662e+001	-1.007071e+002
5.465380e+001	-9.964898e+001
5.458803e+001	-1.041391e+002
5.455873e+001	-1.081009e+002
5.514944e+001	-1.030797e+002
5.530248e+001	-1.043996e+002
5.538261e+001	-1.067760e+002
5.493388e+001	-1.168147e+002
5.543340e+001	-1.131146e+002
5.580527e+001	-1.112640e+002
5.626834e+001	-1.080921e+002
5.667667e+001	-1.057132e+002
5.651975e+001	-1.115241e+002
5.681868e+001	-1.107303e+002
5.702642e+001	-1.112577e+002
5.750773e+001	-1.078215e+002
5.818959e+001	-1.014795e+002
5.836088e+001	-1.025351e+002
5.851392e+001	-1.038550e+002
5.848465e+001	-1.078164e+002
5.880182e+001	-1.067583e+002
5.924661e+001	-1.038512e+002
6.058497e+001	-8.799743e+001
6.250684e+001	-6.368961e+001
6.295166e+001	-6.078209e+001
6.357882e+001	-5.523262e+001
6.387776e+001	-5.443882e+001
6.470551e+001	-4.598309e+001
6.458504e+001	-5.126570e+001
6.504808e+001	-4.809429e+001
6.562055e+001	-4.333736e+001
6.568243e+001	-4.597804e+001
6.563491e+001	-5.020379e+001
6.575149e+001	-5.205194e+001
6.615983e+001	-4.967306e+001
6.614876e+001	-5.337061e+001
6.595535e+001	-5.971009e+001
6.692900e+001	-4.914063e+001
6.735558e+001	-4.649742e+001
6.736273e+001	-4.993108e+001
6.735167e+001	-5.362863e+001
6.741355e+001	-5.626931e+001
6.729309e+001	-6.155192e+001
6.790201e+001	-5.626678e+001
6.834683e+001	-5.335926e+001
6.849987e+001	-5.467919e+001
6.868940e+001	-5.547046e+001
6.906127e+001	-5.361980e+001
6.903201e+001	-5.758123e+001
6.927623e+001	-5.757997e+001
6.973927e+001	-5.440855e+001
7.053056e+001	-4.648103e+001
7.030066e+001	-5.334917e+001
7.056314e+001	-5.308358e+001
7.075267e+001	-5.387486e+001
7.086926e+001	-5.572300e+001
7.120464e+001	-5.440099e+001
7.092004e+001	-6.206167e+001
7.229487e+001	-4.567966e+001
7.290379e+001	-4.039453e+001
7.314802e+001	-4.039327e+001
7.379343e+001	-3.457947e+001
7.425649e+001	-3.140761e+001
7.420894e+001	-3.563381e+001
7.456261e+001	-3.404703e+001
7.486154e+001	-3.325323e+001
7.501458e+001	-3.457316e+001
7.489412e+001	-3.985578e+001
7.535715e+001	-3.668437e+001
7.551022e+001	-3.800386e+001
7.555386e+001	-4.090887e+001
7.579808e+001	-4.090760e+001
7.556820e+001	-4.777574e+001
7.643244e+001	-3.879135e+001
7.696841e+001	-3.456308e+001
7.717619e+001	-3.509002e+001
7.681864e+001	-4.380757e+001
7.744581e+001	-3.825810e+001
7.779944e+001	-3.667176e+001
7.764253e+001	-4.248259e+001
7.757673e+001	-4.697312e+001
7.838627e+001	-3.878127e+001
7.892225e+001	-3.455299e+001
7.820002e+001	-4.855441e+001
7.776953e+001	-5.832881e+001
7.817790e+001	-5.594950e+001
7.853153e+001	-5.436316e+001
7.877576e+001	-5.436190e+001
7.925706e+001	-5.092572e+001
7.910011e+001	-5.673699e+001
7.976374e+001	-5.065931e+001
7.967973e+001	-5.541372e+001
8.021573e+001	-5.118500e+001
7.962115e+001	-6.333702e+001
7.981065e+001	-6.412874e+001
8.040136e+001	-5.910748e+001
8.070029e+001	-5.831368e+001
8.136394e+001	-5.223556e+001
8.135288e+001	-5.593310e+001
8.108653e+001	-6.332945e+001
8.122132e+001	-6.491371e+001
8.168438e+001	-6.174185e+001
8.170979e+001	-6.491119e+001
8.273813e+001	-5.354919e+001
8.256296e+001	-5.962434e+001
8.253366e+001	-6.358621e+001
8.303318e+001	-5.988614e+001
8.347800e+001	-5.697862e+001
8.383163e+001	-5.539228e+001
8.378412e+001	-5.961803e+001
8.380951e+001	-6.278737e+001
8.481961e+001	-5.168970e+001
8.637678e+001	-3.266576e+001
8.682160e+001	-2.975823e+001
8.748525e+001	-2.368011e+001
8.793008e+001	-2.077257e+001
8.819251e+001	-2.050743e+001
8.847323e+001	-1.997752e+001
8.857157e+001	-2.208998e+001
8.883404e+001	-2.182440e+001
8.926062e+001	-1.918120e+001
8.943191e+001	-2.023680e+001
8.994967e+001	-1.627241e+001
8.959213e+001	-2.498995e+001
9.014635e+001	-2.049734e+001
9.044528e+001	-1.970355e+001
9.074424e+001	-1.890930e+001
9.062375e+001	-2.419237e+001
9.081328e+001	-2.498364e+001
9.140398e+001	-1.996238e+001
9.135643e+001	-2.418859e+001
9.178301e+001	-2.154538e+001
9.208198e+001	-2.075114e+001
9.256325e+001	-1.731540e+001
9.298983e+001	-1.467220e+001
9.286936e+001	-1.995482e+001
9.309535e+001	-2.021788e+001
9.354017e+001	-1.731036e+001
9.374794e+001	-1.783731e+001
9.426567e+001	-1.387336e+001
9.440051e+001	-1.545717e+001
9.453533e+001	-1.704099e+001
9.457897e+001	-1.994599e+001
9.507849e+001	-1.624593e+001
9.563271e+001	-1.175332e+001
9.522047e+001	-2.126340e+001
9.482648e+001	-3.050915e+001
9.490657e+001	-3.288595e+001
9.511434e+001	-3.341290e+001
9.568681e+001	-2.865597e+001
9.625927e+001	-2.389903e+001
9.701408e+001	-1.650017e+001
9.713067e+001	-1.834831e+001
9.784902e+001	-1.147765e+001
9.781971e+001	-1.543952e+001
9.780865e+001	-1.913706e+001
9.797994e+001	-2.019267e+001
9.815123e+001	-2.124827e+001
9.876018e+001	-1.596268e+001
9.871263e+001	-2.018888e+001
9.850098e+001	-2.679269e+001
9.900049e+001	-2.309263e+001
9.928122e+001	-2.256271e+001
9.936131e+001	-2.493951e+001
9.955084e+001	-2.573079e+001
9.966742e+001	-2.757893e+001
9.994811e+001	-2.704946e+001
1.009582e+002	-1.595134e+001
1.012025e+002	-1.595007e+001
1.015196e+002	-1.489239e+001
1.013080e+002	-2.149620e+001
1.009322e+002	-3.047763e+001
1.013041e+002	-2.862696e+001
1.013113e+002	-3.206018e+001
1.018108e+002	-2.836011e+001
1.023103e+002	-2.466005e+001
1.021169e+002	-3.099953e+001
1.024158e+002	-3.020573e+001
1.028424e+002	-2.756253e+001
1.034878e+002	-2.174874e+001
1.038961e+002	-1.936986e+001
1.043227e+002	-1.672666e+001
1.039287e+002	-2.597242e+001
1.038630e+002	-3.046249e+001
1.034872e+002	-3.944436e+001
1.044061e+002	-2.966744e+001
1.047051e+002	-2.887364e+001
1.046393e+002	-3.336372e+001
1.052847e+002	-2.754992e+001
1.059483e+002	-2.147224e+001
1.059190e+002	-2.543367e+001
1.059991e+002	-2.781047e+001
1.063893e+002	-2.569548e+001
1.062323e+002	-3.150675e+001
1.066407e+002	-2.912743e+001
1.068302e+002	-2.991915e+001
1.070015e+002	-3.097431e+001
1.068628e+002	-3.652170e+001
1.074900e+002	-3.097179e+001
1.076794e+002	-3.176351e+001
1.079966e+002	-3.070539e+001
1.089156e+002	-2.092846e+001
1.093057e+002	-1.881347e+001
1.094587e+002	-2.013340e+001
1.094659e+002	-2.356661e+001
1.093090e+002	-2.937789e+001
1.097355e+002	-2.673469e+001
1.104174e+002	-2.039268e+001
1.097317e+002	-3.386545e+001
1.098665e+002	-3.544971e+001
1.100013e+002	-3.703352e+001
1.105373e+002	-3.280524e+001
1.107997e+002	-3.253965e+001
1.110987e+002	-3.174586e+001
1.112153e+002	-3.359400e+001
1.114048e+002	-3.438527e+001
1.118678e+002	-3.121342e+001
1.124950e+002	-2.566395e+001
1.123563e+002	-3.121090e+001
1.130564e+002	-2.460456e+001
1.132824e+002	-2.486763e+001
1.135813e+002	-2.407383e+001
1.128226e+002	-3.860346e+001
1.130669e+002	-3.860220e+001
1.133475e+002	-3.807273e+001
1.135735e+002	-3.833580e+001
1.142007e+002	-3.278633e+001
1.145908e+002	-3.067134e+001
1.145251e+002	-3.516142e+001
1.153346e+002	-2.697001e+001
1.163447e+002	-1.587189e+001
1.161695e+002	-2.194749e+001
1.162861e+002	-2.379563e+001
1.175150e+002	-9.527366e+000
1.178322e+002	-8.469238e+000
1.179852e+002	-9.789169e+000
1.179012e+002	-1.454358e+001
1.183825e+002	-1.110740e+001
1.191374e+002	-3.708525e+000
1.188528e+002	-1.136920e+001
1.192429e+002	-9.254209e+000
1.200159e+002	-1.591455e+000
1.199137e+002	-6.609748e+000
1.197202e+002	-1.294968e+001
1.202198e+002	-9.249164e+000
1.209199e+002	-2.642833e+000
1.211276e+002	-3.170229e+000
1.210619e+002	-7.660308e+000
1.209596e+002	-1.267904e+001
1.211127e+002	-1.399853e+001
1.219040e+002	-6.071448e+000
1.226588e+002	1.327415e+000
1.228666e+002	8.004670e-001
1.223631e+002	-1.003080e+001
1.226621e+002	-9.236554e+000
1.232893e+002	-3.687090e+000
1.230594e+002	-1.055522e+001
1.239783e+002	-7.782981e-001
1.240949e+002	-2.626439e+000
1.245032e+002	-2.475657e-001
1.241275e+002	-9.228990e+000
1.242258e+002	-1.134146e+001
1.240689e+002	-1.715273e+001
1.242219e+002	-1.847266e+001
1.245756e+002	-1.688588e+001
1.253851e+002	-8.694474e+000
1.257752e+002	-6.579483e+000
1.259100e+002	-8.163741e+000
1.259354e+002	-1.133263e+001
1.257785e+002	-1.714390e+001
1.262415e+002	-1.397205e+001
1.269598e+002	-7.101833e+000
1.273500e+002	-4.986843e+000
1.272113e+002	-1.053379e+001
1.274555e+002	-1.053253e+001
1.277544e+002	-9.738731e+000
1.279804e+002	-1.000180e+001
1.284435e+002	-6.829939e+000
1.288883e+002	-3.922412e+000
1.286402e+002	-1.105443e+001
1.288297e+002	-1.184615e+001
1.287457e+002	-1.660056e+001
1.293364e+002	-1.157930e+001
1.297630e+002	-8.936104e+000
1.299890e+002	-9.198725e+000
1.296679e+002	-1.738806e+001
1.295474e+002	-2.267068e+001
1.302658e+002	-1.580001e+001
1.308018e+002	-1.157174e+001
1.307360e+002	-1.606182e+001
1.312720e+002	-1.183354e+001
1.317533e+002	-8.397359e+000
1.321252e+002	-6.546699e+000
1.318953e+002	-1.341483e+001
1.323765e+002	-9.979098e+000
1.326026e+002	-1.024172e+001
1.329562e+002	-8.655383e+000
1.330728e+002	-1.050352e+001
1.333899e+002	-9.445400e+000
1.333971e+002	-1.287906e+001
1.336231e+002	-1.314168e+001
1.336668e+002	-1.604669e+001
1.337651e+002	-1.815916e+001
1.347205e+002	-7.854017e+000
1.344906e+002	-1.472216e+001
1.343337e+002	-2.053299e+001
1.357267e+002	-3.887106e+000
1.357704e+002	-6.792109e+000
1.359416e+002	-7.847715e+000
1.364959e+002	-3.355112e+000
1.362660e+002	-1.022280e+001
1.361273e+002	-1.576975e+001
1.363715e+002	-1.576849e+001
1.370351e+002	-9.690810e+000
1.374435e+002	-7.311493e+000
1.377607e+002	-6.253813e+000
1.382055e+002	-3.346282e+000
1.381397e+002	-7.836366e+000
1.382563e+002	-9.684507e+000
1.382452e+002	-1.338205e+001
1.388177e+002	-8.625118e+000
1.387337e+002	-1.337953e+001
1.388685e+002	-1.496334e+001
1.393315e+002	-1.179193e+001
1.392293e+002	-1.681022e+001
1.392730e+002	-1.971523e+001
1.394260e+002	-2.103516e+001
1.392873e+002	-2.658211e+001
1.397686e+002	-2.314637e+001
1.407240e+002	-1.284123e+001
1.413512e+002	-7.291319e+000
1.420148e+002	-1.213641e+000
1.421679e+002	-2.533125e+000
1.423574e+002	-3.324847e+000
1.427292e+002	-1.474183e+000
1.422258e+002	-1.230501e+001
1.420324e+002	-1.864449e+001
1.428784e+002	-9.924875e+000
1.431591e+002	-9.394961e+000
1.430934e+002	-1.388504e+001
1.429911e+002	-1.890378e+001
1.436365e+002	-1.308998e+001
1.447743e+002	-1.429031e-001
1.445991e+002	-6.218502e+000
1.448068e+002	-6.745454e+000
1.451970e+002	-4.630464e+000
1.456053e+002	-2.251590e+000
1.453572e+002	-9.383608e+000
1.456014e+002	-9.382347e+000
1.460280e+002	-6.739147e+000
1.459258e+002	-1.175788e+001
1.464253e+002	-8.057817e+000
1.464325e+002	-1.149103e+001
1.465673e+002	-1.307485e+001
1.470850e+002	-9.110456e+000
1.473475e+002	-8.845312e+000
1.478835e+002	-4.616593e+000
1.474713e+002	-1.412667e+001
1.479890e+002	-1.016228e+001
1.479780e+002	-1.385982e+001
1.481310e+002	-1.517975e+001
1.488129e+002	-8.837744e+000
1.490206e+002	-9.364696e+000
1.495384e+002	-5.400303e+000
1.493632e+002	-1.147590e+001
1.492974e+002	-1.596599e+001
1.498334e+002	-1.173771e+001
1.503694e+002	-7.508986e+000
1.511972e+002	9.467432e-001
1.513138e+002	-9.013938e-001
1.514851e+002	-1.956999e+000
1.506352e+002	-1.780782e+001
1.508612e+002	-1.807089e+001
1.509960e+002	-1.965470e+001
1.510214e+002	-2.282403e+001
1.515574e+002	-1.859531e+001
1.518746e+002	-1.753719e+001
1.523923e+002	-1.357324e+001
1.528554e+002	-1.040138e+001
1.528078e+002	-1.462758e+001
1.527238e+002	-1.938199e+001
1.530957e+002	-1.753088e+001
1.533582e+002	-1.726574e+001
1.540765e+002	-1.039508e+001
1.546672e+002	-5.373822e+000
1.544920e+002	-1.144942e+001
1.544810e+002	-1.514696e+001
1.547617e+002	-1.461749e+001
1.557900e+002	-3.255491e+000
1.557425e+002	-7.481244e+000
1.557861e+002	-1.038625e+001
1.555927e+002	-1.672573e+001
1.556546e+002	-1.936686e+001
1.559717e+002	-1.830873e+001
1.566901e+002	-1.143807e+001
1.570802e+002	-9.323082e+000
1.572880e+002	-9.850474e+000
1.572039e+002	-1.460488e+001
1.580864e+002	-5.356166e+000
1.585313e+002	-2.448640e+000
1.584290e+002	-7.467373e+000
1.590015e+002	-2.710444e+000
1.588445e+002	-8.521716e+000
1.590523e+002	-9.048665e+000
1.589683e+002	-1.380308e+001
1.599419e+002	-3.234055e+000
1.594020e+002	-1.459353e+001
1.599016e+002	-1.089303e+001
1.602734e+002	-9.042361e+000
1.602623e+002	-1.274035e+001
1.609078e+002	-6.926554e+000
1.617720e+002	2.057833e+000
1.617609e+002	-1.639706e+000
1.610934e+002	-1.484859e+001
1.612464e+002	-1.616852e+001
1.612354e+002	-1.986606e+001
1.620084e+002	-1.220287e+001
1.626356e+002	-6.653401e+000
1.625151e+002	-1.193602e+001
1.627411e+002	-1.219909e+001
1.633136e+002	-7.442153e+000
1.632478e+002	-1.193224e+001
1.633644e+002	-1.378038e+001
1.634992e+002	-1.536463e+001
1.639987e+002	-1.166457e+001
1.638418e+002	-1.747540e+001
1.636119e+002	-2.434354e+001
1.642026e+002	-1.932272e+001
1.651944e+002	-8.488933e+000
1.656757e+002	-5.053193e+000
1.650082e+002	-1.826207e+001
1.654530e+002	-1.535455e+001
1.663172e+002	-6.370158e+000
1.657409e+002	-1.825829e+001
1.657298e+002	-2.195584e+001
1.665940e+002	-1.297145e+001
1.674035e+002	-4.780041e+000
1.676660e+002	-4.514449e+000
1.674179e+002	-1.164691e+001
1.676986e+002	-1.111700e+001
1.680340e+002	-9.794993e+000
1.683329e+002	-9.000748e+000
1.686865e+002	-7.414411e+000
1.686572e+002	-1.137628e+001
1.692844e+002	-5.826816e+000
1.690910e+002	-1.216630e+001
1.700646e+002	-1.596836e+000
1.701994e+002	-3.181093e+000
1.698784e+002	-1.136998e+001
1.698309e+002	-1.559573e+001
1.702209e+002	-1.348119e+001
1.710487e+002	-5.025451e+000
1.706364e+002	-1.453553e+001
1.710265e+002	-1.242054e+001
1.715808e+002	-7.927935e+000
1.715332e+002	-1.215369e+001
1.719781e+002	-9.246162e+000
1.720947e+002	-1.109430e+001
1.724118e+002	-1.003618e+001
1.725102e+002	-1.214865e+001
1.726997e+002	-1.293992e+001
1.729986e+002	-1.214612e+001
1.734799e+002	-8.710384e+000
1.742165e+002	-1.575396e+000
1.741872e+002	-5.537270e+000
1.739390e+002	-1.266974e+001
1.744750e+002	-8.441012e+000
1.746828e+002	-8.967964e+000
1.744711e+002	-1.557177e+001
1.753900e+002	-5.795290e+000
1.753243e+002	-1.028537e+001
1.752220e+002	-1.530411e+001
1.760680e+002	-6.584045e+000
1.764764e+002	-4.204729e+000
1.764106e+002	-8.695251e+000
1.767278e+002	-7.637128e+000
1.769173e+002	-8.428402e+000
1.771250e+002	-8.955355e+000
1.766034e+002	-2.005095e+001
1.770300e+002	-1.740730e+001
1.775842e+002	-1.291470e+001
1.775549e+002	-1.687657e+001
1.784373e+002	-7.628302e+000
1.778974e+002	-1.898778e+001
1.784335e+002	-1.475906e+001
1.793524e+002	-4.982579e+000
1.793778e+002	-8.151466e+000
1.791843e+002	-1.449140e+001
1.794468e+002	-1.422581e+001
1.797093e+002	-1.396022e+001
1.802635e+002	-9.467613e+000
1.805989e+002	-8.145163e+000
1.809161e+002	-7.087035e+000
1.809232e+002	-1.052070e+001
1.812039e+002	-9.990782e+000
1.812840e+002	-1.236758e+001
1.814189e+002	-1.395139e+001
1.820278e+002	-8.666252e+000
1.824908e+002	-5.494395e+000
1.825892e+002	-7.606862e+000
1.826511e+002	-1.024754e+001
1.828223e+002	-1.130314e+001
1.823007e+002	-2.239830e+001
1.832743e+002	-1.182884e+001
1.835733e+002	-1.103504e+001
1.840728e+002	-7.334972e+000
1.842258e+002	-8.654903e+000
1.842148e+002	-1.235245e+001
1.842949e+002	-1.472880e+001
1.845209e+002	-1.499186e+001
1.848015e+002	-1.446239e+001
1.849364e+002	-1.604621e+001
1.851988e+002	-1.578062e+001
1.858260e+002	-1.023115e+001
1.864532e+002	-4.681681e+000
1.865515e+002	-6.794152e+000
1.861210e+002	-1.656811e+001
1.866935e+002	-1.181118e+001
1.869377e+002	-1.180992e+001
1.871455e+002	-1.233731e+001
1.878821e+002	-5.202326e+000
1.875063e+002	-1.418419e+001
1.875681e+002	-1.682487e+001
1.883777e+002	-8.633464e+000
1.887495e+002	-6.782800e+000
1.893038e+002	-2.289754e+000
1.897121e+002	8.911496e-002
1.890993e+002	-1.232723e+001
1.894894e+002	-1.021224e+001
1.899525e+002	-7.040380e+000
1.901967e+002	-7.039119e+000
1.904044e+002	-7.566510e+000
1.905757e+002	-8.622115e+000
1.909658e+002	-6.507125e+000
1.912830e+002	-5.449001e+000
1.913266e+002	-8.354005e+000
1.919173e+002	-3.332750e+000
1.924898e+002	1.424179e+000
1.919681e+002	-9.671414e+000
1.922123e+002	-9.670152e+000
1.927848e+002	-4.913223e+000
1.931749e+002	-2.798233e+000
1.931821e+002	-6.231450e+000
1.934081e+002	-6.494515e+000
1.929229e+002	-1.706146e+001
1.936595e+002	-9.926471e+000
1.942684e+002	-4.641329e+000
1.946950e+002	-1.998129e+000
1.946110e+002	-6.752539e+000
1.945088e+002	-1.177083e+001
1.945706e+002	-1.441195e+001
1.950519e+002	-1.097577e+001
1.959891e+002	-9.349596e-001
1.958504e+002	-6.481905e+000
1.966052e+002	9.169616e-001
1.962659e+002	-7.536249e+000
1.963460e+002	-9.912599e+000
1.971737e+002	-1.456866e+000
1.971809e+002	-4.890527e+000
1.975346e+002	-3.303746e+000
1.975417e+002	-6.737406e+000
1.971295e+002	-1.624748e+001
1.970819e+002	-2.047324e+001
1.974538e+002	-1.862257e+001
1.978439e+002	-1.650758e+001
1.977417e+002	-2.152632e+001
1.981683e+002	-1.888312e+001
1.991966e+002	-7.521117e+000
1.994955e+002	-6.727319e+000
1.992839e+002	-1.333113e+001
1.997287e+002	-1.042360e+001
1.998453e+002	-1.227174e+001
2.001624e+002	-1.121361e+001
2.010814e+002	-1.436688e+000
2.013438e+002	-1.171544e+000
2.009498e+002	-1.041729e+001
2.016864e+002	-3.282306e+000
2.023683e+002	3.059694e+000
2.026855e+002	4.117818e+000
2.024373e+002	-3.014643e+000
2.025539e+002	-4.862784e+000
2.028529e+002	-4.068539e+000
2.026959e+002	-9.879816e+000
2.025025e+002	-1.621974e+001
2.029291e+002	-1.357610e+001
2.032645e+002	-1.225409e+001
2.037275e+002	-9.082234e+000
2.040447e+002	-8.024107e+000
2.041066e+002	-1.066479e+001
2.038402e+002	-1.806158e+001
2.048868e+002	-6.435250e+000
2.046934e+002	-1.277473e+001
2.051564e+002	-9.603323e+000
2.052912e+002	-1.118713e+001
2.054990e+002	-1.171409e+001
2.055244e+002	-1.488342e+001
2.055498e+002	-1.805275e+001
2.060858e+002	-1.382403e+001
2.066218e+002	-9.595755e+000
2.071031e+002	-6.159572e+000
2.069826e+002	-1.144263e+001
2.070445e+002	-1.408332e+001
2.070151e+002	-1.804519e+001
2.072776e+002	-1.777960e+001
2.077589e+002	-1.434386e+001
2.090061e+002	1.887321e-001
2.087580e+002	-6.943282e+000
2.090204e+002	-6.678137e+000
2.095929e+002	-1.921209e+000
2.095089e+002	-6.675618e+000
2.097531e+002	-6.674357e+000
2.098879e+002	-8.258172e+000
2.101321e+002	-8.256911e+000
2.101575e+002	-1.142624e+001
2.104565e+002	-1.063200e+001
2.107372e+002	-1.010253e+001
2.112185e+002	-6.666789e+000
2.117909e+002	-1.909860e+000
2.120169e+002	-2.172482e+000
2.119694e+002	-6.398678e+000
2.120677e+002	-8.511150e+000
2.127131e+002	-2.697355e+000
2.131944e+002	7.383811e-001
2.129827e+002	-5.865427e+000
2.122970e+002	-1.933819e+001
2.128695e+002	-1.458126e+001
2.133690e+002	-1.088119e+001
2.136679e+002	-1.008740e+001
2.141492e+002	-6.651656e+000
2.146305e+002	-3.215477e+000
2.148565e+002	-3.478542e+000
2.147542e+002	-8.497278e+000
2.147797e+002	-1.166617e+001
2.149874e+002	-1.219356e+001
2.148487e+002	-1.774051e+001
2.157494e+002	-8.227907e+000
2.168142e+002	3.662301e+000
2.155996e+002	-1.747240e+001
2.158803e+002	-1.694292e+001
2.164527e+002	-1.218599e+001
2.173899e+002	-2.144739e+000
2.171600e+002	-9.012878e+000
2.172949e+002	-1.059669e+001
2.178308e+002	-6.368417e+000
2.179292e+002	-8.480884e+000
2.180823e+002	-9.800373e+000
2.185271e+002	-6.892843e+000
2.184066e+002	-1.217591e+001
2.191067e+002	-5.569574e+000
2.191139e+002	-9.002792e+000
2.194128e+002	-8.208990e+000
2.197664e+002	-6.622656e+000
2.201930e+002	-3.979009e+000
2.199084e+002	-1.163968e+001
2.199885e+002	-1.401648e+001
2.201051e+002	-1.586462e+001
2.204405e+002	-1.454217e+001
2.211406e+002	-7.935838e+000
2.215307e+002	-5.821291e+000
2.216108e+002	-8.197641e+000
2.220374e+002	-5.554442e+000
