    nm         	pN
0.000000e+000	5.868858e+002
5.403047e-002	5.785073e+002
-3.021057e-002	5.640350e+002
-1.144554e-001	5.495626e+002
-9.499029e-002	5.396608e+002
-7.553021e-002	5.297588e+002
-5.606510e-002	5.198570e+002
-1.403061e-001	5.053847e+002
-2.072683e-001	4.916740e+002
-1.878032e-001	4.817722e+002
-2.547615e-001	4.680616e+002
-2.698656e-001	4.566363e+002
-3.022586e-001	4.444490e+002
-3.519280e-001	4.315004e+002
-2.978981e-001	4.231219e+002
-3.302855e-001	4.109349e+002
-3.799605e-001	3.979860e+002
-3.777831e-001	3.873223e+002
-3.237533e-001	3.789438e+002
-3.215709e-001	3.682804e+002
-3.885330e-001	3.545696e+002
-4.554914e-001	3.408590e+002
-5.397311e-001	3.263868e+002
-5.029833e-001	3.172467e+002
-5.180886e-001	3.058213e+002
-5.850463e-001	2.921108e+002
-7.211443e-001	2.753531e+002
-5.634032e-001	2.715453e+002
-5.785136e-001	2.601197e+002
-7.146064e-001	2.433623e+002
-7.642815e-001	2.304134e+002
-7.448164e-001	2.205116e+002
-7.080692e-001	2.113714e+002
-7.058912e-001	2.007078e+002
-7.555662e-001	1.877589e+002
-8.743764e-001	1.717631e+002
-8.894817e-001	1.603377e+002
-8.008809e-001	1.534828e+002
-8.505565e-001	1.405339e+002
-8.483741e-001	1.298705e+002
-8.634832e-001	1.184449e+002
-9.131538e-001	1.054962e+002
-8.245529e-001	9.864129e+001
-9.087990e-001	8.416884e+001
-1.027609e+000	6.817307e+001
-1.042714e+000	5.674772e+001
-9.713963e-001	4.913113e+001
-1.072924e+000	3.389703e+001
-1.088029e+000	2.247169e+001
-1.120422e+000	1.028445e+001
-1.152809e+000	-1.902547e+000
-1.116061e+000	-1.104269e+001
-1.113884e+000	-2.170637e+001
-1.180842e+000	-3.541692e+001
-1.230511e+000	-4.836560e+001
-1.124634e+000	-5.445909e+001
-1.139734e+000	-6.588422e+001
-1.258550e+000	-8.188020e+001
-1.308224e+000	-9.482910e+001
-1.323324e+000	-1.062542e+002
-1.286577e+000	-1.153944e+002
-1.284404e+000	-1.260583e+002
-1.368644e+000	-1.405305e+002
-1.401037e+000	-1.527177e+002
-1.485277e+000	-1.671899e+002
-1.483094e+000	-1.778534e+002
-1.446346e+000	-1.869935e+002
-1.461457e+000	-1.984191e+002
-1.424709e+000	-2.075592e+002
-1.439809e+000	-2.189844e+002
-1.524059e+000	-2.334571e+002
-1.573725e+000	-2.464055e+002
-1.519694e+000	-2.547840e+002
-1.534803e+000	-2.662095e+002
-1.480774e+000	-2.745880e+002
-1.616862e+000	-2.913452e+002
-1.614690e+000	-3.020091e+002
-1.664365e+000	-3.149580e+002
-1.593042e+000	-3.225744e+002
-1.521729e+000	-3.301912e+002
-1.415840e+000	-3.362843e+002
-1.292680e+000	-3.416161e+002
-1.204076e+000	-3.484708e+002
-1.392022e+000	-3.675134e+002
-1.355274e+000	-3.766536e+002
-1.387667e+000	-3.888408e+002
-1.350919e+000	-3.979810e+002
-1.366028e+000	-4.094065e+002
-1.156436e+000	-4.109291e+002
-9.987005e-001	-4.147372e+002
-8.063897e-001	-4.170215e+002
1.632864e+000	-3.202804e+002
5.541281e+000	-1.587914e+002
6.096556e+000	-1.450794e+002
6.237008e+000	-1.496491e+002
6.654012e+000	-1.420309e+002
7.071005e+000	-1.344132e+002
8.680625e+000	-7.423497e+001
9.529733e+000	-4.757344e+001
9.773891e+000	-4.757274e+001
1.041558e+001	-3.005227e+001
1.036591e+001	-4.300094e+001
1.064464e+001	-4.147692e+001
1.147646e+001	-1.557706e+001
1.144407e+001	-2.776429e+001
1.161909e+001	-3.081046e+001
1.226079e+001	-1.328977e+001
1.219383e+001	-2.700032e+001
1.214416e+001	-3.994922e+001
1.211177e+001	-5.213623e+001
1.282260e+001	-3.156866e+001
1.287663e+001	-3.994714e+001
1.348376e+001	-2.394999e+001
1.315753e+001	-4.908681e+001
1.374738e+001	-3.385110e+001
1.366314e+001	-4.832332e+001
1.349248e+001	-6.660428e+001
1.385762e+001	-6.127152e+001
1.404992e+001	-6.355626e+001
1.439779e+001	-5.898514e+001
1.509134e+001	-3.917923e+001
1.531821e+001	-3.994020e+001
1.570065e+001	-3.384554e+001
1.508059e+001	-7.193195e+001
1.575686e+001	-5.288750e+001
1.579361e+001	-6.202763e+001
1.574393e+001	-7.497652e+001
1.624735e+001	-6.355001e+001
1.676806e+001	-5.136140e+001
1.690851e+001	-5.593112e+001
1.723909e+001	-5.212167e+001
1.765608e+001	-4.450391e+001
1.741629e+001	-6.583153e+001
1.755674e+001	-7.040125e+001
1.800831e+001	-6.125973e+001
1.856359e+001	-4.754779e+001
1.910157e+001	-3.459773e+001
1.938030e+001	-3.307349e+001
1.934791e+001	-4.526072e+001
1.959207e+001	-4.526002e+001
2.002635e+001	-3.688017e+001
2.014952e+001	-4.221155e+001
2.020355e+001	-5.059003e+001
2.044771e+001	-5.058933e+001
2.012150e+001	-7.572570e+001
2.026195e+001	-8.029543e+001
2.035054e+001	-8.715059e+001
2.088854e+001	-7.420031e+001
2.095985e+001	-8.181712e+001
2.137685e+001	-7.419892e+001
2.174200e+001	-6.886616e+001
2.233184e+001	-5.363088e+001
2.231674e+001	-6.505600e+001
2.237077e+001	-7.343448e+001
2.249394e+001	-7.876587e+001
2.299735e+001	-6.733936e+001
2.287855e+001	-8.333491e+001
2.289801e+001	-9.323670e+001
2.352242e+001	-7.647811e+001
2.373201e+001	-7.800074e+001
2.401073e+001	-7.647673e+001
2.392649e+001	-9.094894e+001
2.411880e+001	-9.323324e+001
2.403456e+001	-1.077059e+002
2.458983e+001	-9.399397e+001
2.464387e+001	-1.023720e+002
2.474975e+001	-1.084655e+002
2.489020e+001	-1.130352e+002
2.482324e+001	-1.267458e+002
2.496370e+001	-1.313155e+002
2.500044e+001	-1.404556e+002
2.533102e+001	-1.366462e+002
2.559247e+001	-1.358838e+002
2.575020e+001	-1.396919e+002
2.583880e+001	-1.465466e+002
2.591012e+001	-1.541634e+002
2.572217e+001	-1.732060e+002
2.603547e+001	-1.701582e+002
2.627963e+001	-1.701576e+002
2.664478e+001	-1.648248e+002
2.642225e+001	-1.853912e+002
2.683926e+001	-1.777730e+002
2.699699e+001	-1.815811e+002
2.701646e+001	-1.914829e+002
2.684579e+001	-2.097638e+002
2.848997e+001	-1.480627e+002
2.937365e+001	-1.198774e+002
2.956595e+001	-1.221622e+002
2.994839e+001	-1.160673e+002
3.000242e+001	-1.244458e+002
3.022930e+001	-1.252067e+002
3.106111e+001	-9.930733e+001
3.087317e+001	-1.183500e+002
3.116918e+001	-1.160638e+002
3.137877e+001	-1.175869e+002
3.110440e+001	-1.404383e+002
3.162511e+001	-1.282497e+002
3.159272e+001	-1.404369e+002
3.161218e+001	-1.503387e+002
3.164893e+001	-1.594788e+002
3.216964e+001	-1.472902e+002
3.173971e+001	-1.769975e+002
3.220856e+001	-1.670943e+002
3.243543e+001	-1.678552e+002
3.236848e+001	-1.815658e+002
3.249164e+001	-1.868972e+002
3.271852e+001	-1.876582e+002
3.244415e+001	-2.105095e+002
3.268831e+001	-2.105088e+002
3.300160e+001	-2.074615e+002
3.302106e+001	-2.173633e+002
3.293682e+001	-2.318355e+002
3.295629e+001	-2.417374e+002
3.288933e+001	-2.554479e+002
3.332361e+001	-2.470685e+002
3.349864e+001	-2.501144e+002
3.374279e+001	-2.501138e+002
3.383139e+001	-2.569689e+002
3.371258e+001	-2.729645e+002
3.355920e+001	-2.904837e+002
3.369966e+001	-2.950535e+002
3.411665e+001	-2.874357e+002
3.413611e+001	-2.973375e+002
3.406916e+001	-3.110481e+002
3.436518e+001	-3.087619e+002
3.469576e+001	-3.049525e+002
3.497448e+001	-3.034285e+002
3.504579e+001	-3.110453e+002
3.509982e+001	-3.194238e+002
3.505015e+001	-3.323727e+002
3.541530e+001	-3.270395e+002
3.571131e+001	-3.247538e+002
3.585176e+001	-3.293235e+002
3.580208e+001	-3.422724e+002
3.578699e+001	-3.536975e+002
3.623855e+001	-3.445560e+002
3.625802e+001	-3.544578e+002
3.636390e+001	-3.605513e+002
3.652163e+001	-3.643593e+002
3.631640e+001	-3.841636e+002
3.671612e+001	-3.773075e+002
3.649360e+001	-3.978735e+002
3.680690e+001	-3.948257e+002
3.653253e+001	-4.176775e+002
3.675940e+001	-4.184385e+002
3.807519e+001	-3.712099e+002
3.847490e+001	-3.643538e+002
3.839066e+001	-3.788260e+002
3.884223e+001	-3.696845e+002
3.912095e+001	-3.681604e+002
3.874288e+001	-3.955823e+002
3.943643e+001	-3.757762e+002
3.969787e+001	-3.750138e+002
3.973462e+001	-3.841539e+002
4.139608e+001	-3.216907e+002
4.214149e+001	-2.995996e+002
4.292146e+001	-2.759852e+002
4.364957e+001	-2.546557e+002
4.441226e+001	-2.318030e+002
4.519223e+001	-2.081885e+002
4.574750e+001	-1.944766e+002
4.680402e+001	-1.586742e+002
4.687533e+001	-1.662910e+002
4.696394e+001	-1.731457e+002
4.708711e+001	-1.784771e+002
4.696829e+001	-1.944731e+002
4.738530e+001	-1.868549e+002
4.790600e+001	-1.746667e+002
4.809830e+001	-1.769510e+002
4.810049e+001	-1.876145e+002
4.798167e+001	-2.036105e+002
4.831225e+001	-1.998010e+002
4.819344e+001	-2.157970e+002
4.900798e+001	-1.906588e+002
5.115341e+001	-1.068668e+002
5.212350e+001	-7.487323e+001
5.245408e+001	-7.106379e+001
5.231799e+001	-8.782144e+001
5.251029e+001	-9.010617e+001
5.303100e+001	-7.791756e+001
5.301589e+001	-8.934313e+001
5.313906e+001	-9.467451e+001
5.346964e+001	-9.086507e+001
5.393849e+001	-8.096188e+001
5.399252e+001	-8.934036e+001
5.423668e+001	-8.933966e+001
5.474011e+001	-7.791270e+001
5.505340e+001	-7.486493e+001
5.514200e+001	-8.172008e+001
5.510961e+001	-9.390731e+001
5.523277e+001	-9.923869e+001
5.501026e+001	-1.198047e+002
5.573838e+001	-9.847564e+001
5.605167e+001	-9.542786e+001
5.622669e+001	-9.847426e+001
5.628073e+001	-1.068523e+002
5.614463e+001	-1.236099e+002
5.630237e+001	-1.274180e+002
5.666752e+001	-1.220852e+002
5.701538e+001	-1.175141e+002
5.753609e+001	-1.053255e+002
5.759012e+001	-1.137040e+002
5.752316e+001	-1.274145e+002
5.813029e+001	-1.114172e+002
5.837445e+001	-1.114165e+002
5.822107e+001	-1.289358e+002
5.841337e+001	-1.312205e+002
5.900322e+001	-1.159848e+002
5.916096e+001	-1.197929e+002
5.943968e+001	-1.182689e+002
5.919988e+001	-1.395969e+002
5.951317e+001	-1.365491e+002
6.003388e+001	-1.243605e+002
6.029532e+001	-1.235982e+002
5.958885e+001	-1.654929e+002
5.976387e+001	-1.685393e+002
6.042285e+001	-1.502569e+002
6.078800e+001	-1.449241e+002
6.257045e+001	-7.712886e+001
6.286646e+001	-7.484274e+001
6.380198e+001	-4.437289e+001
6.352762e+001	-6.722429e+001
6.347796e+001	-8.017274e+001
6.361839e+001	-8.474291e+001
6.438109e+001	-6.188968e+001
6.434870e+001	-7.407691e+001
6.473113e+001	-6.798249e+001
6.485430e+001	-7.331386e+001
6.527130e+001	-6.569567e+001
6.580929e+001	-5.274539e+001
6.596703e+001	-5.655345e+001
6.581364e+001	-7.407276e+001
6.612694e+001	-7.102498e+001
6.599085e+001	-8.778261e+001
6.632143e+001	-8.397318e+001
6.656558e+001	-8.397248e+001
6.675788e+001	-8.625722e+001
6.686378e+001	-9.235027e+001
6.717706e+001	-8.930293e+001
6.774963e+001	-7.482887e+001
6.752711e+001	-9.539528e+001
6.789225e+001	-9.006251e+001
6.865494e+001	-6.720974e+001
6.922750e+001	-5.273568e+001
6.940252e+001	-5.578208e+001
7.011336e+001	-3.521452e+001
7.016740e+001	-4.359276e+001
7.065353e+001	-3.292792e+001
7.058657e+001	-4.663847e+001
7.067516e+001	-5.349363e+001
7.076377e+001	-6.034834e+001
7.149188e+001	-3.901911e+001
7.168419e+001	-4.130362e+001
7.158267e+001	-5.653750e+001
7.182683e+001	-5.653681e+001
7.214011e+001	-5.348947e+001
7.255711e+001	-4.587126e+001
7.312968e+001	-3.139744e+001
7.320099e+001	-3.901425e+001
7.318589e+001	-5.043960e+001
7.325720e+001	-5.805642e+001
7.379519e+001	-4.510614e+001
7.424676e+001	-3.596438e+001
7.374770e+001	-6.871850e+001
7.414742e+001	-6.186196e+001
7.442614e+001	-6.033794e+001
7.487771e+001	-5.119642e+001
7.456878e+001	-7.557113e+001
7.526232e+001	-5.576544e+001
7.559290e+001	-5.195599e+001
7.564693e+001	-6.033447e+001
7.627135e+001	-4.357543e+001
7.634266e+001	-5.119226e+001
7.686337e+001	-3.900386e+001
7.707295e+001	-4.052670e+001
7.759366e+001	-2.833809e+001
7.761312e+001	-3.823990e+001
7.758074e+001	-5.042713e+001
7.761748e+001	-5.956726e+001
7.777522e+001	-6.337533e+001
7.822678e+001	-5.423380e+001
7.803884e+001	-7.327644e+001
7.878424e+001	-5.118532e+001
7.942594e+001	-3.366463e+001
7.932441e+001	-4.889895e+001
7.924017e+001	-6.337117e+001
7.950160e+001	-6.260882e+001
7.983219e+001	-5.879937e+001
8.007635e+001	-5.879867e+001
8.094274e+001	-3.137525e+001
8.078936e+001	-4.889479e+001
8.091253e+001	-5.422618e+001
8.153694e+001	-3.746714e+001
8.155641e+001	-4.736894e+001
8.185241e+001	-4.508326e+001
8.194102e+001	-5.193798e+001
8.242715e+001	-4.127312e+001
8.178982e+001	-8.012074e+001
8.199940e+001	-8.164382e+001
8.286579e+001	-5.422062e+001
8.283341e+001	-6.640741e+001
8.331954e+001	-5.574257e+001
8.382296e+001	-4.431605e+001
8.403255e+001	-4.583868e+001
8.412115e+001	-5.269340e+001
8.419247e+001	-6.031022e+001
8.436749e+001	-6.335660e+001
8.538944e+001	-2.907757e+001
8.487309e+001	-6.259356e+001
8.534195e+001	-5.268993e+001
8.579352e+001	-4.354840e+001
8.607224e+001	-4.202438e+001
8.633368e+001	-4.126203e+001
8.618030e+001	-5.878134e+001
8.654545e+001	-5.344857e+001
8.640936e+001	-7.020578e+001
8.622141e+001	-8.924886e+001
8.641371e+001	-9.153314e+001
8.669244e+001	-9.000913e+001
8.724771e+001	-7.629718e+001
8.747459e+001	-7.705816e+001
8.766690e+001	-7.934245e+001
8.858513e+001	-4.963427e+001
8.846633e+001	-6.562981e+001
8.855493e+001	-7.248496e+001
8.853983e+001	-8.391009e+001
8.921609e+001	-6.486607e+001
8.901085e+001	-8.467081e+001
8.949699e+001	-7.400552e+001
8.982757e+001	-7.019608e+001
9.026186e+001	-6.181620e+001
9.019490e+001	-7.552677e+001
9.033536e+001	-8.009649e+001
9.033753e+001	-9.076039e+001
9.063354e+001	-8.847427e+001
9.075671e+001	-9.380609e+001
9.065518e+001	-1.090400e+002
9.145243e+001	-8.466387e+001
9.164474e+001	-8.694817e+001
9.162963e+001	-9.837374e+001
9.178738e+001	-1.021814e+002
9.159942e+001	-1.212244e+002
9.206828e+001	-1.113208e+002
9.302109e+001	-8.008887e+001
9.302327e+001	-9.075277e+001
9.311187e+001	-9.760747e+001
9.361529e+001	-8.618097e+001
9.391130e+001	-8.389484e+001
9.372335e+001	-1.029379e+002
9.344898e+001	-1.257893e+002
9.438451e+001	-9.531902e+001
9.416200e+001	-1.158850e+002
9.508024e+001	-8.617680e+001
9.537626e+001	-8.389068e+001
9.558584e+001	-8.541375e+001
9.565716e+001	-9.303013e+001
9.583218e+001	-9.607653e+001
9.647388e+001	-7.855583e+001
9.559456e+001	-1.280681e+002
9.601156e+001	-1.204499e+002
9.661868e+001	-1.044529e+002
9.672457e+001	-1.105460e+002
9.636378e+001	-1.372061e+002
9.707460e+001	-1.166388e+002
9.778545e+001	-9.607098e+001
9.751108e+001	-1.189224e+002
9.813549e+001	-1.021633e+002
9.836236e+001	-1.029248e+002
9.831269e+001	-1.158732e+002
9.874697e+001	-1.074938e+002
9.911212e+001	-1.021606e+002
9.897602e+001	-1.189182e+002
9.935845e+001	-1.128238e+002
9.960262e+001	-1.128231e+002
9.948381e+001	-1.288186e+002
1.002983e+002	-1.036809e+002
1.000067e+002	-1.272939e+002
1.004237e+002	-1.196757e+002
1.007197e+002	-1.173900e+002
1.007392e+002	-1.272918e+002
1.007932e+002	-1.356703e+002
1.018151e+002	-1.013913e+002
1.016272e+002	-1.204339e+002
1.016985e+002	-1.280507e+002
1.021501e+002	-1.189092e+002
1.024288e+002	-1.173852e+002
1.027248e+002	-1.150991e+002
1.023122e+002	-1.440446e+002
1.025218e+002	-1.455673e+002
1.031980e+002	-1.265232e+002
1.035286e+002	-1.227138e+002
1.037728e+002	-1.227131e+002
1.035675e+002	-1.425174e+002
1.042092e+002	-1.249967e+002
1.046090e+002	-1.181406e+002
1.043519e+002	-1.402303e+002
1.047861e+002	-1.318505e+002
1.047710e+002	-1.432760e+002
1.048078e+002	-1.524162e+002
1.055705e+002	-1.295634e+002
1.052788e+002	-1.531765e+002
1.056613e+002	-1.470816e+002
1.060955e+002	-1.387022e+002
1.059767e+002	-1.546977e+002
1.060999e+002	-1.600291e+002
1.064823e+002	-1.539347e+002
1.070376e+002	-1.402227e+002
1.074027e+002	-1.348899e+002
1.080963e+002	-1.150838e+002
1.078046e+002	-1.386973e+002
1.082044e+002	-1.318408e+002
1.084312e+002	-1.326017e+002
1.080532e+002	-1.600235e+002
1.081763e+002	-1.653549e+002
1.087143e+002	-1.524051e+002
1.085264e+002	-1.714477e+002
1.087878e+002	-1.706854e+002
1.087554e+002	-1.828722e+002
1.091206e+002	-1.775394e+002
1.098141e+002	-1.577337e+002
1.097817e+002	-1.699205e+002
1.102160e+002	-1.615411e+002
1.102009e+002	-1.729662e+002
1.103241e+002	-1.782976e+002
1.104300e+002	-1.843911e+002
1.107087e+002	-1.828666e+002
1.115405e+002	-1.569672e+002
1.115946e+002	-1.653452e+002
1.121498e+002	-1.516333e+002
1.125323e+002	-1.455388e+002
1.119295e+002	-1.828632e+002
1.125712e+002	-1.653424e+002
1.126252e+002	-1.737209e+002
1.124373e+002	-1.927640e+002
1.135629e+002	-1.539145e+002
1.133231e+002	-1.752426e+002
1.135846e+002	-1.744802e+002
1.142263e+002	-1.569596e+002
1.141074e+002	-1.729551e+002
1.139713e+002	-1.897128e+002
1.141291e+002	-1.935208e+002
1.147189e+002	-1.782851e+002
1.150668e+002	-1.737140e+002
1.148270e+002	-1.950421e+002
1.146218e+002	-2.148464e+002
1.150560e+002	-2.064669e+002
1.152138e+002	-2.102746e+002
1.152332e+002	-2.201768e+002
1.154947e+002	-2.194144e+002
1.156524e+002	-2.232221e+002
1.158102e+002	-2.270301e+002
1.162272e+002	-2.194124e+002
1.161948e+002	-2.315992e+002
1.164217e+002	-2.323601e+002
1.162856e+002	-2.491178e+002
1.167198e+002	-2.407379e+002
1.170677e+002	-2.361668e+002
1.174847e+002	-2.285491e+002
1.178671e+002	-2.224542e+002
1.178693e+002	-2.331181e+002
1.180962e+002	-2.338790e+002
1.181675e+002	-2.414954e+002
1.182734e+002	-2.475889e+002
1.182064e+002	-2.612995e+002
1.181913e+002	-2.727246e+002
1.185046e+002	-2.696773e+002
1.184031e+002	-2.849111e+002
1.186818e+002	-2.833871e+002
1.189260e+002	-2.833864e+002
1.187899e+002	-3.001436e+002
1.193279e+002	-2.871938e+002
1.195375e+002	-2.887164e+002
1.192977e+002	-3.100445e+002
1.196455e+002	-3.054734e+002
1.195613e+002	-3.199456e+002
1.195289e+002	-3.321328e+002
1.202916e+002	-3.092796e+002
1.204320e+002	-3.138498e+002
1.205379e+002	-3.199428e+002
1.203500e+002	-3.389854e+002
1.208188e+002	-3.290823e+002
1.209766e+002	-3.328903e+002
1.207886e+002	-3.519330e+002
1.208254e+002	-3.610731e+002
1.210695e+002	-3.610724e+002
1.213828e+002	-3.580246e+002
1.212467e+002	-3.747823e+002
1.217329e+002	-3.641174e+002
1.218560e+002	-3.694488e+002
1.219446e+002	-3.763035e+002
1.218431e+002	-3.915378e+002
1.222428e+002	-3.846813e+002
1.222796e+002	-3.938214e+002
1.222817e+002	-4.044854e+002
1.228197e+002	-3.915351e+002
1.231503e+002	-3.877256e+002
1.232216e+002	-3.953424e+002
1.231201e+002	-4.105763e+002
1.228457e+002	-4.334277e+002
1.230899e+002	-4.334270e+002
1.231958e+002	-4.395201e+002
1.238202e+002	-4.227615e+002
1.235112e+002	-4.471362e+002
1.235998e+002	-4.539913e+002
1.238267e+002	-4.547523e+002
1.238980e+002	-4.623691e+002
1.240385e+002	-4.669388e+002
1.240752e+002	-4.760790e+002
1.241984e+002	-4.814104e+002
1.241660e+002	-4.935971e+002
1.241682e+002	-5.042610e+002
1.241704e+002	-5.149245e+002
1.246219e+002	-5.057830e+002
1.248142e+002	-5.080677e+002
1.250757e+002	-5.073054e+002
1.268409e+002	-4.402717e+002
1.271023e+002	-4.395090e+002
1.275020e+002	-4.326529e+002
1.273313e+002	-4.509338e+002
1.274718e+002	-4.555036e+002
1.278024e+002	-4.516942e+002
1.277354e+002	-4.654047e+002
1.276512e+002	-4.798769e+002
1.278781e+002	-4.806383e+002
1.278284e+002	-4.935868e+002
1.281417e+002	-4.905394e+002
1.280747e+002	-5.042500e+002
1.322251e+002	-3.320968e+002
1.369459e+002	-1.348061e+002
1.375185e+002	-1.203320e+002
1.381601e+002	-1.028118e+002
1.374018e+002	-1.469915e+002
1.376633e+002	-1.462291e+002
1.386506e+002	-1.134738e+002
1.384800e+002	-1.317548e+002
1.390525e+002	-1.172812e+002
1.391239e+002	-1.248976e+002
1.397310e+002	-1.089006e+002
1.401480e+002	-1.012824e+002
1.399773e+002	-1.195634e+002
1.403079e+002	-1.157540e+002
1.405002e+002	-1.180387e+002
1.405370e+002	-1.271788e+002
1.407466e+002	-1.287015e+002
1.413709e+002	-1.119429e+002
1.411830e+002	-1.309855e+002
1.412543e+002	-1.386023e+002
1.415849e+002	-1.347929e+002
1.418118e+002	-1.355539e+002
1.419177e+002	-1.416469e+002
1.424211e+002	-1.302204e+002
1.421121e+002	-1.545951e+002
1.423217e+002	-1.561177e+002
1.429116e+002	-1.408825e+002
1.436224e+002	-1.203147e+002
1.431406e+002	-1.523073e+002
1.433157e+002	-1.553533e+002
1.435598e+002	-1.553526e+002
1.440632e+002	-1.439261e+002
1.437543e+002	-1.683008e+002
1.442750e+002	-1.561122e+002
1.445537e+002	-1.545882e+002
1.444349e+002	-1.705842e+002
1.446618e+002	-1.713451e+002
1.449578e+002	-1.690590e+002
1.454094e+002	-1.599175e+002
1.455844e+002	-1.629639e+002
1.451890e+002	-1.911473e+002
1.453468e+002	-1.949554e+002
1.458675e+002	-1.827668e+002
1.465092e+002	-1.652461e+002
1.460792e+002	-1.949533e+002
1.463925e+002	-1.919055e+002
1.468614e+002	-1.820024e+002
1.468117e+002	-1.949512e+002
1.469003e+002	-2.018064e+002
1.473000e+002	-1.949499e+002
1.475096e+002	-1.964725e+002
1.471661e+002	-2.223710e+002
1.476177e+002	-2.132294e+002
1.477409e+002	-2.185608e+002
1.479677e+002	-2.193222e+002
1.477452e+002	-2.398882e+002
1.483696e+002	-2.231292e+002
1.488385e+002	-2.132260e+002
1.483740e+002	-2.444565e+002
1.488947e+002	-2.322679e+002
1.496574e+002	-2.094152e+002
1.495386e+002	-2.254111e+002
1.496099e+002	-2.330280e+002
1.498886e+002	-2.315035e+002
1.495624e+002	-2.566403e+002
1.499275e+002	-2.513075e+002
1.498260e+002	-2.665414e+002
1.503986e+002	-2.520678e+002
1.508847e+002	-2.414025e+002
1.510597e+002	-2.444489e+002
1.506989e+002	-2.711091e+002
1.509949e+002	-2.688234e+002
1.516366e+002	-2.513027e+002
1.514141e+002	-2.718686e+002
1.512953e+002	-2.878646e+002
1.519543e+002	-2.695823e+002
1.520602e+002	-2.756753e+002
1.520451e+002	-2.871009e+002
1.519781e+002	-3.008114e+002
1.520149e+002	-3.099516e+002
1.525356e+002	-2.977630e+002
1.528316e+002	-2.954768e+002
1.526091e+002	-3.160432e+002
1.527668e+002	-3.198513e+002
1.533048e+002	-3.069010e+002
1.528922e+002	-3.358462e+002
1.533956e+002	-3.244196e+002
1.536743e+002	-3.228956e+002
1.536073e+002	-3.366062e+002
1.538688e+002	-3.358434e+002
1.539401e+002	-3.434602e+002
1.543571e+002	-3.358420e+002
1.542901e+002	-3.495526e+002
1.544133e+002	-3.548844e+002
1.546920e+002	-3.533599e+002
1.552127e+002	-3.411718e+002
1.551458e+002	-3.548823e+002
1.550270e+002	-3.708779e+002
1.552711e+002	-3.708772e+002
1.552387e+002	-3.830644e+002
1.555002e+002	-3.823021e+002
1.555024e+002	-3.929655e+002
1.559539e+002	-3.838240e+002
1.559734e+002	-3.937258e+002
1.563385e+002	-3.883930e+002
1.562370e+002	-4.036273e+002
1.564985e+002	-4.028645e+002
1.564315e+002	-4.165751e+002
1.566584e+002	-4.173365e+002
1.570235e+002	-4.120033e+002
1.572850e+002	-4.112409e+002
1.577020e+002	-4.036232e+002
1.571165e+002	-4.401858e+002
1.573434e+002	-4.409468e+002
1.573974e+002	-4.493252e+002
1.573823e+002	-4.607504e+002
1.574363e+002	-4.691288e+002
1.577496e+002	-4.660811e+002
1.575444e+002	-4.858858e+002
1.581515e+002	-4.698885e+002
1.582055e+002	-4.782669e+002
1.583460e+002	-4.828367e+002
1.582099e+002	-4.995943e+002
1.583849e+002	-5.026407e+002
1.584908e+002	-5.087337e+002
1.587349e+002	-5.087331e+002
1.587890e+002	-5.171115e+002
1.588257e+002	-5.262517e+002
1.590699e+002	-5.262510e+002
1.591930e+002	-5.315823e+002
1.596446e+002	-5.224408e+002
1.595258e+002	-5.384364e+002
1.596144e+002	-5.452915e+002
1.600833e+002	-5.353883e+002
1.597225e+002	-5.620485e+002
1.597938e+002	-5.696648e+002
1.601071e+002	-5.666175e+002
1.602130e+002	-5.727105e+002
1.600769e+002	-5.894682e+002
1.603556e+002	-5.879442e+002
1.606862e+002	-5.841347e+002
1.604982e+002	-6.031774e+002
1.605868e+002	-6.100321e+002
1.610384e+002	-6.008906e+002
1.604529e+002	-6.374536e+002
1.610082e+002	-6.237413e+002
1.610622e+002	-6.321197e+002
1.614101e+002	-6.275486e+002
1.694322e+002	-2.847662e+002
1.749307e+002	-5.319763e+001
1.759008e+002	-2.120381e+001
1.763351e+002	-1.282393e+001
1.763373e+002	-2.348763e+001
1.763913e+002	-3.186610e+001
1.765318e+002	-3.643583e+001
1.770352e+002	-2.500909e+001
1.777287e+002	-5.203180e+000
1.775062e+002	-2.576937e+001
1.774911e+002	-3.719471e+001
1.778562e+002	-3.186194e+001
1.778238e+002	-4.404918e+001
1.784828e+002	-2.576659e+001
1.787270e+002	-2.576590e+001
1.790921e+002	-2.043312e+001
1.793536e+002	-1.967055e+001
1.797533e+002	-1.281423e+001
1.797036e+002	-2.576313e+001
1.795329e+002	-4.404432e+001
1.801400e+002	-2.804695e+001
1.803324e+002	-3.033147e+001
1.810778e+002	-8.240345e+000
1.812009e+002	-1.357195e+001
1.808574e+002	-3.947021e+001
1.814127e+002	-2.575827e+001
1.812939e+002	-4.175403e+001
1.823158e+002	-7.475217e+000
1.824217e+002	-1.356849e+001
1.824930e+002	-2.118508e+001
1.824433e+002	-3.413398e+001
1.829986e+002	-2.042203e+001
1.828452e+002	-3.794112e+001
1.834696e+002	-2.118232e+001
1.841113e+002	-3.661615e+000
1.843209e+002	-5.184468e+000
1.840292e+002	-2.879751e+001
1.844290e+002	-2.194120e+001
1.852608e+002	3.958429e+000
1.852111e+002	-8.990224e+000
1.847985e+002	-3.793557e+001
1.854920e+002	-1.812989e+001
1.857189e+002	-1.889086e+001
1.854618e+002	-4.098060e+001
1.860689e+002	-2.498344e+001
1.864686e+002	-1.812712e+001
1.867128e+002	-1.812643e+001
1.866285e+002	-3.259864e+001
1.865616e+002	-4.630921e+001
1.869958e+002	-3.792934e+001
1.870671e+002	-4.554616e+001
1.878990e+002	-1.964628e+001
1.886789e+002	3.968134e+000
1.889922e+002	7.015921e+000
1.896685e+002	2.605995e+001
1.891694e+002	-6.693921e+000
1.889815e+002	-2.573679e+001
1.890182e+002	-3.487692e+001
1.892451e+002	-3.563789e+001
1.894719e+002	-3.639909e+001
1.895606e+002	-4.325379e+001
1.898393e+002	-4.172978e+001
1.909649e+002	-2.880540e+000
1.911745e+002	-4.403173e+000
1.912804e+002	-1.049645e+001
1.914900e+002	-1.201930e+001
1.915440e+002	-2.039778e+001
1.915462e+002	-3.106124e+001
1.915484e+002	-4.172492e+001
1.922246e+002	-2.268090e+001
1.924861e+002	-2.191833e+001
1.930413e+002	-8.206384e+000
1.926287e+002	-3.715173e+001
1.927173e+002	-4.400689e+001
1.931861e+002	-3.410348e+001
1.934821e+002	-3.181758e+001
1.942448e+002	-8.964574e+000
1.943680e+002	-1.429618e+001
1.939208e+002	-4.476508e+001
1.943205e+002	-3.790854e+001
1.948066e+002	-2.724370e+001
1.958285e+002	7.035330e+000
1.955888e+002	-1.429272e+001
1.956946e+002	-2.038599e+001
1.962499e+002	-6.673826e+000
1.961311e+002	-2.266981e+001
1.961506e+002	-3.257161e+001
1.968095e+002	-1.428926e+001
1.975376e+002	7.040188e+000
1.972114e+002	-1.809663e+001
1.976975e+002	-7.431551e+000
1.976824e+002	-1.885690e+001
1.974772e+002	-3.866142e+001
1.980843e+002	-2.266427e+001
1.983976e+002	-1.961648e+001
1.989010e+002	-8.189741e+000
1.989032e+002	-1.885343e+001
1.986980e+002	-3.865796e+001
1.989249e+002	-3.941892e+001
1.995665e+002	-2.189822e+001
2.005194e+002	9.333714e+000
2.003314e+002	-9.709131e+000
2.001780e+002	-2.722845e+001
2.005950e+002	-1.961024e+001
2.008046e+002	-2.113310e+001
2.014463e+002	-3.612394e+000
2.016904e+002	-3.611708e+000
2.012259e+002	-3.484226e+001
2.019713e+002	-1.275115e+001
2.021809e+002	-1.427401e+001
2.021312e+002	-2.722289e+001
2.019606e+002	-4.550387e+001
2.028443e+002	-1.731880e+001
2.033477e+002	-5.892054e+000
2.032461e+002	-2.112617e+001
2.030409e+002	-4.093068e+001
2.033196e+002	-3.940644e+001
2.036329e+002	-3.635887e+001
2.038425e+002	-3.788151e+001
2.046398e+002	-1.350541e+001
2.046938e+002	-2.188366e+001
2.045923e+002	-3.711777e+001
2.050611e+002	-2.721458e+001
2.054435e+002	-2.111993e+001
2.056013e+002	-2.492798e+001
2.059146e+002	-2.188020e+001
2.062279e+002	-1.883263e+001
2.065411e+002	-1.578507e+001
2.063186e+002	-3.635125e+001
2.069603e+002	-1.883056e+001
2.068242e+002	-3.558798e+001
2.074486e+002	-1.882917e+001
2.078311e+002	-1.273451e+001
2.082826e+002	-3.592984e+000
2.083367e+002	-1.197146e+001
2.081487e+002	-3.101410e+001
2.084966e+002	-2.644299e+001
2.088963e+002	-1.958667e+001
2.089503e+002	-2.796515e+001
2.092118e+002	-2.720280e+001
2.094386e+002	-2.796376e+001
2.096137e+002	-3.100994e+001
2.105146e+002	-2.063204e+000
2.104995e+002	-1.348877e+001
2.103807e+002	-2.948454e+001
2.104693e+002	-3.633947e+001
2.106962e+002	-3.710043e+001
2.106119e+002	-5.157266e+001
2.115993e+002	-1.881738e+001
2.121546e+002	-5.105447e+000
2.123123e+002	-8.913284e+000
2.124873e+002	-1.195968e+001
2.126796e+002	-1.424420e+001
2.129929e+002	-1.119641e+001
2.128395e+002	-2.871573e+001
2.130837e+002	-2.871503e+001
2.140019e+002	9.933584e-001
2.138658e+002	-1.576427e+001
2.135569e+002	-4.013921e+001
2.140430e+002	-2.947413e+001
2.139588e+002	-4.394659e+001
2.144622e+002	-3.251962e+001
2.152422e+002	-8.904963e+000
2.152098e+002	-2.109220e+001
2.154712e+002	-2.032984e+001
2.157845e+002	-1.728206e+001
2.159768e+002	-1.956658e+001
2.157889e+002	-3.860943e+001
2.163096e+002	-2.642080e+001
2.164673e+002	-3.022887e+001
2.165386e+002	-3.784547e+001
2.169384e+002	-3.098915e+001
2.170442e+002	-3.708242e+001
2.175995e+002	-2.337047e+001
2.179646e+002	-1.803770e+001
2.182088e+002	-1.803700e+001
2.178653e+002	-4.393548e+001
2.188873e+002	-9.656447e+000
2.190623e+002	-1.270263e+001
2.185286e+002	-4.698005e+001
2.192913e+002	-2.412728e+001
2.198639e+002	-9.653680e+000
2.192957e+002	-4.545465e+001
2.189176e+002	-7.287647e+001
2.200432e+002	-3.402723e+001
2.203393e+002	-3.174132e+001
2.205661e+002	-3.250229e+001
2.208103e+002	-3.250160e+001
2.215384e+002	-1.117215e+001
2.215233e+002	-2.259772e+001
2.215082e+002	-3.402307e+001
2.220807e+002	-1.954924e+001
2.224977e+002	-1.193126e+001
2.228629e+002	-6.598268e+000
2.230725e+002	-8.121122e+000
2.232129e+002	-1.269084e+001
2.235608e+002	-8.119727e+000
2.234765e+002	-2.259218e+001
2.233750e+002	-3.782606e+001
2.237229e+002	-3.325494e+001
2.243818e+002	-1.497259e+001
2.247643e+002	-8.877929e+000
2.248010e+002	-1.801829e+001
2.247859e+002	-2.944364e+001
2.253931e+002	-1.344649e+001
2.251533e+002	-3.477433e+001
2.259159e+002	-1.192155e+001
2.263329e+002	-4.303348e+000
2.261623e+002	-2.258455e+001
2.262509e+002	-2.943948e+001
2.270481e+002	-5.063153e+000
2.272404e+002	-7.347672e+000
2.268450e+002	-3.553114e+001
2.272793e+002	-2.715150e+001
2.281284e+002	-4.899672e-001
2.280096e+002	-1.648573e+001
2.282884e+002	-1.496150e+001
2.280485e+002	-3.628956e+001
2.286038e+002	-2.257761e+001
2.285887e+002	-3.400296e+001
2.285736e+002	-4.542832e+001
2.285239e+002	-5.837721e+001
2.292693e+002	-3.628610e+001
2.290641e+002	-5.609040e+001
2.300169e+002	-2.485867e+001
2.304685e+002	-1.571714e+001
2.304706e+002	-2.638060e+001
2.306457e+002	-2.942701e+001
2.316331e+002	3.328481e+000
2.312723e+002	-2.333165e+001
2.315855e+002	-2.028409e+001
2.313285e+002	-4.237359e+001
2.316936e+002	-3.704082e+001
2.314884e+002	-5.684512e+001
2.319572e+002	-4.694193e+001
2.322014e+002	-4.694124e+001
2.329641e+002	-2.408846e+001
2.331910e+002	-2.484965e+001
2.336771e+002	-1.418458e+001
2.336793e+002	-2.484827e+001
2.342345e+002	-1.113610e+001
2.341157e+002	-2.713209e+001
2.344290e+002	-2.408430e+001
2.345349e+002	-3.017757e+001
2.347099e+002	-3.322374e+001
2.354207e+002	-1.265619e+001
2.354921e+002	-2.027300e+001
2.355461e+002	-2.865126e+001
2.359631e+002	-2.103327e+001
