    nm         	pN
0.000000e+000	5.987835e+002
-1.509395e-002	5.873586e+002
4.353529e-003	5.774560e+002
-2.801680e-002	5.652698e+002
-6.039722e-002	5.530831e+002
-7.550124e-002	5.416578e+002
-5.604368e-002	5.317556e+002
-7.113764e-002	5.203308e+002
-1.207932e-001	5.073827e+002
-8.406049e-002	4.982419e+002
-3.005017e-002	4.898626e+002
-2.786899e-002	4.791991e+002
-7.752453e-002	4.662510e+002
-1.444564e-001	4.525416e+002
-1.250083e-001	4.426391e+002
-8.827503e-002	4.334983e+002
-1.724840e-001	4.190275e+002
-2.221395e-001	4.060794e+002
-2.199571e-001	3.954159e+002
-2.177752e-001	3.847525e+002
-1.983278e-001	3.748499e+002
-2.306981e-001	3.626636e+002
-2.976300e-001	3.489542e+002
-3.645619e-001	3.352448e+002
-4.142181e-001	3.222967e+002
-3.774848e-001	3.131559e+002
-3.925882e-001	3.017307e+002
-3.558549e-001	2.925899e+002
-3.363967e-001	2.826878e+002
-3.515014e-001	2.712625e+002
-3.320438e-001	2.613603e+002
-3.298620e-001	2.506968e+002
-3.622424e-001	2.385101e+002
-3.773357e-001	2.270853e+002
-4.442783e-001	2.133754e+002
-4.248208e-001	2.034733e+002
-3.708117e-001	1.950939e+002
-3.686299e-001	1.844304e+002
-3.146209e-001	1.760510e+002
-3.815522e-001	1.623416e+002
-4.830356e-001	1.471094e+002
-5.326917e-001	1.341614e+002
-5.650722e-001	1.219747e+002
-5.628897e-001	1.113112e+002
-6.125452e-001	9.836313e+001
-5.066982e-001	9.226828e+001
-5.045271e-001	8.160433e+001
-4.332417e-001	7.398630e+001
-5.174500e-001	5.951552e+001
-5.843819e-001	4.580610e+001
-6.167610e-001	3.361942e+001
-5.800284e-001	2.447865e+001
-5.432944e-001	1.533789e+001
-4.719989e-001	7.720299e+000
-6.598819e-001	-1.131957e+001
-6.749758e-001	-2.274444e+001
-7.246326e-001	-3.569249e+001
-6.533472e-001	-4.331051e+001
-5.647753e-001	-5.016673e+001
-6.144321e-001	-6.311478e+001
-6.295361e-001	-7.454009e+001
-6.273549e-001	-8.520359e+001
-6.770104e-001	-9.815165e+001
-6.575529e-001	-1.080538e+002
-6.726569e-001	-1.194791e+002
-6.186378e-001	-1.278580e+002
-6.855684e-001	-1.415675e+002
-7.352353e-001	-1.545160e+002
-8.194423e-001	-1.689867e+002
-8.690991e-001	-1.819348e+002
-8.323652e-001	-1.910756e+002
-7.092418e-001	-1.964090e+002
-6.725091e-001	-2.055498e+002
-7.740026e-001	-2.207824e+002
-7.890865e-001	-2.322068e+002
-7.178023e-001	-2.398249e+002
-7.156198e-001	-2.504884e+002
-6.788859e-001	-2.596291e+002
-5.212110e-001	-2.634399e+002
-4.672120e-001	-2.718197e+002
-5.341351e-001	-2.855287e+002
-6.529151e-001	-3.015231e+002
-4.088507e-001	-3.015266e+002
-5.276092e-001	-3.175201e+002
-5.254280e-001	-3.281836e+002
-2.468122e-001	-3.266643e+002
-1.927918e-001	-3.350432e+002
-1.906118e-001	-3.457067e+002
-3.293692e-002	-3.495175e+002
2.629440e-001	-3.472373e+002
1.614732e-001	-3.624690e+002
1.982059e-001	-3.716098e+002
4.249838e-001	-3.723750e+002
5.999452e-001	-3.754240e+002
1.120442e+000	-3.632447e+002
3.040436e+000	-2.893879e+002
3.871941e+000	-2.635021e+002
4.858936e+000	-2.307637e+002
6.640703e+000	-1.629987e+002
7.109373e+000	-1.531035e+002
7.681709e+000	-1.386397e+002
8.426824e+000	-1.165612e+002
8.463556e+000	-1.257020e+002
8.431177e+000	-1.378887e+002
8.623413e+000	-1.401762e+002
9.178473e+000	-1.264737e+002
9.716256e+000	-1.135326e+002
1.009854e+001	-1.074447e+002
1.041172e+001	-1.044022e+002
1.077672e+001	-9.907565e+001
1.091712e+001	-1.036478e+002
1.052191e+001	-1.318245e+002
1.054137e+001	-1.417266e+002
1.081999e+001	-1.402074e+002
1.056299e+001	-1.622932e+002
1.078979e+001	-1.630576e+002
1.150034e+001	-1.425023e+002
1.160619e+001	-1.485971e+002
1.176387e+001	-1.524079e+002
1.176605e+001	-1.630714e+002
1.194101e+001	-1.661203e+002
1.182223e+001	-1.821147e+002
1.203174e+001	-1.836409e+002
1.243130e+001	-1.767916e+002
1.260626e+001	-1.798406e+002
1.285032e+001	-1.798440e+002
1.324988e+001	-1.729947e+002
1.401228e+001	-1.501545e+002
1.441183e+001	-1.433052e+002
1.469046e+001	-1.417855e+002
1.505547e+001	-1.364589e+002
1.521314e+001	-1.402697e+002
1.575092e+001	-1.273285e+002
1.583948e+001	-1.341852e+002
1.563434e+001	-1.539860e+002
1.594750e+001	-1.509440e+002
1.596697e+001	-1.608457e+002
1.629743e+001	-1.570419e+002
1.640326e+001	-1.631371e+002
1.668188e+001	-1.616179e+002
1.671861e+001	-1.707586e+002
1.668624e+001	-1.829449e+002
1.693030e+001	-1.829483e+002
1.700159e+001	-1.905664e+002
1.710743e+001	-1.966617e+002
1.736878e+001	-1.959033e+002
1.730183e+001	-2.096132e+002
1.714852e+001	-2.271294e+002
1.777270e+001	-2.103810e+002
1.815497e+001	-2.042935e+002
1.805349e+001	-2.195252e+002
1.791745e+001	-2.362806e+002
1.821335e+001	-2.339995e+002
1.806002e+001	-2.515166e+002
1.828680e+001	-2.522819e+002
1.856543e+001	-2.507617e+002
1.844665e+001	-2.667561e+002
1.869072e+001	-2.667596e+002
1.883113e+001	-2.713313e+002
1.871237e+001	-2.873248e+002
1.876637e+001	-2.957046e+002
1.902772e+001	-2.949463e+002
1.901261e+001	-3.063716e+002
1.887657e+001	-3.231269e+002
1.953529e+001	-3.048558e+002
1.939925e+001	-3.216111e+002
1.938414e+001	-3.330364e+002
1.964549e+001	-3.322781e+002
1.978590e+001	-3.368497e+002
1.982263e+001	-3.459905e+002
2.058501e+001	-3.231512e+002
2.165840e+001	-2.866054e+002
2.195430e+001	-2.843243e+002
2.211198e+001	-2.881350e+002
2.247698e+001	-2.828085e+002
2.346398e+001	-2.500700e+002
2.334522e+001	-2.660636e+002
2.331285e+001	-2.782498e+002
2.359146e+001	-2.767305e+002
2.357636e+001	-2.881558e+002
2.350942e+001	-3.018657e+002
2.358072e+001	-3.094828e+002
2.370385e+001	-3.148163e+002
2.341229e+001	-3.384253e+002
2.386368e+001	-3.292914e+002
2.388315e+001	-3.391931e+002
2.428271e+001	-3.323438e+002
2.406027e+001	-3.529065e+002
2.414884e+001	-3.597627e+002
2.425468e+001	-3.658580e+002
2.430870e+001	-3.742369e+002
2.508837e+001	-3.506357e+002
2.754396e+001	-2.531743e+002
2.782258e+001	-2.516551e+002
2.851585e+001	-2.318612e+002
2.991751e+001	-1.808481e+002
3.080086e+001	-1.526778e+002
3.149414e+001	-1.328835e+002
3.121988e+001	-1.557302e+002
3.161944e+001	-1.488809e+002
3.220904e+001	-1.336557e+002
3.262589e+001	-1.260446e+002
3.318095e+001	-1.123421e+002
3.349412e+001	-1.092996e+002
3.444657e+001	-7.808389e+001
3.494979e+001	-6.666593e+001
3.515931e+001	-6.819213e+001
3.512692e+001	-8.037881e+001
3.540555e+001	-7.885909e+001
3.556323e+001	-8.266984e+001
3.540990e+001	-1.001865e+002
3.584402e+001	-9.181407e+001
3.548337e+001	-1.184681e+002
3.619392e+001	-9.791282e+001
3.590239e+001	-1.215209e+002
3.656111e+001	-1.032498e+002
3.696068e+001	-9.640002e+001
3.680736e+001	-1.139167e+002
3.741424e+001	-9.793012e+001
3.719182e+001	-1.184923e+002
3.760865e+001	-1.108816e+002
3.748989e+001	-1.268751e+002
3.766484e+001	-1.299245e+002
3.808168e+001	-1.223134e+002
3.780742e+001	-1.451601e+002
3.801692e+001	-1.466868e+002
3.805367e+001	-1.558271e+002
3.819406e+001	-1.603997e+002
3.802346e+001	-1.786777e+002
3.845759e+001	-1.703048e+002
3.878804e+001	-1.665010e+002
3.913576e+001	-1.619362e+002
3.927617e+001	-1.665079e+002
3.912284e+001	-1.840251e+002
3.891769e+001	-2.038258e+002
3.929998e+001	-1.977375e+002
3.923304e+001	-2.114473e+002
3.952894e+001	-2.091663e+002
3.972117e+001	-2.114543e+002
3.968880e+001	-2.236405e+002
3.984647e+001	-2.274513e+002
3.986592e+001	-2.373538e+002
3.993721e+001	-2.449718e+002
4.018127e+001	-2.449753e+002
4.040807e+001	-2.457397e+002
4.039296e+001	-2.571650e+002
4.072341e+001	-2.533612e+002
4.032820e+001	-2.815384e+002
4.071049e+001	-2.754500e+002
4.078178e+001	-2.830680e+002
4.080123e+001	-2.929706e+002
4.121807e+001	-2.853595e+002
4.130664e+001	-2.922157e+002
4.129154e+001	-3.036410e+002
4.143195e+001	-3.082127e+002
4.141684e+001	-3.196380e+002
4.162635e+001	-3.211642e+002
4.174948e+001	-3.264977e+002
4.202809e+001	-3.249784e+002
4.223761e+001	-3.265046e+002
4.280994e+001	-3.120408e+002
4.650952e+001	-1.597555e+002
4.798029e+001	-1.056965e+002
4.841441e+001	-9.732404e+001
4.881397e+001	-9.047473e+001
4.914442e+001	-8.667092e+001
4.947487e+001	-8.286710e+001
4.928699e+001	-1.019070e+002
4.979022e+001	-9.048857e+001
5.001701e+001	-9.125340e+001
5.003647e+001	-1.011555e+002
5.000409e+001	-1.133422e+002
5.021360e+001	-1.148684e+002
5.083776e+001	-9.812045e+001
5.073628e+001	-1.133526e+002
5.082484e+001	-1.202093e+002
5.094796e+001	-1.255428e+002
5.079464e+001	-1.430594e+002
5.098688e+001	-1.453470e+002
5.150739e+001	-1.331672e+002
5.154412e+001	-1.423080e+002
5.132167e+001	-1.628711e+002
5.208408e+001	-1.400308e+002
5.227631e+001	-1.423184e+002
5.205386e+001	-1.628815e+002
5.196966e+001	-1.773522e+002
5.243834e+001	-1.674566e+002
5.247507e+001	-1.765973e+002
5.277097e+001	-1.743163e+002
5.317053e+001	-1.674670e+002
5.343188e+001	-1.667086e+002
5.358956e+001	-1.705194e+002
5.378178e+001	-1.728074e+002
5.336930e+001	-2.017455e+002
5.382070e+001	-1.926116e+002
5.439303e+001	-1.781478e+002
5.461981e+001	-1.789130e+002
5.552043e+001	-1.499814e+002
5.581632e+001	-1.477008e+002
5.562845e+001	-1.667398e+002
5.550968e+001	-1.827342e+002
5.558096e+001	-1.903522e+002
5.591141e+001	-1.865484e+002
5.598270e+001	-1.941664e+002
5.584668e+001	-2.109209e+002
5.591796e+001	-2.185389e+002
5.626568e+001	-2.139741e+002
5.638880e+001	-2.193076e+002
5.699569e+001	-2.033210e+002
5.680783e+001	-2.223600e+002
5.674088e+001	-2.360699e+002
5.663941e+001	-2.513016e+002
5.731540e+001	-2.322695e+002
5.759402e+001	-2.307502e+002
5.764804e+001	-2.391292e+002
5.775387e+001	-2.452245e+002
5.782516e+001	-2.528425e+002
5.819019e+001	-2.475151e+002
5.805414e+001	-2.642704e+002
5.841914e+001	-2.589438e+002
5.892237e+001	-2.475254e+002
5.883815e+001	-2.619971e+002
5.880578e+001	-2.741834e+002
5.901529e+001	-2.757095e+002
5.889653e+001	-2.917031e+002
5.893326e+001	-3.008438e+002
5.928098e+001	-2.962791e+002
5.921406e+001	-3.099881e+002
5.930261e+001	-3.168452e+002
5.968490e+001	-3.107568e+002
5.989442e+001	-3.122830e+002
5.956833e+001	-3.374138e+002
6.007154e+001	-3.259963e+002
5.965906e+001	-3.549344e+002
6.016229e+001	-3.435160e+002
6.057913e+001	-3.359049e+002
6.049493e+001	-3.503757e+002
6.035888e+001	-3.671310e+002
6.044743e+001	-3.739881e+002
6.077789e+001	-3.701843e+002
6.074551e+001	-3.823706e+002
6.074769e+001	-3.930340e+002
6.068075e+001	-4.067439e+002
6.097666e+001	-4.044628e+002
6.154900e+001	-3.899990e+002
6.149934e+001	-4.029470e+002
6.146696e+001	-4.151332e+002
6.146915e+001	-4.257967e+002
6.164409e+001	-4.288466e+002
6.128344e+001	-4.555002e+002
6.164845e+001	-4.501736e+002
6.161608e+001	-4.623598e+002
6.180831e+001	-4.646478e+002
6.205237e+001	-4.646513e+002
6.210637e+001	-4.730311e+002
6.212584e+001	-4.829329e+002
6.226623e+001	-4.875054e+002
6.242390e+001	-4.913161e+002
6.246064e+001	-5.004569e+002
6.246282e+001	-5.111204e+002
6.253411e+001	-5.187384e+002
6.258812e+001	-5.271173e+002
6.262486e+001	-5.362581e+002
6.283437e+001	-5.377844e+002
6.439151e+001	-4.799185e+002
7.294610e+001	-1.136675e+002
7.540169e+001	-1.620610e+001
7.555937e+001	-2.001684e+001
7.580343e+001	-2.002030e+001
7.575377e+001	-3.296835e+001
7.682716e+001	3.577399e+000
7.641469e+001	-2.536070e+001
7.681424e+001	-1.851141e+001
7.719652e+001	-1.242348e+001
7.725054e+001	-2.080244e+001
7.771921e+001	-1.090722e+001
7.841249e+001	8.886657e+000
7.879478e+001	1.497503e+001
7.924617e+001	2.410887e+001
7.885096e+001	-4.068307e+000
7.914687e+001	-1.787218e+000
7.937365e+001	-2.552044e+000
7.901300e+001	-2.920605e+001
7.934345e+001	-2.540223e+001
7.948385e+001	-2.997434e+001
8.010802e+001	-1.322637e+001
8.017931e+001	-2.084396e+001
8.061342e+001	-1.247192e+001
8.030460e+001	-3.684138e+001
8.104972e+001	-1.476295e+001
8.163933e+001	4.622710e-001
8.146873e+001	-1.781579e+001
8.169552e+001	-1.858062e+001
8.202598e+001	-1.477679e+001
8.218365e+001	-1.858754e+001
8.294604e+001	4.252256e+000
8.308643e+001	-3.198496e-001
8.303678e+001	-1.326790e+001
8.319446e+001	-1.707864e+001
8.347308e+001	-1.555893e+001
8.342342e+001	-2.850697e+001
8.387482e+001	-1.937313e+001
8.404977e+001	-2.242251e+001
8.444934e+001	-1.557277e+001
8.477979e+001	-1.176894e+001
8.505840e+001	-1.024967e+001
8.535430e+001	-7.969019e+000
8.606486e+001	1.258666e+001
8.561782e+001	-1.787461e+001
8.560272e+001	-2.929949e+001
8.598501e+001	-2.321156e+001
8.581441e+001	-4.148962e+001
8.642131e+001	-2.550259e+001
8.642348e+001	-3.616654e+001
8.697854e+001	-2.246404e+001
8.710166e+001	-2.779752e+001
8.736300e+001	-2.703961e+001
8.746885e+001	-3.313446e+001
8.745374e+001	-4.455977e+001
8.809519e+001	-2.704999e+001
8.818376e+001	-3.390620e+001
8.877338e+001	-1.868097e+001
8.848184e+001	-4.228906e+001
8.872590e+001	-4.229253e+001
8.929824e+001	-2.782865e+001
8.976691e+001	-1.793345e+001
9.016647e+001	-1.108371e+001
9.039326e+001	-1.184853e+001
9.013628e+001	-3.393389e+001
9.022484e+001	-4.079054e+001
9.090084e+001	-2.175803e+001
9.038470e+001	-5.526480e+001
9.085336e+001	-4.536959e+001
9.182308e+001	-1.339248e+001
9.237814e+001	3.100054e-001
9.244944e+001	-7.307563e+000
9.274533e+001	-5.026926e+000
9.267840e+001	-1.873634e+001
9.259419e+001	-3.320712e+001
9.311470e+001	-2.102737e+001
9.358337e+001	-1.113216e+001
9.382743e+001	-1.113561e+001
9.443432e+001	4.850974e+000
9.440195e+001	-7.335247e+000
9.455962e+001	-1.114600e+001
9.475185e+001	-1.343401e+001
9.501319e+001	-1.267610e+001
9.508449e+001	-2.029369e+001
9.531127e+001	-2.105851e+001
9.603910e+001	2.580995e-001
9.597217e+001	-1.345131e+001
9.626807e+001	-1.117022e+001
9.644302e+001	-1.421960e+001
9.634154e+001	-2.945175e+001
9.646466e+001	-3.478523e+001
9.710610e+001	-1.727590e+001
9.745383e+001	-1.271071e+001
9.738689e+001	-2.642012e+001
9.778647e+001	-1.957038e+001
9.759859e+001	-3.860982e+001
9.824004e+001	-2.110004e+001
9.862232e+001	-1.501211e+001
9.905644e+001	-6.639633e+000
9.890312e+001	-2.415633e+001
9.928540e+001	-1.806841e+001
9.890747e+001	-4.548378e+001
9.934159e+001	-3.711131e+001
9.994849e+001	-2.112426e+001
1.001234e+002	-2.417364e+001
9.976279e+001	-5.082764e+001
9.990319e+001	-5.539975e+001
1.004410e+002	-4.245863e+001
1.012206e+002	-1.885746e+001
1.017239e+002	-7.439071e+000
1.017260e+002	-1.810301e+001
1.015900e+002	-3.485790e+001
1.017477e+002	-3.866865e+001
1.023373e+002	-2.344342e+001
1.031342e+002	9.195559e-001
1.034474e+002	3.961567e+000
1.034669e+002	-5.940554e+000
1.039701e+002	5.477830e+000
1.041278e+002	1.667076e+000
1.039399e+002	-1.737279e+001
1.038902e+002	-3.032039e+001
1.039270e+002	-3.946116e+001
1.049831e+002	-3.676771e+000
1.048125e+002	-2.195529e+001
1.045209e+002	-4.556337e+001
1.055425e+002	-1.130172e+001
1.055274e+002	-2.272703e+001
1.056160e+002	-2.958325e+001
1.064129e+002	-5.220719e+000
1.067434e+002	-1.416892e+000
1.066419e+002	-1.664904e+001
1.062640e+002	-4.406441e+001
1.067499e+002	-3.340783e+001
1.074432e+002	-1.361396e+001
1.079119e+002	-3.718297e+000
1.083114e+002	3.130992e+000
1.081926e+002	-1.286296e+001
1.087823e+002	2.362703e+000
1.085253e+002	-1.972264e+001
1.085447e+002	-2.962477e+001
1.088579e+002	-2.658276e+001
1.089810e+002	-3.191624e+001
1.090178e+002	-4.105701e+001
1.093828e+002	-3.573045e+001
1.099033e+002	-2.355069e+001
1.097500e+002	-4.106739e+001
1.097521e+002	-5.173090e+001
1.102381e+002	-4.107432e+001
1.103612e+002	-4.640780e+001
1.108644e+002	-3.498940e+001
1.114022e+002	-2.204872e+001
1.114044e+002	-3.271222e+001
1.120113e+002	-1.672518e+001
1.125491e+002	-3.784046e+000
1.121539e+002	-3.196123e+001
1.121388e+002	-4.338610e+001
1.128493e+002	-2.283085e+001
1.131625e+002	-1.978839e+001
1.130783e+002	-3.425918e+001
1.130459e+002	-4.644586e+001
1.136355e+002	-3.122063e+001
1.137068e+002	-3.883821e+001
1.143137e+002	-2.285161e+001
1.147651e+002	-1.371777e+001
1.150092e+002	-1.372123e+001
1.151841e+002	-1.677016e+001
1.156701e+002	-6.113578e+000
1.159141e+002	-6.117041e+000
1.156917e+002	-2.667966e+001
1.156766e+002	-3.810453e+001
1.161453e+002	-2.820931e+001
1.166658e+002	-1.602955e+001
1.172036e+002	-3.088431e+000
1.174131e+002	-4.615074e+000
1.176399e+002	-5.379900e+000
1.170028e+002	-4.421668e+001
1.174196e+002	-3.660601e+001
1.177501e+002	-3.280220e+001
1.179768e+002	-3.356702e+001
1.186183e+002	-1.605724e+001
1.189660e+002	-1.149205e+001
1.188818e+002	-2.596283e+001
1.194023e+002	-1.378352e+001
1.196637e+002	-1.302562e+001
1.199077e+002	-1.302907e+001
1.198753e+002	-2.521531e+001
1.207241e+002	1.431768e+000
1.208472e+002	-3.901700e+000
1.210049e+002	-7.712454e+000
1.211280e+002	-1.304637e+001
1.208365e+002	-3.665447e+001
1.214434e+002	-2.066742e+001
1.217393e+002	-1.838678e+001
1.221216e+002	-1.229840e+001
1.226421e+002	-1.190835e-001
1.228861e+002	-1.225470e-001
1.231302e+002	-1.260105e-001
1.233397e+002	-1.652211e+000
1.234283e+002	-8.508870e+000
1.232750e+002	-2.602513e+001
1.237264e+002	-1.689128e+001
1.234003e+002	-4.202255e+001
1.237653e+002	-3.669599e+001
1.241303e+002	-3.136943e+001
1.247890e+002	-1.309828e+001
1.248257e+002	-2.223905e+001
1.249143e+002	-2.909527e+001
1.258149e+002	-1.640740e-001
1.255752e+002	-2.148761e+001
1.258366e+002	-2.072971e+001
1.262016e+002	-1.540315e+001
1.264974e+002	-1.312250e+001
1.265169e+002	-2.302463e+001
1.270201e+002	-1.160625e+001
1.274197e+002	-4.756949e+000
1.274737e+002	-1.313634e+001
1.270267e+002	-4.359719e+001
1.281519e+002	-4.767339e+000
1.287415e+002	1.045834e+001
1.287610e+002	5.562035e-001
1.284349e+002	-2.457506e+001
1.288171e+002	-1.848713e+001
1.283355e+002	-5.047116e+001
1.292880e+002	-1.925542e+001
1.295666e+002	-1.773615e+001
1.293269e+002	-3.905969e+001
1.305731e+002	5.100624e+000
1.304370e+002	-1.165469e+001
1.299382e+002	-4.440009e+001
1.300094e+002	-5.201811e+001
1.311692e+002	-1.166507e+001
1.316724e+002	-2.471279e-001
1.314155e+002	-2.233248e+001
1.319187e+002	-1.091409e+001
1.318345e+002	-2.538487e+001
1.315602e+002	-4.823159e+001
1.321326e+002	-3.376773e+001
1.321693e+002	-4.290850e+001
1.330181e+002	-1.626141e+001
1.329857e+002	-2.844810e+001
1.331261e+002	-3.302021e+001
1.335775e+002	-2.388637e+001
1.340980e+002	-1.170660e+001
1.340829e+002	-2.313192e+001
1.346034e+002	-1.095215e+001
1.343637e+002	-3.227614e+001
1.344523e+002	-3.913236e+001
1.350419e+002	-2.390713e+001
1.351477e+002	-3.000198e+001
1.357892e+002	-1.249219e+001
1.359987e+002	-1.401884e+001
1.358972e+002	-2.925099e+001
1.358821e+002	-4.067630e+001
1.360570e+002	-4.372524e+001
1.364393e+002	-3.763731e+001
1.372363e+002	-1.327477e+001
1.373767e+002	-1.784688e+001
1.378281e+002	-8.713042e+000
1.384522e+002	8.035360e+000
1.384198e+002	-4.150862e+000
1.383702e+002	-1.709891e+001
1.387870e+002	-9.488246e+000
1.384091e+002	-3.690362e+001
1.393270e+002	-7.210620e+000
1.390354e+002	-3.081871e+001
1.381392e+002	-8.107779e+001
1.386770e+002	-6.813666e+001
1.398886e+002	-2.549908e+001
1.405300e+002	-7.989289e+000
1.409987e+002	1.905906e+000
1.410873e+002	-4.950741e+000
1.409167e+002	-2.322881e+001
1.406943e+002	-4.379098e+001
1.413530e+002	-2.551983e+001
1.421499e+002	-1.157305e+000
1.420830e+002	-1.486672e+001
1.427936e+002	5.688964e+000
1.426921e+002	-9.543616e+000
1.423314e+002	-3.619762e+001
1.428001e+002	-2.630197e+001
1.429578e+002	-3.011271e+001
1.435646e+002	-1.412611e+001
1.435323e+002	-2.631234e+001
1.436381e+002	-3.240764e+001
1.441932e+002	-1.870514e+001
1.444718e+002	-1.718543e+001
1.444221e+002	-3.013348e+001
1.448044e+002	-2.404555e+001
1.449103e+002	-3.014039e+001
1.447742e+002	-4.689573e+001
1.452602e+002	-3.623915e+001
1.464545e+002	5.637058e+000
1.465603e+002	-4.582263e-001
1.468390e+002	1.061489e+000
1.470830e+002	1.058026e+000
1.471543e+002	-6.559996e+000
1.472083e+002	-1.493939e+001
1.472623e+002	-2.331879e+001
1.479902e+002	-2.001721e+000
1.475604e+002	-3.170165e+001
1.479772e+002	-2.409054e+001
1.487224e+002	-2.012100e+000
1.486900e+002	-1.419879e+001
1.485540e+002	-3.095367e+001
1.491781e+002	-1.420570e+001
1.491803e+002	-2.486921e+001
1.489060e+002	-4.771593e+001
1.490464e+002	-5.228805e+001
1.500680e+002	-1.802684e+001
1.503984e+002	-1.422301e+001
1.509881e+002	1.002656e+000
1.509211e+002	-1.270674e+001
1.510961e+002	-1.575612e+001
1.509773e+002	-3.175009e+001
1.512214e+002	-3.175355e+001
1.517592e+002	-1.881242e+001
1.517268e+002	-3.099866e+001
1.523164e+002	-1.577343e+001
1.526296e+002	-1.273098e+001
1.523553e+002	-3.557770e+001
1.525303e+002	-3.862707e+001
1.529644e+002	-3.025459e+001
1.532257e+002	-2.949668e+001
1.536771e+002	-2.036284e+001
1.537484e+002	-2.798087e+001
1.536987e+002	-4.092892e+001
1.547203e+002	-6.667271e+000
1.545151e+002	-2.646807e+001
1.554503e+002	3.985835e+000
1.553834e+002	-9.723566e+000
1.558002e+002	-2.112460e+000
1.551804e+002	-4.018788e+001
1.550616e+002	-5.618184e+001
1.554266e+002	-5.085528e+001
1.557053e+002	-4.933556e+001
1.564504e+002	-2.725757e+001
1.566944e+002	-2.726103e+001
1.571113e+002	-1.964992e+001
1.568025e+002	-4.401937e+001
1.578413e+002	-8.996803e+000
1.578435e+002	-1.966030e+001
1.575174e+002	-4.479113e+001
1.581415e+002	-2.804316e+001
1.585411e+002	-2.119343e+001
1.590616e+002	-9.014109e+000
1.596167e+002	4.688818e+000
1.589623e+002	-3.490977e+001
1.593791e+002	-2.729910e+001
1.595023e+002	-3.263258e+001
1.602819e+002	-9.031403e+000
1.606988e+002	-1.420297e+000
1.603554e+002	-2.731294e+001
1.604613e+002	-3.340779e+001
1.609299e+002	-2.351258e+001
1.612258e+002	-2.123149e+001
1.615217e+002	-1.895084e+001
1.619904e+002	-9.055636e+000
1.623554e+002	-3.728630e+000
1.625131e+002	-7.539372e+000
1.630681e+002	6.163113e+000
1.629148e+002	-1.135358e+001
1.632625e+002	-6.788388e+000
1.632647e+002	-1.745188e+001
1.630768e+002	-3.649176e+001
1.637701e+002	-1.669744e+001
1.636168e+002	-3.421414e+001
1.637918e+002	-3.726352e+001
1.643468e+002	-2.356102e+001
1.645736e+002	-2.432585e+001
1.646449e+002	-3.194388e+001
1.643534e+002	-5.555198e+001
1.654267e+002	-1.900621e+001
1.657745e+002	-1.444102e+001
1.661049e+002	-1.063719e+001
1.662972e+002	-1.292476e+001
1.663166e+002	-2.282734e+001
1.664743e+002	-2.663765e+001
1.667011e+002	-2.740291e+001
1.671525e+002	-1.826907e+001
1.672756e+002	-2.360255e+001
1.679516e+002	-4.569583e+000
1.678847e+002	-1.827945e+001
1.683360e+002	-9.145605e+000
1.684592e+002	-1.447908e+001
1.686341e+002	-1.752802e+001
1.687745e+002	-2.210013e+001
1.692605e+002	-1.144355e+001
1.691417e+002	-2.743751e+001
1.692303e+002	-3.429373e+001
1.695435e+002	-3.125128e+001
1.701503e+002	-1.526468e+001
1.700834e+002	-2.897409e+001
1.703275e+002	-2.897756e+001
1.708998e+002	-1.451370e+001
1.709365e+002	-2.365446e+001
1.714743e+002	-1.071333e+001
1.714247e+002	-2.366138e+001
1.721871e+002	-8.215786e-001
1.721029e+002	-1.529236e+001
1.716904e+002	-4.423047e+001
1.722282e+002	-3.128934e+001
1.724549e+002	-3.205462e+001
1.722325e+002	-5.261679e+001
1.730122e+002	-2.901562e+001
1.735500e+002	-1.607450e+001
1.734830e+002	-2.978391e+001
1.738308e+002	-2.521872e+001
1.742649e+002	-1.684624e+001
1.742325e+002	-2.903293e+001
1.749431e+002	-8.477234e+000
1.746515e+002	-3.208576e+001
1.749647e+002	-2.904330e+001
1.751915e+002	-2.980813e+001
1.751418e+002	-4.275618e+001
1.757487e+002	-2.676914e+001
1.760101e+002	-2.601123e+001
1.765305e+002	-1.383191e+001
1.764636e+002	-2.754134e+001
1.764658e+002	-3.820483e+001
1.763470e+002	-5.419880e+001
1.767293e+002	-4.811043e+001
1.773708e+002	-3.060065e+001
1.779604e+002	-1.537542e+001
1.778934e+002	-2.908483e+001
1.778956e+002	-3.974834e+001
1.786061e+002	-1.919308e+001
1.783664e+002	-4.051663e+001
1.783513e+002	-5.194194e+001
1.797184e+002	-2.451591e+000
1.795824e+002	-1.920692e+001
1.797401e+002	-2.301767e+001
1.798632e+002	-2.835115e+001
1.800036e+002	-3.292326e+001
1.800058e+002	-4.358677e+001
1.800252e+002	-5.348890e+001
1.810295e+002	-1.998905e+001
1.810489e+002	-2.989118e+001
1.814485e+002	-2.304189e+001
1.813643e+002	-3.751268e+001
1.821958e+002	-1.162696e+001
1.820770e+002	-2.762093e+001
1.823038e+002	-2.838575e+001
1.823232e+002	-3.828789e+001
1.831720e+002	-1.164080e+001
1.836061e+002	-3.268323e+000
1.835392e+002	-1.697775e+001
1.838869e+002	-1.241254e+001
1.836990e+002	-3.145198e+001
1.837185e+002	-4.135456e+001
1.842563e+002	-2.841344e+001
1.847940e+002	-1.547230e+001
1.849517e+002	-1.928306e+001
1.854204e+002	-9.387840e+000
1.852671e+002	-2.690410e+001
1.852865e+002	-3.680668e+001
1.856861e+002	-2.995693e+001
1.855155e+002	-4.823501e+001
1.861569e+002	-3.072522e+001
1.866947e+002	-1.778410e+001
1.871115e+002	-1.017344e+001
1.874765e+002	-4.846430e+000
1.872714e+002	-2.464767e+001
1.876364e+002	-1.932112e+001
1.880014e+002	-1.399456e+001
1.878308e+002	-3.227263e+001
1.881267e+002	-2.999154e+001
1.885435e+002	-2.238044e+001
1.887530e+002	-2.390707e+001
1.892562e+002	-1.248868e+001
1.889301e+002	-3.761996e+001
1.890878e+002	-4.143070e+001
1.893319e+002	-4.143416e+001
1.903189e+002	-8.695236e+000
1.901656e+002	-2.621194e+001
1.903923e+002	-2.697676e+001
1.912584e+002	4.316691e-001
1.912951e+002	-8.709078e+000
1.918502e+002	4.993407e+000
1.921633e+002	8.035418e+000
1.919927e+002	-1.024265e+001
1.924441e+002	-1.108804e+000
1.929474e+002	1.030958e+001
1.931914e+002	1.030612e+001
1.929863e+002	-9.495115e+000
1.935932e+002	6.491912e+000
1.939409e+002	1.105711e+001
1.939776e+002	1.916343e+000
1.939452e+002	-1.027033e+001
1.945867e+002	7.239443e+000
1.944506e+002	-9.515885e+000
1.946083e+002	-1.332619e+001
1.946450e+002	-2.246694e+001
1.943016e+002	-4.835958e+001
1.950468e+002	-2.628115e+001
1.953599e+002	-2.323914e+001
1.958459e+002	-1.258212e+001
1.960036e+002	-1.639286e+001
1.967314e+002	4.924196e+000
1.968891e+002	1.113453e+000
1.965630e+002	-2.401781e+001
1.969107e+002	-1.945262e+001
1.974312e+002	-7.272858e+000
1.975543e+002	-1.260634e+001
1.971245e+002	-4.230626e+001
1.973513e+002	-4.307109e+001
1.976299e+002	-4.155181e+001
1.980468e+002	-3.394071e+001
1.987746e+002	-1.262364e+001
1.993988e+002	4.124757e+000
1.995737e+002	1.075390e+000
1.991785e+002	-2.710135e+001
1.994917e+002	-2.405933e+001
1.999258e+002	-1.568685e+001
2.000489e+002	-2.102035e+001
2.004485e+002	-1.417104e+001
2.007271e+002	-1.265133e+001
2.011094e+002	-6.563401e+000
2.008524e+002	-2.864874e+001
2.011828e+002	-2.484493e+001
2.011850e+002	-3.550843e+001
2.014291e+002	-3.551189e+001
2.021742e+002	-1.343346e+001
2.026601e+002	-2.776880e+000
2.027660e+002	-8.871723e+000
2.023189e+002	-3.933301e+001
2.027703e+002	-3.019917e+001
2.030835e+002	-2.715671e+001
2.030166e+002	-4.086613e+001
2.033988e+002	-3.477820e+001
2.035047e+002	-4.087305e+001
2.043534e+002	-1.422641e+001
2.043729e+002	-2.412855e+001
2.049279e+002	-1.042605e+001
2.051893e+002	-9.668139e+000
2.050187e+002	-2.794621e+001
2.050900e+002	-3.556379e+001
2.052131e+002	-4.089728e+001
2.054053e+002	-4.318528e+001
2.059604e+002	-2.948278e+001
2.063945e+002	-2.111031e+001
2.064312e+002	-3.025107e+001
2.063643e+002	-4.396050e+001
2.073858e+002	-9.699287e+000
2.078545e+002	1.963611e-001
2.081504e+002	2.476998e+000
2.081871e+002	-6.663749e+000
2.079647e+002	-2.722593e+001
2.082088e+002	-2.722939e+001
2.084874e+002	-2.571010e+001
2.090770e+002	-1.048488e+001
2.088546e+002	-3.104705e+001
2.092887e+002	-2.267458e+001
2.094982e+002	-2.420121e+001
2.098977e+002	-1.735148e+001
2.106083e+002	3.203760e+000
2.110770e+002	1.309942e+001
2.108373e+002	-8.224550e+000
2.108567e+002	-1.812668e+001
2.108935e+002	-2.726745e+001
2.113621e+002	-1.737224e+001
2.117271e+002	-1.204568e+001
2.120749e+002	-7.480482e+000
2.120770e+002	-1.814399e+001
2.120447e+002	-3.033067e+001
2.123751e+002	-2.652685e+001
2.124637e+002	-3.338351e+001
2.125522e+002	-4.023972e+001
2.131246e+002	-2.577586e+001
2.132995e+002	-2.882523e+001
2.134399e+002	-3.339735e+001
2.144787e+002	1.625666e+000
2.145846e+002	-4.469177e+000
2.142585e+002	-2.960045e+001
2.142952e+002	-3.874121e+001
2.145738e+002	-3.722193e+001
2.150080e+002	-2.884945e+001
2.155803e+002	-1.438559e+001
2.161008e+002	-2.205834e+000
2.163448e+002	-2.209298e+000
2.164334e+002	-9.065515e+000
2.166084e+002	-1.211488e+001
2.170425e+002	-3.742414e+000
2.173557e+002	-6.999615e-001
2.173578e+002	-1.136390e+001
2.173773e+002	-2.126603e+001
2.175177e+002	-2.583815e+001
2.176408e+002	-3.117163e+001
2.177639e+002	-3.650511e+001
2.182844e+002	-2.432579e+001
2.184421e+002	-2.813653e+001
2.182888e+002	-4.565279e+001
2.189475e+002	-2.738164e+001
2.189842e+002	-3.652241e+001
2.193838e+002	-2.967311e+001
2.199043e+002	-1.749335e+001
2.207012e+002	6.869165e+000
2.203579e+002	-1.902346e+001
2.205501e+002	-2.131102e+001
2.207078e+002	-2.512176e+001
2.213838e+002	-6.089252e+000
2.215415e+002	-9.899995e+000
2.215263e+002	-2.132487e+001
2.217531e+002	-2.208969e+001
2.217553e+002	-3.275364e+001
2.222067e+002	-2.361980e+001
2.225026e+002	-2.133871e+001
2.227985e+002	-1.905806e+001
2.227661e+002	-3.124430e+001
2.236322e+002	-3.835847e+000
2.235652e+002	-1.754526e+001
2.239821e+002	-9.934595e+000
2.240706e+002	-1.679081e+001
2.242110e+002	-2.136293e+001
2.241268e+002	-3.583371e+001
2.250274e+002	-6.902521e+000
2.252369e+002	-8.428721e+000
2.247208e+002	-4.193593e+001
2.251031e+002	-3.584756e+001
2.258309e+002	-1.453093e+001
2.261095e+002	-1.301122e+001
2.254552e+002	-5.260981e+001
2.265285e+002	-1.606405e+001
2.271527e+002	6.843525e-001
2.272067e+002	-7.695043e+000
2.270707e+002	-2.445037e+001
2.272456e+002	-2.749931e+001
2.275242e+002	-2.598002e+001
2.277683e+002	-2.598349e+001
2.280988e+002	-2.217966e+001
2.286884e+002	-6.954438e+000
2.285869e+002	-2.218659e+001
2.286582e+002	-2.980462e+001
2.292132e+002	-1.610212e+001
2.293536e+002	-2.067423e+001
2.296322e+002	-1.915496e+001
2.299800e+002	-1.458977e+001
2.306387e+002	3.681815e+000
2.304508e+002	-1.535806e+001
2.305566e+002	-2.145290e+001
2.308525e+002	-1.917226e+001
2.309929e+002	-2.374437e+001
2.314962e+002	-1.232598e+001
2.320512e+002	1.376504e+000
2.314660e+002	-3.517616e+001
2.317273e+002	-3.441825e+001
2.323342e+002	-1.843121e+001
2.322845e+002	-3.137926e+001
2.324077e+002	-3.671274e+001
2.330318e+002	-1.996477e+001
2.332413e+002	-2.149097e+001
2.334681e+002	-2.225580e+001
2.338159e+002	-1.769061e+001
2.346301e+002	7.433294e+000
2.346150e+002	-3.991564e+000
2.344444e+002	-2.226964e+001
2.345675e+002	-2.760312e+001
2.346042e+002	-3.674388e+001
2.352111e+002	-2.075728e+001
2.355934e+002	-1.466936e+001
2.358720e+002	-1.314964e+001
