    nm         	pN
0.000000e+000	4.764225e+002
5.286998e-002	4.740558e+002
8.845993e-002	4.710982e+002
7.220656e-002	4.663675e+002
5.595481e-002	4.616369e+002
5.698065e-002	4.574972e+002
6.165601e-003	4.515845e+002
4.175312e-002	4.486268e+002
4.277896e-002	4.444871e+002
7.836729e-002	4.415294e+002
6.211635e-002	4.367988e+002
2.858133e-002	4.314771e+002
-9.136195e-002	4.232003e+002
-1.767379e-001	4.161057e+002
-1.929945e-001	4.113749e+002
-2.265271e-001	4.060533e+002
-3.119070e-001	3.989585e+002
-3.108804e-001	3.948188e+002
-3.271329e-001	3.900882e+002
-3.952329e-001	3.835844e+002
-2.732379e-001	3.835818e+002
-2.203639e-001	3.812153e+002
-3.057439e-001	3.741205e+002
-3.565614e-001	3.682078e+002
-4.073756e-001	3.622951e+002
-5.100372e-001	3.546093e+002
-5.954164e-001	3.475146e+002
-6.462306e-001	3.416020e+002
-6.970489e-001	3.356892e+002
-6.441789e-001	3.333225e+002
-6.258674e-001	3.297740e+002
-5.729974e-001	3.274073e+002
-5.892508e-001	3.226767e+002
-6.055066e-001	3.179459e+002
-7.081650e-001	3.102602e+002
-7.589833e-001	3.043475e+002
-6.369875e-001	3.043449e+002
-5.322693e-001	3.037514e+002
-5.485259e-001	2.990206e+002
-5.474977e-001	2.948810e+002
-5.291885e-001	2.913324e+002
-5.800068e-001	2.854196e+002
-5.962602e-001	2.806889e+002
-5.952344e-001	2.765492e+002
-5.077995e-001	2.753647e+002
-5.413345e-001	2.700430e+002
-5.748703e-001	2.647213e+002
-6.429670e-001	2.582176e+002
-6.073795e-001	2.552599e+002
-6.063536e-001	2.511202e+002
-6.571679e-001	2.452075e+002
-7.252646e-001	2.387038e+002
-7.588004e-001	2.333821e+002
-7.577746e-001	2.292424e+002
-7.049014e-001	2.268759e+002
-8.248414e-001	2.185991e+002
-8.756597e-001	2.126864e+002
-7.363847e-001	2.132747e+002
-6.662290e-001	2.114992e+002
-5.787982e-001	2.103145e+002
-6.296124e-001	2.044019e+002
-6.285866e-001	2.002622e+002
-6.966833e-001	1.937585e+002
-6.783750e-001	1.902099e+002
-6.946284e-001	1.854792e+002
-7.108850e-001	1.807484e+002
-6.234501e-001	1.795639e+002
-5.878585e-001	1.766063e+002
-5.868335e-001	1.724666e+002
-5.339635e-001	1.700999e+002
-6.020602e-001	1.635962e+002
-6.355952e-001	1.582745e+002
-6.691294e-001	1.529528e+002
-7.545086e-001	1.458581e+002
-7.707636e-001	1.411274e+002
-7.870170e-001	1.363967e+002
-7.514270e-001	1.334391e+002
-8.368053e-001	1.263444e+002
-8.530595e-001	1.216137e+002
-8.865954e-001	1.162920e+002
-8.682871e-001	1.127433e+002
-8.499804e-001	1.091946e+002
-8.662329e-001	1.044640e+002
-8.479230e-001	1.009154e+002
-8.814589e-001	9.559366e+001
-8.631513e-001	9.204495e+001
-9.312489e-001	8.554125e+001
-9.475039e-001	8.081054e+001
-9.119123e-001	7.785294e+001
-9.108832e-001	7.371334e+001
-8.925765e-001	7.016463e+001
-1.012519e+000	6.188784e+001
-1.063335e+000	5.597514e+001
-1.079588e+000	5.124448e+001
-1.009437e+000	4.946882e+001
-8.355959e-001	5.123934e+001
-8.864126e-001	4.532665e+001
-9.199492e-001	4.000488e+001
-9.016393e-001	3.645628e+001
-9.524568e-001	3.054353e+001
-1.037837e+000	2.344878e+001
-1.123214e+000	1.635410e+001
-9.666552e-001	1.753357e+001
-9.137835e-001	1.516695e+001
-7.917878e-001	1.516438e+001
-7.734803e-001	1.161567e+001
-8.415795e-001	5.111921e+000
-1.013363e+000	-4.937850e+000
-1.064178e+000	-1.085049e+001
-9.249013e-001	-1.026207e+001
-9.584362e-001	-1.558377e+001
-9.746897e-001	-2.031442e+001
-1.077353e+000	-2.800027e+001
-1.024480e+000	-3.036682e+001
-7.815164e-001	-2.623232e+001
-7.804881e-001	-3.037198e+001
-8.658681e-001	-3.746677e+001
-9.512449e-001	-4.456141e+001
-9.847815e-001	-4.988316e+001
-8.973466e-001	-5.106773e+001
-8.790399e-001	-5.461644e+001
-7.743250e-001	-5.521001e+001
-8.424217e-001	-6.171371e+001
-1.014208e+000	-7.176353e+001
-1.013180e+000	-7.590319e+001
-9.603084e-001	-7.826980e+001
-1.080250e+000	-8.654654e+001
-1.113785e+000	-9.186824e+001
-1.164603e+000	-9.778100e+001
-1.111732e+000	-1.001476e+002
-8.860469e-001	-9.660404e+001
-7.467703e-001	-9.601562e+001
-6.766186e-001	-9.779130e+001
-6.410287e-001	-1.007489e+002
-8.128137e-001	-1.107987e+002
-7.945037e-001	-1.143473e+002
-4.996988e-001	-1.084398e+002
-4.295439e-001	-1.102154e+002
-2.902673e-001	-1.096270e+002
7.366748e-002	-1.013553e+002
3.684741e-001	-9.544780e+001
6.287206e-001	-9.072228e+001
6.643106e-001	-9.367989e+001
3.542740e-001	-1.084579e+002
1.824890e-001	-1.185076e+002
5.809855e-001	-1.090540e+002
9.276386e-001	-1.013734e+002
1.101477e+000	-9.960294e+001
1.396287e+000	-9.369533e+001
1.708377e+000	-8.719674e+001
1.951340e+000	-8.306229e+001
2.021491e+000	-8.483790e+001
2.057083e+000	-8.779550e+001
2.196361e+000	-8.720703e+001
2.283794e+000	-8.839166e+001
2.388510e+000	-8.898522e+001
2.372255e+000	-9.371592e+001
2.252311e+000	-1.019927e+002
2.287903e+000	-1.049503e+002
2.755523e+000	-9.313265e+001
2.739268e+000	-9.786336e+001
2.567484e+000	-1.079131e+002
2.654918e+000	-1.090978e+002
2.638663e+000	-1.138285e+002
2.501439e+000	-1.226963e+002
2.433344e+000	-1.291999e+002
2.486216e+000	-1.315665e+002
2.400836e+000	-1.386612e+002
2.903017e+000	-1.256616e+002
3.387919e+000	-1.132529e+002
3.285261e+000	-1.209386e+002
3.510944e+000	-1.173951e+002
3.926720e+000	-1.073505e+002
3.962312e+000	-1.103081e+002
3.928777e+000	-1.156297e+002
3.843395e+000	-1.227246e+002
3.896268e+000	-1.250911e+002
4.242920e+000	-1.174105e+002
4.347633e+000	-1.180041e+002
4.175850e+000	-1.280539e+002
4.522503e+000	-1.203733e+002
4.782749e+000	-1.156477e+002
4.351745e+000	-1.345628e+002
4.024427e+000	-1.499317e+002
4.388359e+000	-1.416601e+002
5.201606e+000	-1.180222e+002
5.168070e+000	-1.233439e+002
5.117256e+000	-1.292565e+002
5.412062e+000	-1.233490e+002
5.637747e+000	-1.198054e+002
5.915274e+000	-1.144889e+002
5.968144e+000	-1.168556e+002
5.502578e+000	-1.369526e+002
5.140701e+000	-1.535035e+002
5.349102e+000	-1.505510e+002
6.611660e+000	-1.115467e+002
8.081593e+000	-6.545025e+001
9.240464e+000	-2.999203e+001
9.310615e+000	-3.176764e+001
8.983298e+000	-4.713660e+001
9.018889e+000	-5.009421e+001
9.123604e+000	-5.068778e+001
9.401131e+000	-4.537128e+001
9.834190e+000	-3.473555e+001
9.627841e+000	-4.596742e+001
9.490619e+000	-5.483521e+001
9.508929e+000	-5.838382e+001
9.838299e+000	-5.129422e+001
1.070339e+001	-2.588321e+001
1.143023e+001	-5.200369e+000
1.156950e+001	-4.611951e+000
1.105209e+001	-2.648197e+001
1.063837e+001	-4.480591e+001
1.074309e+001	-4.539959e+001
1.127983e+001	-3.121782e+001
1.140183e+001	-3.122039e+001
1.148926e+001	-3.240496e+001
1.143844e+001	-3.831772e+001
1.145675e+001	-4.186632e+001
1.168244e+001	-3.832287e+001
1.197725e+001	-3.241526e+001
1.228934e+001	-2.591666e+001
1.227308e+001	-3.064736e+001
1.220499e+001	-3.715106e+001
1.267261e+001	-2.533339e+001
1.298469e+001	-1.883490e+001
1.293388e+001	-2.474753e+001
1.265840e+001	-3.834345e+001
1.262487e+001	-4.366511e+001
1.302337e+001	-3.421147e+001
1.335274e+001	-2.712187e+001
1.352658e+001	-2.535140e+001
1.306101e+001	-4.544850e+001
1.292379e+001	-5.431617e+001
1.290754e+001	-5.904688e+001
1.315050e+001	-5.491242e+001
1.366996e+001	-4.132165e+001
1.408574e+001	-3.127702e+001
1.403493e+001	-3.718966e+001
1.408780e+001	-3.955633e+001
1.424435e+001	-3.837691e+001
1.405529e+001	-4.901769e+001
1.398719e+001	-5.552144e+001
1.419559e+001	-5.256892e+001
1.424846e+001	-5.493558e+001
1.435318e+001	-5.552915e+001
1.459614e+001	-5.139460e+001
1.516745e+001	-3.603083e+001
1.541042e+001	-3.189633e+001
1.539416e+001	-3.662698e+001
1.539519e+001	-4.076669e+001
1.544806e+001	-4.313330e+001
1.572558e+001	-3.781680e+001
1.581302e+001	-3.900137e+001
1.600414e+001	-3.663984e+001
1.616070e+001	-3.546037e+001
1.626542e+001	-3.605400e+001
1.649110e+001	-3.251049e+001
1.644028e+001	-3.842324e+001
1.644131e+001	-4.256289e+001
1.666699e+001	-3.901939e+001
1.687540e+001	-3.606686e+001
1.708380e+001	-3.311441e+001
1.713667e+001	-3.548097e+001
1.693032e+001	-4.671284e+001
1.713872e+001	-4.376033e+001
1.726072e+001	-4.376290e+001
1.740000e+001	-4.317448e+001
1.781577e+001	-3.312985e+001
1.828340e+001	-2.131207e+001
1.845723e+001	-1.954165e+001
1.840642e+001	-2.545435e+001
1.799269e+001	-4.377835e+001
1.761354e+001	-6.092030e+001
1.740719e+001	-7.215217e+001
1.758103e+001	-7.038165e+001
1.822146e+001	-5.265386e+001
1.879277e+001	-3.729004e+001
1.888020e+001	-3.847472e+001
1.898491e+001	-3.906829e+001
1.907235e+001	-4.025285e+001
1.890056e+001	-5.030268e+001
1.907440e+001	-4.853221e+001
1.947290e+001	-3.907858e+001
2.007877e+001	-2.253278e+001
2.025261e+001	-2.076225e+001
2.035733e+001	-2.135582e+001
2.044476e+001	-2.254050e+001
2.051491e+001	-2.431611e+001
2.025672e+001	-3.732092e+001
2.015406e+001	-4.500667e+001
2.029334e+001	-4.441825e+001
2.058814e+001	-3.851075e+001
2.045092e+001	-4.737854e+001
2.048651e+001	-5.033614e+001
2.088501e+001	-4.088251e+001
2.104157e+001	-3.970303e+001
2.107716e+001	-4.266070e+001
2.107818e+001	-4.680035e+001
2.111377e+001	-4.975797e+001
2.090743e+001	-6.098979e+001
2.115039e+001	-5.685533e+001
2.175626e+001	-4.030947e+001
2.201651e+001	-3.558391e+001
2.220763e+001	-3.322251e+001
2.208769e+001	-4.149923e+001
2.234793e+001	-3.677368e+001
2.253906e+001	-3.441222e+001
2.254008e+001	-3.855193e+001
2.248927e+001	-4.446457e+001
2.238660e+001	-5.215036e+001
2.233579e+001	-5.806306e+001
2.250963e+001	-5.629259e+001
2.276987e+001	-5.156704e+001
2.323749e+001	-3.974937e+001
2.334221e+001	-4.034293e+001
2.355061e+001	-3.739041e+001
2.365532e+001	-3.798410e+001
2.350082e+001	-4.744288e+001
2.319079e+001	-6.222074e+001
2.336463e+001	-6.045027e+001
2.405690e+001	-4.094943e+001
2.464549e+001	-2.499461e+001
2.469836e+001	-2.736123e+001
2.435377e+001	-4.332119e+001
2.425111e+001	-5.100692e+001
2.449407e+001	-4.687241e+001
2.490985e+001	-3.682773e+001
2.508369e+001	-3.505726e+001
2.466997e+001	-5.338126e+001
2.448090e+001	-6.402203e+001
2.508677e+001	-4.747634e+001
2.558895e+001	-3.447656e+001
2.548629e+001	-4.216230e+001
2.531451e+001	-5.221213e+001
2.545379e+001	-5.162366e+001
2.550666e+001	-5.399027e+001
2.568050e+001	-5.221985e+001
2.600987e+001	-4.513021e+001
2.632196e+001	-3.863172e+001
2.651308e+001	-3.627019e+001
2.632401e+001	-4.691102e+001
2.635960e+001	-4.986863e+001
2.655072e+001	-4.750722e+001
2.634437e+001	-5.873899e+001
2.615531e+001	-6.937982e+001
2.664021e+001	-5.697115e+001
2.717696e+001	-4.278938e+001
2.709158e+001	-4.988408e+001
2.697164e+001	-5.816087e+001
2.723188e+001	-5.343530e+001
2.744028e+001	-5.048284e+001
2.752772e+001	-5.166741e+001
2.754602e+001	-5.521612e+001
2.735696e+001	-6.585690e+001
2.723702e+001	-7.413369e+001
2.728989e+001	-7.650030e+001
2.770567e+001	-6.645567e+001
2.817329e+001	-5.463788e+001
2.850266e+001	-4.754840e+001
2.843456e+001	-5.405204e+001
2.793443e+001	-7.533112e+001
2.824652e+001	-6.883252e+001
2.854133e+001	-6.292497e+001
2.857692e+001	-6.588264e+001
2.880260e+001	-6.233913e+001
2.873451e+001	-6.884282e+001
2.902931e+001	-6.293527e+001
2.973887e+001	-4.284343e+001
3.029290e+001	-2.807061e+001
3.055315e+001	-2.334511e+001
3.074427e+001	-2.098360e+001
3.053792e+001	-3.221547e+001
3.046982e+001	-3.871922e+001
3.088559e+001	-2.867459e+001
3.118041e+001	-2.276699e+001
3.093950e+001	-3.518080e+001
3.078499e+001	-4.463958e+001
3.109708e+001	-3.814109e+001
3.147829e+001	-2.927845e+001
3.144476e+001	-3.460010e+001
3.154948e+001	-3.519367e+001
3.187885e+001	-2.810407e+001
3.224278e+001	-1.983248e+001
3.231293e+001	-2.160805e+001
3.219299e+001	-2.988489e+001
3.229771e+001	-3.047846e+001
3.245426e+001	-2.929905e+001
3.228248e+001	-3.934883e+001
3.254273e+001	-3.462326e+001
3.271656e+001	-3.285280e+001
3.245837e+001	-4.585772e+001
3.225203e+001	-5.708954e+001
3.218393e+001	-6.359319e+001
3.223680e+001	-6.595985e+001
3.228967e+001	-6.832646e+001
3.242895e+001	-6.773804e+001
3.267191e+001	-6.360348e+001
3.269022e+001	-6.715219e+001
3.270853e+001	-7.070079e+001
3.291693e+001	-6.774833e+001
3.290068e+001	-7.247904e+001
3.321277e+001	-6.598044e+001
3.390504e+001	-4.647959e+001
3.421713e+001	-3.998100e+001
3.394166e+001	-5.357686e+001
3.404638e+001	-5.417043e+001
3.444487e+001	-4.471680e+001
3.451502e+001	-4.649246e+001
3.486167e+001	-3.881188e+001
3.496639e+001	-3.940545e+001
3.463908e+001	-5.477430e+001
3.445001e+001	-6.541518e+001
3.496947e+001	-5.182441e+001
3.574815e+001	-2.936854e+001
3.621578e+001	-1.755081e+001
3.614768e+001	-2.405455e+001
3.582036e+001	-3.942346e+001
3.599420e+001	-3.765293e+001
3.625445e+001	-3.292743e+001
3.601354e+001	-4.534125e+001
3.575535e+001	-5.834618e+001
3.624025e+001	-4.593750e+001
3.670787e+001	-3.411978e+001
3.665705e+001	-4.003248e+001
3.670992e+001	-4.239908e+001
3.657270e+001	-5.126687e+001
3.600345e+001	-7.490999e+001
3.633282e+001	-6.782040e+001
3.733616e+001	-3.768125e+001
3.751000e+001	-3.591078e+001
3.704443e+001	-5.600788e+001
3.723555e+001	-5.364635e+001
3.758220e+001	-4.596582e+001
3.779061e+001	-4.301330e+001
3.777435e+001	-4.774400e+001
3.756800e+001	-5.897578e+001
3.749991e+001	-6.547952e+001
3.744909e+001	-7.139227e+001
3.720818e+001	-8.380609e+001
3.710552e+001	-9.149183e+001
3.724480e+001	-9.090341e+001
3.781611e+001	-7.553960e+001
3.842198e+001	-5.899380e+001
3.849213e+001	-6.076941e+001
3.845859e+001	-6.609110e+001
3.868428e+001	-6.254759e+001
3.859890e+001	-6.964234e+001
3.842711e+001	-7.969212e+001
3.847998e+001	-8.205879e+001
3.901673e+001	-6.787702e+001
3.969173e+001	-4.896718e+001
3.977916e+001	-5.015174e+001
3.953825e+001	-6.256561e+001
3.924550e+001	-7.675253e+001
3.897002e+001	-9.034845e+001
3.919570e+001	-8.680488e+001
3.955964e+001	-7.853324e+001
4.013095e+001	-6.316948e+001
4.063313e+001	-5.016976e+001
4.113532e+001	-3.717003e+001
4.089441e+001	-4.958391e+001
4.053253e+001	-6.613486e+001
4.060268e+001	-6.791048e+001
4.101846e+001	-5.786585e+001
4.129598e+001	-5.254929e+001
4.165992e+001	-4.427765e+001
4.166094e+001	-4.841736e+001
4.155828e+001	-5.610310e+001
4.164572e+001	-5.728772e+001
4.173315e+001	-5.847228e+001
4.161321e+001	-6.674908e+001
4.152783e+001	-7.384376e+001
4.135604e+001	-8.389360e+001
4.101144e+001	-9.985356e+001
4.116800e+001	-9.867408e+001
4.134185e+001	-9.690356e+001
4.179218e+001	-8.567694e+001
4.260543e+001	-6.203896e+001
4.279655e+001	-5.967744e+001
4.269389e+001	-6.736324e+001
4.259123e+001	-7.504898e+001
4.295516e+001	-6.677739e+001
4.321541e+001	-6.205183e+001
4.321644e+001	-6.619148e+001
4.280271e+001	-8.451548e+001
4.259637e+001	-9.574731e+001
4.299486e+001	-8.629367e+001
4.372170e+001	-6.561078e+001
4.406835e+001	-5.793019e+001
4.374104e+001	-7.329910e+001
4.360382e+001	-8.216688e+001
4.372581e+001	-8.216945e+001
4.350218e+001	-9.399228e+001
4.350321e+001	-9.813198e+001
4.376345e+001	-9.340643e+001
4.409283e+001	-8.631684e+001
4.423210e+001	-8.572842e+001
4.430225e+001	-8.750398e+001
4.416503e+001	-9.637176e+001
4.390684e+001	-1.093767e+002
4.399428e+001	-1.105612e+002
4.473840e+001	-8.928731e+001
4.529242e+001	-7.451460e+001
4.517248e+001	-8.279134e+001
4.541545e+001	-7.865678e+001
4.574482e+001	-7.156729e+001
4.578041e+001	-7.452490e+001
4.566046e+001	-8.280163e+001
4.516034e+001	-1.040807e+002
4.502311e+001	-1.129484e+002
4.549074e+001	-1.011308e+002
4.585467e+001	-9.285913e+001
4.601123e+001	-9.167971e+001
4.609866e+001	-9.286429e+001
4.627250e+001	-9.109387e+001
4.616984e+001	-9.877961e+001
4.606718e+001	-1.064653e+002
4.658665e+001	-9.287458e+001
4.700242e+001	-8.282994e+001
4.710714e+001	-8.342351e+001
4.712545e+001	-8.697217e+001
4.717832e+001	-8.933878e+001
4.714478e+001	-9.466049e+001
4.721493e+001	-9.643610e+001
4.737149e+001	-9.525668e+001
4.761446e+001	-9.112217e+001
4.782286e+001	-8.816960e+001
4.818679e+001	-7.989802e+001
4.836063e+001	-7.812755e+001
4.869000e+001	-7.103795e+001
4.901937e+001	-6.394835e+001
4.941787e+001	-5.449472e+001
4.972996e+001	-4.799623e+001
4.948905e+001	-6.041005e+001
4.971473e+001	-5.686654e+001
5.019963e+001	-4.445781e+001
5.039076e+001	-4.209634e+001
5.021897e+001	-5.214612e+001
5.016815e+001	-5.805888e+001
5.054937e+001	-4.919624e+001
5.077505e+001	-4.565267e+001
5.060327e+001	-5.570256e+001
5.067342e+001	-5.747818e+001
5.082998e+001	-5.629870e+001
5.129760e+001	-4.448098e+001
5.167881e+001	-3.561834e+001
5.161072e+001	-4.212209e+001
5.150806e+001	-4.980783e+001
5.169917e+001	-4.744636e+001
5.199398e+001	-4.153881e+001
5.190860e+001	-4.863355e+001
5.206516e+001	-4.745408e+001
5.194522e+001	-5.573087e+001
5.175616e+001	-6.637164e+001
5.191271e+001	-6.519223e+001
5.236306e+001	-5.396549e+001
5.241592e+001	-5.633216e+001
5.246880e+001	-5.869878e+001
5.295370e+001	-4.629010e+001
5.316210e+001	-4.333759e+001
5.293847e+001	-5.516036e+001
5.276669e+001	-6.521025e+001
5.264674e+001	-7.348697e+001
5.271690e+001	-7.526260e+001
5.287346e+001	-7.408313e+001
5.322011e+001	-6.640253e+001
5.356676e+001	-5.872194e+001
5.356779e+001	-6.286159e+001
5.330959e+001	-7.586646e+001
5.332791e+001	-7.941512e+001
5.367455e+001	-7.173458e+001
5.455693e+001	-4.573246e+001
5.448883e+001	-5.223620e+001
5.421336e+001	-6.583212e+001
5.449088e+001	-6.051557e+001
5.480297e+001	-5.401697e+001
5.487313e+001	-5.579264e+001
5.496056e+001	-5.697721e+001
5.473693e+001	-6.880004e+001
5.496261e+001	-6.525657e+001
5.560305e+001	-4.752872e+001
5.610523e+001	-3.452900e+001
5.598529e+001	-4.280574e+001
5.593447e+001	-4.871849e+001
5.619472e+001	-4.399293e+001
5.631671e+001	-4.399551e+001
5.633502e+001	-4.754416e+001
5.647430e+001	-4.695574e+001
5.602601e+001	-6.646173e+001
5.576782e+001	-7.946659e+001
5.628729e+001	-6.587588e+001
5.654753e+001	-6.115032e+001
5.684235e+001	-5.524272e+001
5.727540e+001	-4.460709e+001
5.725915e+001	-4.933780e+001
5.700096e+001	-6.234266e+001
5.705383e+001	-6.470922e+001
5.750417e+001	-5.348259e+001
5.788538e+001	-4.461996e+001
5.793825e+001	-4.698662e+001
5.818122e+001	-4.285207e+001
5.826865e+001	-4.403668e+001
5.816599e+001	-5.172242e+001
5.797692e+001	-6.236325e+001
5.780514e+001	-7.241309e+001
5.777160e+001	-7.773474e+001
5.813554e+001	-6.946309e+001
5.839578e+001	-6.473753e+001
5.844865e+001	-6.710425e+001
5.881259e+001	-5.883261e+001
5.907284e+001	-5.410705e+001
5.890105e+001	-6.415683e+001
5.885023e+001	-7.006958e+001
5.900679e+001	-6.889012e+001
5.869676e+001	-8.366802e+001
5.833487e+001	-1.002190e+002
5.861240e+001	-9.490242e+001
5.937380e+001	-7.303753e+001
5.935755e+001	-7.776819e+001
5.935858e+001	-8.190790e+001
5.989532e+001	-6.772614e+001
5.996548e+001	-6.950170e+001
5.979369e+001	-7.955153e+001
5.984656e+001	-8.191819e+001
6.010681e+001	-7.719264e+001
6.034977e+001	-7.305813e+001
6.062730e+001	-6.774158e+001
6.080114e+001	-6.597110e+001
6.125148e+001	-5.474438e+001
6.114882e+001	-6.243017e+001
6.111529e+001	-6.775187e+001
6.109903e+001	-7.248258e+001
6.097909e+001	-8.075925e+001
6.087643e+001	-8.844499e+001
6.086017e+001	-9.317570e+001
6.087848e+001	-9.672436e+001
6.117329e+001	-9.081687e+001
6.171004e+001	-7.663510e+001
6.235047e+001	-5.890725e+001
6.255888e+001	-5.595479e+001
6.231797e+001	-6.836860e+001
6.211162e+001	-7.960042e+001
6.199168e+001	-8.787716e+001
6.213095e+001	-8.728874e+001
6.258129e+001	-7.606207e+001
6.275513e+001	-7.429159e+001
6.277344e+001	-7.784026e+001
6.287816e+001	-7.843382e+001
6.296559e+001	-7.961844e+001
6.265555e+001	-9.439635e+001
6.262201e+001	-9.971805e+001
6.327973e+001	-8.139927e+001
6.343629e+001	-8.021973e+001
6.338547e+001	-8.613248e+001
6.347291e+001	-8.731706e+001
6.399237e+001	-7.372634e+001
6.423534e+001	-6.959178e+001
6.399443e+001	-8.200571e+001
6.392633e+001	-8.850934e+001
6.399648e+001	-9.028495e+001
6.401479e+001	-9.383367e+001
6.446513e+001	-8.260699e+001
6.479450e+001	-7.551739e+001
6.495106e+001	-7.433792e+001
6.484840e+001	-8.202371e+001
6.441739e+001	-1.009387e+002
6.421104e+001	-1.121705e+002
6.419479e+001	-1.169011e+002
6.445504e+001	-1.121756e+002
6.468072e+001	-1.086322e+002
6.473359e+001	-1.109988e+002
6.464821e+001	-1.180935e+002
6.463196e+001	-1.228242e+002
6.478852e+001	-1.216447e+002
6.515246e+001	-1.133731e+002
6.520532e+001	-1.157397e+002
6.551741e+001	-1.092412e+002
6.598503e+001	-9.742346e+001
6.596878e+001	-1.021542e+002
6.534768e+001	-1.275703e+002
6.541784e+001	-1.293459e+002
6.592002e+001	-1.163462e+002
6.643948e+001	-1.027554e+002
6.673429e+001	-9.684790e+001
6.661435e+001	-1.051247e+002
6.645985e+001	-1.145835e+002
6.673737e+001	-1.092669e+002
6.696305e+001	-1.057234e+002
6.701593e+001	-1.080901e+002
6.737986e+001	-9.981843e+001
6.777836e+001	-9.036474e+001
6.779666e+001	-9.391345e+001
6.771128e+001	-1.010082e+002
6.791969e+001	-9.805563e+001
6.778247e+001	-1.069234e+002
6.738603e+001	-1.246565e+002
6.704143e+001	-1.406163e+002
6.712886e+001	-1.418010e+002
6.773473e+001	-1.252552e+002
6.808138e+001	-1.175746e+002
6.789232e+001	-1.282154e+002
6.810072e+001	-1.252629e+002
6.839553e+001	-1.193554e+002
6.901868e+001	-1.022185e+002
6.924436e+001	-9.867504e+001
6.917627e+001	-1.051787e+002
6.893536e+001	-1.175926e+002
6.860804e+001	-1.329615e+002
6.879916e+001	-1.306000e+002
6.909396e+001	-1.246925e+002
6.918140e+001	-1.258771e+002
6.933796e+001	-1.246977e+002
6.916618e+001	-1.347474e+002
6.920177e+001	-1.377050e+002
6.927192e+001	-1.394807e+002
6.935935e+001	-1.406652e+002
6.922213e+001	-1.495330e+002
6.972431e+001	-1.365333e+002
7.014009e+001	-1.264887e+002
7.003743e+001	-1.341744e+002
7.024583e+001	-1.312219e+002
7.033326e+001	-1.324065e+002
7.028245e+001	-1.383192e+002
7.012795e+001	-1.477780e+002
7.033635e+001	-1.448255e+002
7.083853e+001	-1.318258e+002
7.118518e+001	-1.241453e+002
7.116893e+001	-1.288759e+002
7.111811e+001	-1.347886e+002
7.089448e+001	-1.466114e+002
7.075726e+001	-1.554792e+002
7.058547e+001	-1.655290e+002
7.129503e+001	-1.454371e+002
7.188362e+001	-1.294823e+002
7.179824e+001	-1.365771e+002
7.176470e+001	-1.418988e+002
7.180030e+001	-1.448564e+002
7.195685e+001	-1.436770e+002
7.242448e+001	-1.318593e+002
7.233910e+001	-1.389540e+002
7.223644e+001	-1.466397e+002
7.225475e+001	-1.501883e+002
7.201383e+001	-1.626023e+002
7.187661e+001	-1.714700e+002
7.224055e+001	-1.631984e+002
7.255264e+001	-1.566998e+002
7.234629e+001	-1.679317e+002
7.233003e+001	-1.726623e+002
7.257300e+001	-1.685278e+002
7.279868e+001	-1.649843e+002
7.309349e+001	-1.590767e+002
7.338830e+001	-1.531692e+002
7.373495e+001	-1.454886e+002
7.389151e+001	-1.443092e+002
7.377157e+001	-1.525860e+002
7.354794e+001	-1.644087e+002
7.360081e+001	-1.667755e+002
7.361912e+001	-1.703240e+002
7.384480e+001	-1.667806e+002
7.401864e+001	-1.650101e+002
7.415792e+001	-1.644216e+002
7.459098e+001	-1.537860e+002
7.469569e+001	-1.543795e+002
7.414372e+001	-1.774317e+002
7.373000e+001	-1.957557e+002
7.399024e+001	-1.910301e+002
7.475165e+001	-1.691652e+002
7.527111e+001	-1.555744e+002
7.525485e+001	-1.603051e+002
7.492754e+001	-1.756740e+002
7.480760e+001	-1.839508e+002
7.508513e+001	-1.786342e+002
7.558731e+001	-1.656345e+002
7.558834e+001	-1.697742e+002
7.531286e+001	-1.833701e+002
7.507195e+001	-1.957840e+002
7.505570e+001	-2.005146e+002
7.519498e+001	-1.999262e+002
7.564532e+001	-1.886995e+002
7.613022e+001	-1.762908e+002
7.625221e+001	-1.762934e+002
7.699634e+001	-1.550194e+002
7.794783e+001	-1.266534e+002
7.845001e+001	-1.136536e+002
7.850289e+001	-1.160203e+002
7.917788e+001	-9.711042e+001
7.978375e+001	-8.056462e+001
7.952556e+001	-9.356949e+001
7.888718e+001	-1.195767e+002
7.878452e+001	-1.272624e+002
7.923486e+001	-1.160357e+002
7.987530e+001	-9.830785e+001
7.980720e+001	-1.048116e+002
7.996375e+001	-1.036322e+002
8.018944e+001	-1.000887e+002
8.012135e+001	-1.065924e+002
8.007053e+001	-1.125051e+002
8.038261e+001	-1.060065e+002
8.055645e+001	-1.042361e+002
8.076486e+001	-1.012836e+002
8.085229e+001	-1.024682e+002
8.128535e+001	-9.183253e+001
8.132094e+001	-9.479013e+001
8.102818e+001	-1.089771e+002
8.137484e+001	-1.012965e+002
8.189430e+001	-8.770568e+001
8.199902e+001	-8.829926e+001
8.193092e+001	-9.480301e+001
8.186282e+001	-1.013068e+002
8.163919e+001	-1.131296e+002
8.208953e+001	-1.019029e+002
8.283365e+001	-8.062896e+001
8.324943e+001	-7.058432e+001
8.328502e+001	-7.354199e+001
8.304411e+001	-8.595580e+001
8.288961e+001	-9.541459e+001
8.261413e+001	-1.090105e+002
8.273613e+001	-1.090131e+002
8.310006e+001	-1.007415e+002
8.275546e+001	-1.167013e+002
8.228989e+001	-1.367984e+002
8.255014e+001	-1.320729e+002
8.305233e+001	-1.190732e+002
8.331257e+001	-1.143476e+002
8.346913e+001	-1.131682e+002
8.357384e+001	-1.137618e+002
8.416244e+001	-9.780694e+001
8.456093e+001	-8.835330e+001
8.421633e+001	-1.043133e+002
8.413095e+001	-1.114080e+002
8.468498e+001	-9.663524e+001
8.487610e+001	-9.427378e+001
8.501538e+001	-9.368530e+001
8.510281e+001	-9.486992e+001
8.481006e+001	-1.090568e+002
8.491477e+001	-1.096504e+002
8.531327e+001	-1.001968e+002
8.541799e+001	-1.007904e+002
8.531532e+001	-1.084761e+002
8.535091e+001	-1.114337e+002
8.530010e+001	-1.173464e+002
8.505918e+001	-1.297603e+002
8.525031e+001	-1.273989e+002
8.554512e+001	-1.214912e+002
8.542518e+001	-1.297680e+002
8.559901e+001	-1.279976e+002
8.610120e+001	-1.149979e+002
8.643057e+001	-1.079082e+002
8.648344e+001	-1.102749e+002
8.651903e+001	-1.132325e+002
8.653734e+001	-1.167811e+002
8.645196e+001	-1.238759e+002
8.659124e+001	-1.232874e+002
8.648858e+001	-1.309732e+002
8.659330e+001	-1.315668e+002
8.711276e+001	-1.179761e+002
8.771863e+001	-1.014303e+002
8.761597e+001	-1.091160e+002
8.761700e+001	-1.132557e+002
8.728968e+001	-1.286246e+002
8.720430e+001	-1.357193e+002
8.742998e+001	-1.321758e+002
8.755198e+001	-1.321784e+002
8.765669e+001	-1.327720e+002
8.795151e+001	-1.268644e+002
8.836728e+001	-1.168197e+002
8.847199e+001	-1.174133e+002
8.862855e+001	-1.162339e+002
8.887152e+001	-1.120994e+002
8.890711e+001	-1.150571e+002
8.913279e+001	-1.115135e+002
8.954856e+001	-1.014689e+002
8.932494e+001	-1.132917e+002
8.882481e+001	-1.345708e+002
8.889496e+001	-1.363464e+002
8.932802e+001	-1.257107e+002
8.993389e+001	-1.091649e+002
8.972754e+001	-1.203968e+002
8.938294e+001	-1.363567e+002
8.957407e+001	-1.339953e+002
9.011081e+001	-1.198135e+002
9.023281e+001	-1.198161e+002
9.076955e+001	-1.056343e+002
9.094340e+001	-1.038638e+002
9.066792e+001	-1.174596e+002
9.011595e+001	-1.405118e+002
8.996145e+001	-1.499705e+002
9.042907e+001	-1.381529e+002
9.087940e+001	-1.269262e+002
9.165809e+001	-1.044703e+002
9.257502e+001	-7.728626e+001
9.259333e+001	-8.083486e+001
9.276717e+001	-7.906439e+001
9.304470e+001	-7.374789e+001
9.328766e+001	-6.961333e+001
9.372072e+001	-5.897770e+001
9.389456e+001	-5.720724e+001
9.387831e+001	-6.193788e+001
9.362012e+001	-7.494275e+001
9.353474e+001	-8.203755e+001
9.396779e+001	-7.140182e+001
9.427988e+001	-6.490321e+001
9.426363e+001	-6.963392e+001
9.414369e+001	-7.791071e+001
9.417928e+001	-8.086832e+001
9.456049e+001	-7.200568e+001
9.473433e+001	-7.023521e+001
9.492545e+001	-6.787380e+001
9.489192e+001	-7.319550e+001
9.446092e+001	-9.211049e+001
9.463476e+001	-9.033996e+001
9.498140e+001	-8.265943e+001
9.486147e+001	-9.093611e+001
9.482793e+001	-9.625787e+001
9.522643e+001	-8.680423e+001
9.560764e+001	-7.794160e+001
9.600614e+001	-6.848796e+001
9.624910e+001	-6.435340e+001
9.606003e+001	-7.499423e+001
9.599194e+001	-8.149792e+001
9.625218e+001	-7.677242e+001
9.665068e+001	-6.731878e+001
9.689364e+001	-6.318428e+001
9.753408e+001	-4.545642e+001
9.769063e+001	-4.427700e+001
9.757069e+001	-5.255374e+001
9.712241e+001	-7.205973e+001
9.636306e+001	-1.022040e+002
9.648506e+001	-1.022066e+002
9.695268e+001	-9.038886e+001
9.766224e+001	-7.029698e+001
9.795705e+001	-6.438943e+001
9.833826e+001	-5.552679e+001
9.827016e+001	-6.203054e+001
9.815022e+001	-7.030727e+001
9.811669e+001	-7.562903e+001
9.829052e+001	-7.385856e+001
9.872358e+001	-6.322288e+001
9.903567e+001	-5.672434e+001
9.931320e+001	-5.140773e+001
9.898589e+001	-6.677669e+001
9.848576e+001	-8.805571e+001
9.821028e+001	-1.016516e+002
9.819403e+001	-1.063823e+002
9.864437e+001	-9.515561e+001
9.944034e+001	-7.210863e+001
1.000116e+002	-5.674493e+001
1.000472e+002	-5.970253e+001
1.001001e+002	-6.206914e+001
9.994560e+001	-7.152792e+001
9.925537e+001	-9.930819e+001
9.920456e+001	-1.052208e+002
9.975859e+001	-9.044807e+001
1.002781e+002	-7.685735e+001
1.006074e+002	-6.976775e+001
1.007294e+002	-6.977032e+001
1.006268e+002	-7.745612e+001
1.006451e+002	-8.100472e+001
1.007152e+002	-8.278039e+001
1.005780e+002	-9.164818e+001
1.004926e+002	-9.874282e+001
1.006319e+002	-9.815439e+001
1.010304e+002	-8.870076e+001
1.014116e+002	-7.983812e+001
1.014126e+002	-8.397783e+001
1.010335e+002	-1.011198e+002
1.009999e+002	-1.064415e+002
1.013293e+002	-9.935194e+001
1.016414e+002	-9.285334e+001
1.015733e+002	-9.935709e+001
1.016262e+002	-1.017237e+002
1.021111e+002	-8.931492e+001
1.023713e+002	-8.458941e+001
1.023032e+002	-9.109311e+001
1.023907e+002	-9.227779e+001
1.028237e+002	-8.164205e+001
1.031704e+002	-7.396151e+001
1.031023e+002	-8.046520e+001
1.030342e+002	-8.696895e+001
1.033463e+002	-8.047035e+001
1.036065e+002	-7.574485e+001
1.033829e+002	-8.756767e+001
1.029692e+002	-1.058917e+002
1.031776e+002	-1.029392e+002
1.033860e+002	-9.998669e+001
1.032660e+002	-1.082634e+002
1.031288e+002	-1.171312e+002
1.035791e+002	-1.059045e+002
1.038048e+002	-1.023610e+002
1.036503e+002	-1.118198e+002
1.036513e+002	-1.159595e+002
1.038252e+002	-1.141890e+002
1.040854e+002	-1.094635e+002
1.042593e+002	-1.076930e+002
1.041566e+002	-1.153788e+002
1.044514e+002	-1.094712e+002
1.047289e+002	-1.041547e+002
1.047645e+002	-1.071123e+002
1.047656e+002	-1.112520e+002
1.050431e+002	-1.059354e+002
1.049059e+002	-1.148031e+002
1.049242e+002	-1.183519e+002
1.051671e+002	-1.142173e+002
1.056866e+002	-1.006266e+002
1.058604e+002	-9.885606e+001
1.057923e+002	-1.053598e+002
1.061390e+002	-9.767922e+001
1.064338e+002	-9.177172e+001
1.062447e+002	-1.024125e+002
1.057792e+002	-1.225095e+002
1.062468e+002	-1.106919e+002
1.066798e+002	-1.000562e+002
1.068710e+002	-9.769466e+001
1.066128e+002	-1.106996e+002
1.065274e+002	-1.177942e+002
1.063211e+002	-1.290261e+002
1.062011e+002	-1.373029e+002
1.060466e+002	-1.467617e+002
1.064105e+002	-1.384900e+002
1.070164e+002	-1.219442e+002
1.072248e+002	-1.189918e+002
1.075715e+002	-1.113112e+002
1.082637e+002	-9.181033e+001
1.083512e+002	-9.299490e+001
1.080930e+002	-1.059998e+002
1.082150e+002	-1.060023e+002
1.081123e+002	-1.136881e+002
1.081479e+002	-1.166457e+002
1.083390e+002	-1.142842e+002
1.080117e+002	-1.296532e+002
1.079263e+002	-1.367479e+002
1.078928e+002	-1.420696e+002
1.079629e+002	-1.438452e+002
1.085515e+002	-1.278904e+002
1.091401e+002	-1.119356e+002
1.093313e+002	-1.095742e+002
1.089175e+002	-1.278982e+002
1.086593e+002	-1.409030e+002
1.086776e+002	-1.444517e+002
1.089897e+002	-1.379531e+002
1.092327e+002	-1.338185e+002
1.091646e+002	-1.403223e+002
1.094249e+002	-1.355968e+002
1.096333e+002	-1.326442e+002
1.097207e+002	-1.338288e+002
1.098945e+002	-1.320583e+002
1.102757e+002	-1.231958e+002
1.105878e+002	-1.166972e+002
1.105370e+002	-1.226099e+002
1.104343e+002	-1.302956e+002
1.102280e+002	-1.415274e+002
1.104364e+002	-1.385750e+002
1.107485e+002	-1.320764e+002
1.109223e+002	-1.303059e+002
1.110962e+002	-1.285355e+002
1.110626e+002	-1.338571e+002
1.108736e+002	-1.444980e+002
1.110129e+002	-1.439096e+002
1.109620e+002	-1.498222e+002
1.108594e+002	-1.575080e+002
1.107913e+002	-1.640117e+002
1.110170e+002	-1.604681e+002
1.114500e+002	-1.498325e+002
1.115375e+002	-1.510171e+002
1.115730e+002	-1.539748e+002
1.115049e+002	-1.604784e+002
1.113677e+002	-1.693463e+002
1.117144e+002	-1.616657e+002
1.119401e+002	-1.581222e+002
1.119238e+002	-1.628529e+002
1.120285e+002	-1.634465e+002
1.124097e+002	-1.545838e+002
1.122379e+002	-1.646336e+002
1.122908e+002	-1.670002e+002
1.124128e+002	-1.670028e+002
1.123620e+002	-1.729155e+002
1.124667e+002	-1.735091e+002
1.126578e+002	-1.711476e+002
1.126934e+002	-1.741052e+002
1.124525e+002	-1.865191e+002
1.126609e+002	-1.835666e+002
1.129903e+002	-1.764770e+002
1.132505e+002	-1.717515e+002
1.134589e+002	-1.687990e+002
1.136328e+002	-1.670285e+002
1.138239e+002	-1.646671e+002
1.137385e+002	-1.717618e+002
1.137568e+002	-1.753105e+002
1.135332e+002	-1.871333e+002
1.135861e+002	-1.894999e+002
1.138636e+002	-1.841834e+002
1.137955e+002	-1.906871e+002
1.138829e+002	-1.918717e+002
1.144542e+002	-1.765079e+002
1.146626e+002	-1.735554e+002
1.151821e+002	-1.599647e+002
1.168940e+002	-1.055940e+002
1.185194e+002	-5.417847e+001
1.190562e+002	-3.999676e+001
1.191609e+002	-4.059032e+001
1.193175e+002	-3.941080e+001
1.195604e+002	-3.527635e+001
1.198725e+002	-2.877774e+001
1.202710e+002	-1.932411e+001
1.207041e+002	-8.688433e+000
1.211544e+002	2.538185e+000
1.212764e+002	2.535613e+000
1.211910e+002	-4.559010e+000
1.210711e+002	-1.283580e+001
1.209339e+002	-2.170359e+001
1.210904e+002	-2.052412e+001
1.212124e+002	-2.052669e+001
1.215072e+002	-1.461919e+001
1.218366e+002	-7.529598e+000
1.216994e+002	-1.639739e+001
1.217350e+002	-1.935499e+001
1.221853e+002	-8.128321e+000
1.223591e+002	-6.357850e+000
1.222219e+002	-1.522563e+001
1.224130e+002	-1.286412e+001
1.228634e+002	-1.637438e+000
1.230199e+002	-4.580206e-001
1.228136e+002	-1.168984e+001
1.225381e+002	-2.528571e+001
1.225737e+002	-2.824332e+001
1.229376e+002	-1.997173e+001
1.231460e+002	-1.701927e+001
1.233545e+002	-1.406670e+001
1.234419e+002	-1.525138e+001
1.236848e+002	-1.111681e+001
1.238241e+002	-1.052839e+001
1.241880e+002	-2.256798e+000
1.241891e+002	-6.396452e+000
1.242765e+002	-7.581076e+000
1.242948e+002	-1.112968e+001
1.244341e+002	-1.054126e+001
1.244697e+002	-1.349886e+001
1.244880e+002	-1.704758e+001
1.245409e+002	-1.941419e+001
1.242654e+002	-3.301005e+001
1.248540e+002	-1.705530e+001
1.250451e+002	-1.469384e+001
1.249424e+002	-2.237952e+001
1.250472e+002	-2.297309e+001
1.249272e+002	-3.124994e+001
1.248591e+002	-3.775357e+001
1.248429e+002	-4.248428e+001
1.251204e+002	-3.716772e+001
1.253634e+002	-3.303322e+001
1.253298e+002	-3.835492e+001
1.253136e+002	-4.308563e+001
1.259194e+002	-2.653982e+001
1.265426e+002	-9.402963e+000
1.265436e+002	-1.354262e+001
1.267175e+002	-1.177220e+001
1.265975e+002	-2.004894e+001
1.264085e+002	-3.068983e+001
1.267378e+002	-2.360012e+001
1.268080e+002	-2.537579e+001
1.268263e+002	-2.892445e+001
1.270520e+002	-2.538093e+001
1.274850e+002	-1.474531e+001
1.275033e+002	-1.829392e+001
1.274007e+002	-2.597971e+001
1.278510e+002	-1.475303e+001
1.284050e+002	1.977937e-002
1.286826e+002	5.336334e+000
1.287700e+002	4.151710e+000
1.288920e+002	4.149138e+000
1.291522e+002	8.874641e+000
1.292570e+002	8.281069e+000
1.289988e+002	-4.723733e+000
1.286369e+002	-2.127480e+001
1.287416e+002	-2.186831e+001
1.290364e+002	-1.596076e+001
1.292102e+002	-1.419024e+001
1.291940e+002	-1.892095e+001
1.295407e+002	-1.124035e+001
1.299564e+002	-1.195723e+000
1.300439e+002	-2.380337e+000
1.298375e+002	-1.361211e+001
1.298213e+002	-1.834282e+001
1.298741e+002	-2.070943e+001
1.299443e+002	-2.248504e+001
1.298762e+002	-2.898879e+001
1.297044e+002	-3.903857e+001
1.300165e+002	-3.254003e+001
1.301385e+002	-3.254260e+001
1.299494e+002	-4.318343e+001
1.302442e+002	-3.727582e+001
1.308328e+002	-2.132113e+001
1.309203e+002	-2.250563e+001
1.309386e+002	-2.605435e+001
1.312334e+002	-2.014674e+001
1.315282e+002	-1.423914e+001
1.315810e+002	-1.660586e+001
1.318413e+002	-1.188030e+001
1.317386e+002	-1.956604e+001
1.316533e+002	-2.666079e+001
1.316370e+002	-3.139149e+001
1.317417e+002	-3.198506e+001
1.318464e+002	-3.257863e+001
1.319339e+002	-3.376326e+001
1.322632e+002	-2.667366e+001
1.326099e+002	-1.899301e+001
1.327319e+002	-1.899558e+001
1.329576e+002	-1.545212e+001
1.332005e+002	-1.131756e+001
1.333917e+002	-8.956095e+000
1.332544e+002	-1.782389e+001
1.332900e+002	-2.078149e+001
1.336540e+002	-1.250990e+001
1.335340e+002	-2.078664e+001
1.334314e+002	-2.847238e+001
1.334497e+002	-3.202109e+001
1.336581e+002	-2.906858e+001
1.340220e+002	-2.079694e+001
1.342650e+002	-1.666248e+001
1.340932e+002	-2.671226e+001
1.339387e+002	-3.617104e+001
1.341816e+002	-3.203654e+001
1.342518e+002	-3.381215e+001
1.346503e+002	-2.435852e+001
1.347550e+002	-2.495209e+001
1.346869e+002	-3.145583e+001
1.351027e+002	-2.141121e+001
1.353802e+002	-1.609460e+001
1.353639e+002	-2.082524e+001
1.354341e+002	-2.260086e+001
1.356771e+002	-1.846636e+001
1.354189e+002	-3.147127e+001
1.357137e+002	-2.556368e+001
1.363196e+002	-9.017869e+000
1.361478e+002	-1.906765e+001
1.359587e+002	-2.970848e+001
1.362017e+002	-2.557397e+001
1.364101e+002	-2.262145e+001
1.366530e+002	-1.848695e+001
1.368442e+002	-1.612548e+001
1.370180e+002	-1.435495e+001
1.370190e+002	-1.849466e+001
1.369164e+002	-2.618046e+001
1.369174e+002	-3.032007e+001
1.370221e+002	-3.091374e+001
1.373342e+002	-2.441514e+001
1.377500e+002	-1.437040e+001
1.380448e+002	-8.462901e+000
1.376829e+002	-2.501386e+001
1.375457e+002	-3.388164e+001
1.379096e+002	-2.561000e+001
1.382044e+002	-1.970245e+001
1.382573e+002	-2.206906e+001
1.378954e+002	-3.862001e+001
1.376199e+002	-5.221587e+001
1.378629e+002	-4.808143e+001
1.382441e+002	-3.921873e+001
1.387809e+002	-2.503702e+001
1.389374e+002	-2.385749e+001
1.391804e+002	-1.972304e+001
1.393888e+002	-1.677058e+001
1.396318e+002	-1.263601e+001
1.400475e+002	-2.591387e+000
1.406361e+002	1.336341e+001
1.408964e+002	1.808891e+001
1.410011e+002	1.749535e+001
1.405701e+002	-1.419630e+000
1.403119e+002	-1.442445e+001
1.404857e+002	-1.265403e+001
1.404867e+002	-1.679374e+001
1.401594e+002	-3.216265e+001
1.401777e+002	-3.571131e+001
1.406108e+002	-2.507563e+001
1.407674e+002	-2.389610e+001
1.409239e+002	-2.271668e+001
1.414261e+002	-9.716960e+000
1.413580e+002	-1.622071e+001
1.414627e+002	-1.681433e+001
1.417748e+002	-1.031573e+001
1.420178e+002	-6.181226e+000
1.417596e+002	-1.918604e+001
1.416742e+002	-2.628084e+001
1.415024e+002	-3.633061e+001
1.417108e+002	-3.337810e+001
1.419192e+002	-3.042559e+001
1.419203e+002	-3.456530e+001
1.417312e+002	-4.520612e+001
1.419742e+002	-4.107161e+001
1.425282e+002	-2.629885e+001
1.426156e+002	-2.748342e+001
1.422883e+002	-4.285233e+001
1.427386e+002	-3.162570e+001
1.432063e+002	-1.980798e+001
1.430690e+002	-2.867571e+001
1.428800e+002	-3.931653e+001
1.429674e+002	-4.050121e+001
1.430376e+002	-4.227677e+001
1.432460e+002	-3.932426e+001
1.434889e+002	-3.518975e+001
1.440602e+002	-1.982599e+001
1.443378e+002	-1.450938e+001
1.443215e+002	-1.924009e+001
1.443225e+002	-2.337974e+001
1.445482e+002	-1.983628e+001
1.448430e+002	-1.392868e+001
1.445848e+002	-2.693360e+001
1.446377e+002	-2.930022e+001
1.452609e+002	-1.216341e+001
1.453310e+002	-1.393897e+001
1.451247e+002	-2.517086e+001
1.447628e+002	-4.172181e+001
1.448502e+002	-4.290637e+001
1.450240e+002	-4.113596e+001
1.452324e+002	-3.818338e+001
1.456309e+002	-2.872976e+001
1.457011e+002	-3.050537e+001
1.458577e+002	-2.932595e+001
1.462389e+002	-2.046331e+001
1.464127e+002	-1.869284e+001
1.466211e+002	-1.574038e+001
1.469159e+002	-9.832776e+000
1.471762e+002	-5.107220e+000
1.472982e+002	-5.109791e+000
1.473165e+002	-8.658511e+000
1.474039e+002	-9.843072e+000
1.472667e+002	-1.871086e+001
1.470603e+002	-2.994269e+001
1.471305e+002	-3.171835e+001
1.473389e+002	-2.876579e+001
1.474090e+002	-3.054140e+001
1.476174e+002	-2.758894e+001
1.479123e+002	-2.168145e+001
1.479478e+002	-2.463905e+001
1.480698e+002	-2.464163e+001
1.481054e+002	-2.759924e+001
1.482101e+002	-2.819281e+001
1.483149e+002	-2.878638e+001
1.485751e+002	-2.406081e+001
1.487317e+002	-2.288140e+001
1.490092e+002	-1.756490e+001
1.491657e+002	-1.638542e+001
1.490977e+002	-2.288912e+001
1.489431e+002	-3.234795e+001
1.492207e+002	-2.703140e+001
1.494291e+002	-2.407883e+001
1.496029e+002	-2.230842e+001
1.497249e+002	-2.231099e+001
1.499852e+002	-1.758549e+001
1.502973e+002	-1.108689e+001
1.500563e+002	-2.350070e+001
1.500401e+002	-2.823141e+001
1.501966e+002	-2.705199e+001
1.503186e+002	-2.705456e+001
1.507517e+002	-1.641888e+001
1.512884e+002	-2.237117e+000
1.512031e+002	-9.331867e+000
1.509622e+002	-2.174579e+001
1.509459e+002	-2.647644e+001
1.509642e+002	-3.002504e+001
1.514318e+002	-1.820737e+001
1.517612e+002	-1.111778e+001
1.518141e+002	-1.348439e+001
1.524372e+002	3.652407e+000
1.529394e+002	1.665213e+001
1.529750e+002	1.369452e+001
1.524403e+002	-8.766603e+000
1.523722e+002	-1.527035e+001
1.524596e+002	-1.645492e+001
1.523051e+002	-2.591370e+001
1.522543e+002	-3.182645e+001
1.524627e+002	-2.887388e+001
1.524465e+002	-3.360459e+001
1.524821e+002	-3.656225e+001
1.528287e+002	-2.888160e+001
1.531926e+002	-2.061002e+001
1.536257e+002	-9.974336e+000
1.537477e+002	-9.976907e+000
1.534722e+002	-2.357277e+001
1.532486e+002	-3.539565e+001
1.533015e+002	-3.776226e+001
1.538728e+002	-2.239850e+001
1.541157e+002	-1.826399e+001
1.539785e+002	-2.713178e+001
1.540660e+002	-2.831635e+001
1.544126e+002	-2.063575e+001
1.546556e+002	-1.650125e+001
1.552442e+002	-5.464323e-001
1.553489e+002	-1.140057e+000
1.550907e+002	-1.414487e+001
1.553164e+002	-1.060142e+001
1.554211e+002	-1.119499e+001
1.554394e+002	-1.474359e+001
1.553713e+002	-2.124734e+001
1.554587e+002	-2.243196e+001
1.554597e+002	-2.657167e+001
1.554781e+002	-3.012028e+001
1.553236e+002	-3.957906e+001
1.551518e+002	-4.962889e+001
1.553256e+002	-4.785837e+001
1.557587e+002	-3.722274e+001
1.562263e+002	-2.540506e+001
1.562446e+002	-2.895366e+001
1.561419e+002	-3.663947e+001
1.562467e+002	-3.723304e+001
1.565069e+002	-3.250752e+001
1.564561e+002	-3.842017e+001
1.563534e+002	-4.610596e+001
1.571148e+002	-2.424098e+001
1.577034e+002	-8.286276e+000
1.576699e+002	-1.360793e+001
1.572907e+002	-3.074988e+001
1.568424e+002	-5.025597e+001
1.566188e+002	-6.207874e+001
1.566371e+002	-6.562739e+001
1.567764e+002	-6.503897e+001
1.571749e+002	-5.558533e+001
1.579190e+002	-3.431146e+001
1.585422e+002	-1.717466e+001
1.586642e+002	-1.717723e+001
1.585096e+002	-2.663601e+001
1.586662e+002	-2.545654e+001
1.592030e+002	-1.127478e+001
1.595842e+002	-2.412136e+000
1.589804e+002	-2.723731e+001
1.586876e+002	-4.142421e+001
1.587923e+002	-4.201779e+001
1.589143e+002	-4.202036e+001
1.592610e+002	-3.433977e+001
1.594348e+002	-3.256930e+001
1.597469e+002	-2.607070e+001
1.604392e+002	-6.569856e+000
1.605093e+002	-8.345479e+000
1.603894e+002	-1.662221e+001
1.603213e+002	-2.312590e+001
1.601841e+002	-3.199375e+001
1.599086e+002	-4.558961e+001
1.598232e+002	-5.268430e+001
1.601699e+002	-4.500371e+001
1.605511e+002	-3.614112e+001
1.607076e+002	-3.496165e+001
1.608296e+002	-3.496422e+001
1.612454e+002	-2.491959e+001
1.615921e+002	-1.723900e+001
1.615067e+002	-2.433364e+001
1.616805e+002	-2.256322e+001
1.619235e+002	-1.842871e+001
1.620282e+002	-1.902228e+001
1.618219e+002	-3.025410e+001
1.616328e+002	-4.089499e+001
1.616684e+002	-4.385260e+001
1.622397e+002	-2.848879e+001
1.628628e+002	-1.135199e+001
1.631922e+002	-4.262392e+000
1.635043e+002	2.236206e+000
1.634016e+002	-5.449524e+000
1.630743e+002	-2.081849e+001
1.629025e+002	-3.086827e+001
1.631282e+002	-2.732481e+001
1.638896e+002	-5.459820e+000
1.641326e+002	-1.325371e+000
1.642373e+002	-1.918942e+000
1.640828e+002	-1.137772e+001
1.640493e+002	-1.669942e+001
1.641194e+002	-1.847504e+001
1.641204e+002	-2.261469e+001
1.639487e+002	-3.266452e+001
1.638978e+002	-3.857717e+001
1.641581e+002	-3.385166e+001
1.643319e+002	-3.208125e+001
1.646786e+002	-2.440055e+001
1.651462e+002	-1.258293e+001
1.652509e+002	-1.317650e+001
1.649409e+002	-2.795441e+001
1.647345e+002	-3.918624e+001
1.649084e+002	-3.741577e+001
1.652205e+002	-3.091716e+001
1.659127e+002	-1.141633e+001
1.663631e+002	-1.896546e-001
1.665888e+002	3.353849e+000
1.663824e+002	-7.878019e+000
1.664180e+002	-1.083563e+001
1.663499e+002	-1.733937e+001
1.660917e+002	-3.034419e+001
1.661791e+002	-3.152886e+001
1.667505e+002	-1.616505e+001
1.668379e+002	-1.734967e+001
1.666661e+002	-2.739945e+001
1.668745e+002	-2.444688e+001
1.669965e+002	-2.444945e+001
1.673431e+002	-1.676891e+001
1.677589e+002	-6.724283e+000
1.677772e+002	-1.027288e+001
1.678474e+002	-1.204850e+001
1.679694e+002	-1.205108e+001
1.684197e+002	-8.243992e-001
1.687491e+002	6.265135e+000
1.684563e+002	-7.921774e+000
1.682327e+002	-1.974453e+001
1.679918e+002	-3.215846e+001
1.675781e+002	-5.048247e+001
1.678038e+002	-4.693890e+001
1.687380e+002	-1.916384e+001
1.691538e+002	-9.119203e+000
1.691548e+002	-1.325886e+001
1.687929e+002	-2.980982e+001
1.688458e+002	-3.217648e+001
1.690887e+002	-2.804192e+001
1.690898e+002	-3.218163e+001
1.691599e+002	-3.395719e+001
1.691609e+002	-3.809684e+001
1.691965e+002	-4.105456e+001
1.698370e+002	-2.332666e+001
1.707021e+002	2.084351e+000
1.707895e+002	8.996818e-001
1.705831e+002	-1.033208e+001
1.705323e+002	-1.624484e+001
1.709654e+002	-5.609094e+000
1.709837e+002	-9.157813e+000
1.706564e+002	-2.452667e+001
1.704846e+002	-3.457655e+001
1.704511e+002	-3.989820e+001
1.704002e+002	-4.581095e+001
1.706432e+002	-4.167645e+001
1.712318e+002	-2.572163e+001
1.720105e+002	-3.265708e+000
1.722535e+002	8.687945e-001
1.720989e+002	-8.589978e+000
1.718062e+002	-2.277684e+001
1.717381e+002	-2.928053e+001
1.718428e+002	-2.987415e+001
1.720339e+002	-2.751269e+001
1.720695e+002	-3.047030e+001
1.720533e+002	-3.520101e+001
1.722444e+002	-3.283954e+001
1.727811e+002	-1.865778e+001
1.726957e+002	-2.575252e+001
1.724030e+002	-3.993938e+001
1.724559e+002	-4.230605e+001
1.727507e+002	-3.639850e+001
1.731492e+002	-2.694486e+001
1.734440e+002	-2.103726e+001
1.733413e+002	-2.872300e+001
1.734806e+002	-2.813457e+001
1.739136e+002	-1.749894e+001
1.744158e+002	-4.499176e+000
1.747106e+002	1.408315e+000
1.746080e+002	-6.277415e+000
1.744362e+002	-1.632720e+001
1.741607e+002	-2.992306e+001
1.744383e+002	-2.460645e+001
1.750787e+002	-6.878710e+000
1.751834e+002	-7.472281e+000
1.749598e+002	-1.929510e+001
1.750126e+002	-2.166171e+001
1.752902e+002	-1.634521e+001
1.750147e+002	-2.994107e+001
1.748602e+002	-3.939985e+001
1.750686e+002	-3.644739e+001
1.755362e+002	-2.462961e+001
1.758829e+002	-1.694907e+001
1.760740e+002	-1.458756e+001
1.762824e+002	-1.163510e+001
1.763353e+002	-1.400171e+001
1.763363e+002	-1.814142e+001
1.762509e+002	-2.523616e+001
1.762519e+002	-2.937576e+001
1.759246e+002	-4.474472e+001
1.757701e+002	-5.420350e+001
1.762377e+002	-4.238583e+001
1.766535e+002	-3.234120e+001
1.770347e+002	-2.347850e+001
1.769148e+002	-3.175535e+001
1.769158e+002	-3.589495e+001
1.774526e+002	-2.171319e+001
1.780239e+002	-6.349486e+000
1.779212e+002	-1.403516e+001
1.776803e+002	-2.644904e+001
1.777677e+002	-2.763366e+001
1.777860e+002	-3.118226e+001
1.781327e+002	-2.350167e+001
1.784448e+002	-1.700312e+001
1.781348e+002	-3.178108e+001
1.779802e+002	-4.123988e+001
1.781368e+002	-4.006034e+001
1.784662e+002	-3.297080e+001
1.786227e+002	-3.179138e+001
1.789521e+002	-2.470168e+001
1.792469e+002	-1.879418e+001
1.795936e+002	-1.111359e+001
1.797674e+002	-9.343119e+000
1.795611e+002	-2.057494e+001
1.800114e+002	-9.348271e+000
1.799606e+002	-1.526091e+001
1.797542e+002	-2.649279e+001
1.797725e+002	-3.004145e+001
1.798081e+002	-3.299911e+001
1.797400e+002	-3.950281e+001
1.794127e+002	-5.487171e+001
1.793792e+002	-6.019347e+001
1.799159e+002	-4.601170e+001
1.806082e+002	-2.651081e+001
1.814042e+002	-3.463881e+000
1.817163e+002	3.034708e+000
1.814062e+002	-1.174319e+001
1.811826e+002	-2.356601e+001
1.812355e+002	-2.593268e+001
1.814611e+002	-2.238922e+001
1.814276e+002	-2.771088e+001
1.814805e+002	-3.007748e+001
1.814815e+002	-3.421713e+001
1.814480e+002	-3.953884e+001
1.815527e+002	-4.013241e+001
1.814500e+002	-4.781815e+001
1.816412e+002	-4.545668e+001
1.820742e+002	-3.482105e+001
1.826628e+002	-1.886625e+001
1.825947e+002	-2.537000e+001
1.830105e+002	-1.532525e+001
1.829942e+002	-2.005596e+001
1.830471e+002	-2.242268e+001
1.832901e+002	-1.828812e+001
1.830146e+002	-3.188404e+001
1.835168e+002	-1.888427e+001
1.838116e+002	-1.297671e+001
1.838817e+002	-1.475227e+001
1.841247e+002	-1.061777e+001
1.840912e+002	-1.593952e+001
1.839885e+002	-2.362521e+001
1.840932e+002	-2.421878e+001
1.844053e+002	-1.772029e+001
1.844927e+002	-1.890486e+001
1.841136e+002	-3.604680e+001
1.839764e+002	-4.491459e+001
1.841502e+002	-4.314412e+001
1.848079e+002	-2.482522e+001
1.851200e+002	-1.832673e+001
1.851902e+002	-2.010229e+001
1.847937e+002	-3.783529e+001
1.845182e+002	-5.143121e+001
1.848822e+002	-4.315956e+001
1.854362e+002	-2.838680e+001
1.857137e+002	-2.307025e+001
1.856456e+002	-2.957393e+001
1.856985e+002	-3.194067e+001
1.858551e+002	-3.076113e+001
1.863054e+002	-1.953446e+001
1.863583e+002	-2.190106e+001
1.864975e+002	-2.131264e+001
1.873454e+002	3.507365e+000
1.873982e+002	1.140644e+000
1.866562e+002	-2.841254e+001
1.866053e+002	-3.432523e+001
1.869002e+002	-2.841768e+001
1.871777e+002	-2.310113e+001
1.873688e+002	-2.073967e+001
1.876118e+002	-1.660516e+001
1.877338e+002	-1.660773e+001
1.875965e+002	-2.547552e+001
1.875976e+002	-2.961512e+001
1.871493e+002	-4.912122e+001
1.868565e+002	-6.330807e+001
1.873760e+002	-4.971736e+001
1.879473e+002	-3.435354e+001
1.885013e+002	-1.958078e+001
1.889344e+002	-8.945158e+000
1.887799e+002	-1.840394e+001
1.889364e+002	-1.722447e+001
1.891794e+002	-1.308996e+001
1.893014e+002	-1.309253e+001
1.894061e+002	-1.368610e+001
1.894071e+002	-1.782581e+001
1.893736e+002	-2.314746e+001
1.893919e+002	-2.669612e+001
1.895830e+002	-2.433459e+001
1.891348e+002	-4.384064e+001
1.894123e+002	-3.852408e+001
1.900182e+002	-2.197828e+001
1.901401e+002	-2.198086e+001
1.900375e+002	-2.966660e+001
1.903841e+002	-2.198600e+001
1.903679e+002	-2.671671e+001
1.896777e+002	-5.449691e+001
1.898515e+002	-5.272644e+001
1.907512e+002	-2.613343e+001
1.913743e+002	-8.996628e+000
1.911680e+002	-2.022840e+001
1.911344e+002	-2.555016e+001
1.912219e+002	-2.673472e+001
1.913439e+002	-2.673730e+001
1.913794e+002	-2.969490e+001
1.914842e+002	-3.028853e+001
1.916061e+002	-3.029110e+001
1.915899e+002	-3.502181e+001
1.919711e+002	-2.615917e+001
1.924733e+002	-1.315945e+001
1.925262e+002	-1.552600e+001
1.921989e+002	-3.089497e+001
1.919925e+002	-4.212684e+001
1.925811e+002	-2.617204e+001
1.930487e+002	-1.435431e+001
1.929115e+002	-2.322209e+001
1.932754e+002	-1.495045e+001
1.938467e+002	4.132373e-001
1.937095e+002	-8.454536e+000
1.936587e+002	-1.436718e+001
1.935906e+002	-2.087093e+001
1.938163e+002	-1.732742e+001
1.938519e+002	-2.028502e+001
1.942849e+002	-9.649392e+000
1.942514e+002	-1.497105e+001
1.940278e+002	-2.679392e+001
1.942534e+002	-2.325041e+001
1.946174e+002	-1.497876e+001
1.949295e+002	-8.480271e+000
1.954835e+002	6.292539e+000
1.955364e+002	3.925926e+000
1.950881e+002	-1.558005e+001
1.950718e+002	-2.031076e+001
1.956604e+002	-4.356010e+000
1.959034e+002	-2.214983e-001
1.957834e+002	-8.498291e+000
1.957326e+002	-1.441093e+001
1.956300e+002	-2.209667e+001
1.954927e+002	-3.096446e+001
1.956147e+002	-3.096703e+001
1.962033e+002	-1.501222e+001
1.963426e+002	-1.442380e+001
1.961017e+002	-2.683767e+001
1.963274e+002	-2.329416e+001
1.964839e+002	-2.211468e+001
1.963986e+002	-2.920943e+001
1.966415e+002	-2.507487e+001
1.968845e+002	-2.094042e+001
1.964535e+002	-3.985541e+001
1.962471e+002	-5.108729e+001
1.962136e+002	-5.640893e+001
1.963183e+002	-5.700250e+001
1.968896e+002	-4.163880e+001
1.973400e+002	-3.041207e+001
1.973410e+002	-3.455172e+001
1.973766e+002	-3.750939e+001
1.977578e+002	-2.864675e+001
1.980008e+002	-2.451218e+001
1.982956e+002	-1.860469e+001
1.982966e+002	-2.274440e+001
1.988333e+002	-8.562637e+000
1.992146e+002	2.999932e-001
1.992847e+002	-1.475558e+000
1.989228e+002	-1.802656e+001
1.988375e+002	-2.512119e+001
1.993224e+002	-1.271252e+001
1.994789e+002	-1.153311e+001
1.993417e+002	-2.040084e+001
1.992909e+002	-2.631360e+001
1.992228e+002	-3.281735e+001
1.992065e+002	-3.754799e+001
1.994495e+002	-3.341349e+001
1.994851e+002	-3.637109e+001
1.998663e+002	-2.750851e+001
2.001265e+002	-2.278300e+001
1.999029e+002	-3.460577e+001
1.999558e+002	-3.697244e+001
2.002333e+002	-3.165583e+001
2.001998e+002	-3.697758e+001
1.999934e+002	-4.820935e+001
2.003228e+002	-4.111976e+001
2.006694e+002	-3.343922e+001
2.007569e+002	-3.462378e+001
2.011899e+002	-2.398810e+001
2.016403e+002	-1.276143e+001
2.014512e+002	-2.340226e+001
2.015041e+002	-2.576892e+001
2.019717e+002	-1.395120e+001
2.025603e+002	2.003609e+000
2.026477e+002	8.189310e-001
2.023895e+002	-1.218587e+001
2.023387e+002	-1.809863e+001
2.023052e+002	-2.342028e+001
2.026864e+002	-1.455764e+001
2.028430e+002	-1.337822e+001
2.028785e+002	-1.633588e+001
2.027586e+002	-2.461256e+001
2.026905e+002	-3.111631e+001
2.029680e+002	-2.579981e+001
2.032628e+002	-1.989220e+001
2.035922e+002	-1.280261e+001
2.036969e+002	-1.339623e+001
2.035079e+002	-2.403701e+001
2.034570e+002	-2.994971e+001
2.038210e+002	-2.167811e+001
2.040812e+002	-1.695261e+001
2.039094e+002	-2.700239e+001
2.039969e+002	-2.818702e+001
2.043435e+002	-2.050636e+001
2.045346e+002	-1.814496e+001
2.045702e+002	-2.110256e+001
2.047959e+002	-1.755905e+001
2.048833e+002	-1.874367e+001
2.048153e+002	-2.524730e+001
2.047817e+002	-3.056906e+001
2.051975e+002	-2.052438e+001
2.055269e+002	-1.343484e+001
2.056143e+002	-1.461940e+001
2.055116e+002	-2.230514e+001
2.050806e+002	-4.122013e+001
2.049434e+002	-5.008798e+001
2.052555e+002	-4.358938e+001
2.054812e+002	-4.004587e+001
2.058451e+002	-3.177422e+001
2.058634e+002	-3.532294e+001
2.060200e+002	-3.414347e+001
2.064358e+002	-2.409878e+001
2.067651e+002	-1.700923e+001
2.070599e+002	-1.110163e+001
2.070091e+002	-1.701438e+001
2.071829e+002	-1.524386e+001
2.073049e+002	-1.524643e+001
2.073578e+002	-1.761310e+001
2.079810e+002	-4.763021e-001
2.081721e+002	1.885212e+000
2.077929e+002	-1.525673e+001
2.072582e+002	-3.771786e+001
2.070864e+002	-4.776764e+001
2.073640e+002	-4.245114e+001
2.075896e+002	-3.890757e+001
2.078499e+002	-3.418207e+001
2.083348e+002	-2.177335e+001
2.082667e+002	-2.827710e+001
2.080431e+002	-4.009991e+001
2.083551e+002	-3.360136e+001
2.086154e+002	-2.887581e+001
2.085473e+002	-3.537956e+001
2.086347e+002	-3.656412e+001
2.092060e+002	-2.120037e+001
2.094490e+002	-1.706585e+001
2.094155e+002	-2.238750e+001
2.097103e+002	-1.648001e+001
2.101952e+002	-4.071285e+000
2.104554e+002	6.542082e-001
2.103700e+002	-6.440415e+000
2.104402e+002	-8.216082e+000
2.103202e+002	-1.649287e+001
2.102003e+002	-2.476956e+001
2.103396e+002	-2.418113e+001
2.106171e+002	-1.886463e+001
2.106527e+002	-2.182224e+001
2.106883e+002	-2.477986e+001
2.109485e+002	-2.005434e+001
2.111569e+002	-1.710188e+001
2.108642e+002	-3.128875e+001
2.108997e+002	-3.424640e+001
2.109872e+002	-3.543103e+001
2.110919e+002	-3.602460e+001
2.113003e+002	-3.307214e+001
2.117161e+002	-2.302751e+001
2.119936e+002	-1.771090e+001
2.119946e+002	-2.185055e+001
2.123413e+002	-1.416996e+001
2.125842e+002	-1.003545e+001
2.124124e+002	-2.008523e+001
2.123443e+002	-2.658898e+001
2.124318e+002	-2.777361e+001
2.129167e+002	-1.536482e+001
2.131942e+002	-1.004832e+001
2.131607e+002	-1.536997e+001
2.131790e+002	-1.891868e+001
2.134219e+002	-1.478413e+001
2.139068e+002	-2.375456e+000
2.138733e+002	-7.697154e+000
2.138052e+002	-1.420085e+001
2.140482e+002	-1.006634e+001
2.140146e+002	-1.538798e+001
2.140848e+002	-1.716366e+001
2.141376e+002	-1.953027e+001
2.140868e+002	-2.544291e+001
2.140878e+002	-2.958262e+001
2.143481e+002	-2.485706e+001
2.143837e+002	-2.781478e+001
2.147649e+002	-1.895214e+001
2.153535e+002	-2.997333e+000
2.156310e+002	2.319213e+000
2.159258e+002	8.226766e+000
2.159268e+002	4.087111e+000
2.159624e+002	1.129500e+000
2.162054e+002	5.263948e+000
2.161719e+002	-5.774097e-002
2.160346e+002	-8.925524e+000
2.155691e+002	-2.902251e+001
2.155010e+002	-3.552625e+001
2.155365e+002	-3.848387e+001
2.155721e+002	-4.144147e+001
2.162471e+002	-2.253163e+001
2.165247e+002	-1.721513e+001
2.162665e+002	-3.021994e+001
2.163885e+002	-3.022251e+001
2.163722e+002	-3.495322e+001
2.165115e+002	-3.436480e+001
2.167026e+002	-3.200328e+001
2.170492e+002	-2.432269e+001
2.174477e+002	-1.486905e+001
2.174833e+002	-1.782672e+001
2.173288e+002	-2.728550e+001
2.169842e+002	-4.324545e+001
2.167433e+002	-5.565927e+001
2.169863e+002	-5.152482e+001
2.174539e+002	-3.970704e+001
2.179906e+002	-2.552527e+001
2.180262e+002	-2.848298e+001
2.181482e+002	-2.848556e+001
2.185467e+002	-1.903193e+001
2.187724e+002	-1.548836e+001
2.189981e+002	-1.194490e+001
2.192929e+002	-6.037302e+000
2.195531e+002	-1.311791e+000
2.192258e+002	-1.668075e+001
2.191059e+002	-2.495744e+001
2.193661e+002	-2.023193e+001
2.196264e+002	-1.550638e+001
2.199557e+002	-8.416836e+000
2.200950e+002	-7.828409e+000
2.205626e+002	3.989306e+000
2.204081e+002	-5.469466e+000
2.201326e+002	-1.906538e+001
2.202892e+002	-1.788591e+001
2.204458e+002	-1.670650e+001
2.200148e+002	-3.562149e+001
2.199467e+002	-4.212523e+001
2.204316e+002	-2.971645e+001
2.207609e+002	-2.262685e+001
2.211594e+002	-1.317322e+001
2.213505e+002	-1.081176e+001
2.209023e+002	-3.031774e+001
2.207132e+002	-4.095857e+001
2.208870e+002	-3.918810e+001
2.210436e+002	-3.800868e+001
2.212174e+002	-3.623822e+001
2.218924e+002	-1.732837e+001
2.226884e+002	5.718594e+000
2.227067e+002	2.169938e+000
2.223967e+002	-1.260796e+001
2.218101e+002	-3.684208e+001
2.214828e+002	-5.221104e+001
2.218295e+002	-4.453040e+001
2.217786e+002	-5.044315e+001
2.221253e+002	-4.276255e+001
2.228694e+002	-2.148862e+001
2.233025e+002	-1.085294e+001
2.234936e+002	-8.491469e+000
2.234600e+002	-1.381318e+001
2.231154e+002	-2.977307e+001
2.229955e+002	-3.804987e+001
2.235150e+002	-2.445909e+001
2.236542e+002	-2.387067e+001
2.237417e+002	-2.505524e+001
2.243821e+002	-7.327500e+000
2.245214e+002	-6.738964e+000
2.243323e+002	-1.737985e+001
2.237976e+002	-3.984086e+001
2.238850e+002	-4.102549e+001
2.239206e+002	-4.398315e+001
2.241809e+002	-3.925759e+001
2.243374e+002	-3.807817e+001
2.244422e+002	-3.867174e+001
2.246506e+002	-3.571928e+001
2.249626e+002	-2.922068e+001
2.247736e+002	-3.986145e+001
2.244808e+002	-5.404837e+001
2.247929e+002	-4.754983e+001
2.250532e+002	-4.282433e+001
2.254171e+002	-3.455268e+001
2.254872e+002	-3.632829e+001
2.254710e+002	-4.105895e+001
2.256967e+002	-3.751549e+001
2.263717e+002	-1.860565e+001
2.270467e+002	3.041891e-001
2.273415e+002	6.211788e+000
2.273771e+002	3.254185e+000
2.271362e+002	-9.159735e+000
2.269298e+002	-2.039150e+001
2.270691e+002	-1.980308e+001
2.271565e+002	-2.098765e+001
2.272785e+002	-2.099022e+001
2.275215e+002	-1.685577e+001
2.276262e+002	-1.744934e+001
2.279210e+002	-1.154173e+001
2.282158e+002	-5.634180e+000
2.284933e+002	-3.176881e-001
2.281487e+002	-1.627753e+001
2.277695e+002	-3.341959e+001
2.279434e+002	-3.164906e+001
2.282555e+002	-2.515047e+001
2.281701e+002	-3.224521e+001
2.284131e+002	-2.811076e+001
2.290017e+002	-1.215595e+001
2.290891e+002	-1.334051e+001
2.287099e+002	-3.048246e+001
2.285554e+002	-3.994124e+001
2.288848e+002	-3.285176e+001
2.291796e+002	-2.694415e+001
2.290424e+002	-3.581194e+001
2.290434e+002	-3.995154e+001
2.291136e+002	-4.172715e+001
2.287862e+002	-5.709612e+001
2.289601e+002	-5.532565e+001
2.295314e+002	-3.996183e+001
2.298435e+002	-3.346334e+001
2.299655e+002	-3.346591e+001
2.304504e+002	-2.105714e+001
2.308143e+002	-1.278555e+001
2.310573e+002	-8.651039e+000
2.308855e+002	-1.870087e+001
2.310248e+002	-1.811240e+001
2.313369e+002	-1.161379e+001
2.313552e+002	-1.516246e+001
2.311488e+002	-2.639434e+001
2.314091e+002	-2.166878e+001
2.313237e+002	-2.876352e+001
2.311692e+002	-3.822230e+001
2.312739e+002	-3.881587e+001
2.310502e+002	-5.063875e+001
2.309994e+002	-5.655145e+001
2.311906e+002	-5.418992e+001
2.315026e+002	-4.769138e+001
2.324023e+002	-2.109832e+001
2.332328e+002	3.130645e+000
2.337868e+002	1.790336e+001
2.339261e+002	1.849177e+001
2.338926e+002	1.317013e+001
2.332369e+002	-1.342802e+001
2.327195e+002	-3.529809e+001
2.326687e+002	-4.121079e+001
2.329117e+002	-3.707629e+001
2.333793e+002	-2.525856e+001
2.333112e+002	-3.176231e+001
2.332604e+002	-3.767506e+001
2.338144e+002	-2.290224e+001
2.344721e+002	-4.583455e+000
2.347496e+002	7.331452e-001
2.346297e+002	-7.543692e+000
2.347690e+002	-6.955157e+000
2.349601e+002	-4.593750e+000
2.350648e+002	-5.187312e+000
2.354979e+002	5.448360e+000
2.354125e+002	-1.646380e+000
2.348778e+002	-2.410746e+001
2.347406e+002	-3.297529e+001
2.355365e+002	-9.928316e+000
2.358313e+002	-4.020708e+000
