    nm         	pN
0.000000e+000	6.147792e+002
2.850240e-002	6.050295e+002
-9.411254e-003	5.922768e+002
-3.072673e-002	5.802747e+002
-8.524470e-002	5.667713e+002
-2.227843e-001	5.495143e+002
-1.112652e-001	5.435180e+002
-1.657832e-001	5.300146e+002
-1.704894e-001	5.187634e+002
-2.914308e-001	5.022568e+002
-3.127389e-001	4.902549e+002
-3.174501e-001	4.790035e+002
-3.553649e-001	4.662508e+002
-4.098835e-001	4.527474e+002
-4.644058e-001	4.392439e+002
-5.023207e-001	4.264912e+002
-5.236306e-001	4.144892e+002
-5.615492e-001	4.017364e+002
-5.828591e-001	3.897345e+002
-6.539820e-001	3.754803e+002
-6.919013e-001	3.627275e+002
-7.630241e-001	3.484733e+002
-7.843390e-001	3.364712e+002
-8.056483e-001	3.244693e+002
-7.937496e-001	3.139688e+002
-7.818559e-001	3.034681e+002
-8.529788e-001	2.892140e+002
-9.241017e-001	2.749599e+002
-9.786252e-001	2.614563e+002
-1.082957e+000	2.457007e+002
-1.004641e+000	2.382032e+002
-1.092373e+000	2.231981e+002
-1.130287e+000	2.104454e+002
-1.201415e+000	1.961911e+002
-1.156307e+000	1.871921e+002
-1.227430e+000	1.729380e+002
-1.232141e+000	1.616866e+002
-1.220241e+000	1.511861e+002
-1.208343e+000	1.406856e+002
-1.229657e+000	1.286835e+002
-1.284177e+000	1.151801e+002
-1.371903e+000	1.001753e+002
-1.376614e+000	8.892383e+001
-1.397924e+000	7.692191e+001
-1.419233e+000	6.491999e+001
-1.473757e+000	5.141638e+001
-1.561484e+000	3.641152e+001
-1.566195e+000	2.516012e+001
-1.537691e+000	1.541039e+001
-1.592210e+000	1.906996e+000
-1.679937e+000	-1.309784e+001
-1.651433e+000	-2.284757e+001
-1.689358e+000	-3.560066e+001
-1.743876e+000	-4.910405e+001
-1.781791e+000	-6.185671e+001
-1.886122e+000	-7.761230e+001
-1.890827e+000	-8.886350e+001
-1.878939e+000	-9.936440e+001
-1.883644e+000	-1.106156e+002
-1.904953e+000	-1.226175e+002
-1.976077e+000	-1.368716e+002
-2.097013e+000	-1.533779e+002
-2.118332e+000	-1.653803e+002
-2.139642e+000	-1.773822e+002
-2.094535e+000	-1.863812e+002
-2.149053e+000	-1.998846e+002
-2.153759e+000	-2.111358e+002
-2.274694e+000	-2.276421e+002
-2.296015e+000	-2.396445e+002
-2.367137e+000	-2.538986e+002
-2.305425e+000	-2.621469e+002
-2.393153e+000	-2.771517e+002
-2.431067e+000	-2.899044e+002
-2.468991e+000	-3.026575e+002
-2.440487e+000	-3.124072e+002
-2.428589e+000	-3.229077e+002
-2.499710e+000	-3.371618e+002
-2.504416e+000	-3.484130e+002
-2.558936e+000	-3.619164e+002
-2.530443e+000	-3.716666e+002
-2.651380e+000	-3.881729e+002
-2.539853e+000	-3.941689e+002
-2.527955e+000	-4.046694e+002
-2.582472e+000	-4.181728e+002
-2.570574e+000	-4.286732e+002
-2.641707e+000	-4.429278e+002
-2.746039e+000	-4.586834e+002
-2.833767e+000	-4.736883e+002
-2.855075e+000	-4.856902e+002
-2.826570e+000	-4.954399e+002
-2.914308e+000	-5.104452e+002
-2.968827e+000	-5.239486e+002
-3.106368e+000	-5.412056e+002
-3.127679e+000	-5.532075e+002
-2.982943e+000	-5.577021e+002
-2.987650e+000	-5.689533e+002
-3.025572e+000	-5.817064e+002
-3.113300e+000	-5.967113e+002
-3.034984e+000	-6.042088e+002
-3.006482e+000	-6.139586e+002
-2.977980e+000	-6.237083e+002
-3.132122e+000	-6.417160e+002
-3.186651e+000	-6.552199e+002
-3.207962e+000	-6.672218e+002
-3.196061e+000	-6.777223e+002
-3.250581e+000	-6.912256e+002
-3.321704e+000	-7.054798e+002
-3.376233e+000	-7.189836e+002
-3.281313e+000	-7.257304e+002
-3.369039e+000	-7.407353e+002
-3.390349e+000	-7.527372e+002
-3.511283e+000	-7.692435e+002
-3.466177e+000	-7.782425e+002
-3.421070e+000	-7.872415e+002
-3.409182e+000	-7.977424e+002
-3.314262e+000	-8.044892e+002
-3.269151e+000	-8.134881e+002
-3.224044e+000	-8.224871e+002
-3.112520e+000	-8.284832e+002
-2.967787e+000	-8.329778e+002
-2.955889e+000	-8.434783e+002
-2.894176e+000	-8.517265e+002
-2.948704e+000	-8.652303e+002
-3.086243e+000	-8.824874e+002
-3.041136e+000	-8.914864e+002
-2.962821e+000	-8.989839e+002
-3.050549e+000	-9.139887e+002
-3.038650e+000	-9.244892e+002
-2.927136e+000	-9.304857e+002
-2.865423e+000	-9.387340e+002
7.164263e-001	-7.878259e+002
8.964136e+000	-4.259599e+002
1.452191e+001	-1.857139e+002
1.772186e+001	-5.207268e+001
1.824850e+001	-3.930040e+001
1.899100e+001	-1.676814e+001
1.916894e+001	-1.976126e+001
1.934688e+001	-2.275439e+001
1.919273e+001	-4.076262e+001
1.950350e+001	-3.774987e+001
1.986409e+001	-3.248493e+001
1.987599e+001	-4.298538e+001
2.005393e+001	-4.597850e+001
1.991639e+001	-6.323556e+001
2.029359e+001	-5.721988e+001
2.090324e+001	-4.069393e+001
2.094835e+001	-4.969292e+001
2.089383e+001	-6.319630e+001
2.087252e+001	-7.519822e+001
2.058553e+001	-9.921233e+001
2.094612e+001	-9.394739e+001
2.119048e+001	-9.393757e+001
2.163410e+001	-8.491852e+001
2.169581e+001	-9.316722e+001
2.165789e+001	-1.059199e+002
2.190225e+001	-1.059101e+002
2.214661e+001	-1.059002e+002
2.247399e+001	-1.021368e+002
2.243608e+001	-1.148894e+002
2.226533e+001	-1.336480e+002
2.212779e+001	-1.509050e+002
2.262121e+001	-1.396342e+002
2.261651e+001	-1.508854e+002
2.281105e+001	-1.531278e+002
2.295579e+001	-1.576224e+002
2.315033e+001	-1.598647e+002
2.316222e+001	-1.703656e+002
2.324054e+001	-1.778632e+002
2.325244e+001	-1.883636e+002
2.336396e+001	-1.943597e+002
2.342568e+001	-2.026079e+002
2.358701e+001	-2.063518e+002
2.344947e+001	-2.236088e+002
2.341155e+001	-2.363619e+002
2.353968e+001	-2.416073e+002
2.361799e+001	-2.491048e+002
2.339743e+001	-2.701155e+002
2.372481e+001	-2.663520e+002
2.385294e+001	-2.715973e+002
2.366559e+001	-2.911066e+002
2.397637e+001	-2.880939e+002
2.402147e+001	-2.970929e+002
2.406657e+001	-3.060923e+002
2.407847e+001	-3.165928e+002
2.407377e+001	-3.278439e+002
2.395283e+001	-3.443502e+002
2.416398e+001	-3.458419e+002
2.422569e+001	-3.540902e+002
2.432061e+001	-3.608369e+002
2.401702e+001	-3.856018e+002
2.404552e+001	-3.953515e+002
2.414044e+001	-4.020983e+002
2.435159e+001	-4.035900e+002
2.421405e+001	-4.208470e+002
2.480710e+001	-4.050718e+002
2.540015e+001	-3.892966e+002
2.753742e+001	-3.037027e+002
2.818029e+001	-2.856748e+002
2.819219e+001	-2.961753e+002
2.851957e+001	-2.924118e+002
2.967717e+001	-2.511117e+002
3.080157e+001	-2.113125e+002
3.071384e+001	-2.263174e+002
3.142312e+001	-2.052870e+002
3.143502e+001	-2.157875e+002
3.186203e+001	-2.075196e+002
3.250489e+001	-1.894922e+002
3.273265e+001	-1.902331e+002
3.267813e+001	-2.037365e+002
3.264021e+001	-2.164891e+002
3.301741e+001	-2.104735e+002
3.337800e+001	-2.052085e+002
3.335669e+001	-2.172104e+002
3.380030e+001	-2.081919e+002
3.374578e+001	-2.216952e+002
3.367465e+001	-2.359498e+002
3.362013e+001	-2.494532e+002
3.394751e+001	-2.456897e+002
3.429150e+001	-2.411755e+002
3.410414e+001	-2.606848e+002
3.413265e+001	-2.704345e+002
3.434380e+001	-2.719261e+002
3.405682e+001	-2.959398e+002
3.423476e+001	-2.989329e+002
3.534254e+001	-2.598849e+002
3.610164e+001	-2.366024e+002
3.666149e+001	-2.223282e+002
3.668999e+001	-2.320784e+002
3.723323e+001	-2.185549e+002
3.746099e+001	-2.192958e+002
3.772195e+001	-2.185353e+002
3.849765e+001	-1.945020e+002
4.000395e+001	-1.374360e+002
4.087927e+001	-1.088983e+002
4.082476e+001	-1.224017e+002
4.088647e+001	-1.306500e+002
4.124706e+001	-1.253850e+002
4.109291e+001	-1.433928e+002
4.143690e+001	-1.388786e+002
4.138238e+001	-1.523820e+002
4.151051e+001	-1.576273e+002
4.153900e+001	-1.673775e+002
4.194941e+001	-1.598599e+002
4.232661e+001	-1.538442e+002
4.225548e+001	-1.680988e+002
4.215114e+001	-1.838543e+002
4.239550e+001	-1.838445e+002
4.257344e+001	-1.868377e+002
4.263516e+001	-1.950859e+002
4.246441e+001	-2.138444e+002
4.260914e+001	-2.183390e+002
4.295313e+001	-2.138248e+002
4.278237e+001	-2.325838e+002
4.302673e+001	-2.325740e+002
4.330429e+001	-2.310627e+002
4.331620e+001	-2.415631e+002
4.415832e+001	-2.145265e+002
4.438607e+001	-2.152674e+002
4.569311e+001	-1.672106e+002
4.572162e+001	-1.769604e+002
4.661355e+001	-1.476715e+002
4.738925e+001	-1.236382e+002
4.755059e+001	-1.273821e+002
4.791118e+001	-1.221171e+002
4.762420e+001	-1.461308e+002
4.780214e+001	-1.491239e+002
4.778082e+001	-1.611263e+002
4.790895e+001	-1.663716e+002
4.833597e+001	-1.581033e+002
4.833126e+001	-1.693549e+002
4.845938e+001	-1.746002e+002
4.863733e+001	-1.775934e+002
4.909754e+001	-1.678240e+002
4.934190e+001	-1.678142e+002
4.955305e+001	-1.693058e+002
4.964797e+001	-1.760526e+002
4.969308e+001	-1.850516e+002
5.010348e+001	-1.775345e+002
5.018180e+001	-1.850320e+002
5.064202e+001	-1.752626e+002
5.083656e+001	-1.775050e+002
5.111413e+001	-1.759937e+002
5.140830e+001	-1.737317e+002
5.186852e+001	-1.639624e+002
5.281027e+001	-1.324213e+002
5.252329e+001	-1.564350e+002
5.343182e+001	-1.263958e+002
5.543625e+001	-4.680782e+001
5.674330e+001	1.249368e+000
5.770164e+001	3.354073e+001
5.777996e+001	2.604320e+001
5.759261e+001	6.533940e+000
5.825208e+001	2.531210e+001
5.864587e+001	3.207851e+001
5.903968e+001	3.884514e+001
5.971575e+001	5.837402e+001
5.927933e+001	2.760355e+001
5.892593e+001	5.869547e-001
5.935294e+001	8.854828e+000
6.009542e+001	3.138665e+001
6.040620e+001	3.439940e+001
6.000300e+001	5.130601e+000
6.001489e+001	-5.369839e+000
6.062455e+001	1.115610e+001
6.111797e+001	2.242691e+001
6.104685e+001	8.172787e+000
6.170632e+001	2.695094e+001
6.161859e+001	1.194608e+001
6.189616e+001	1.345736e+001
6.295414e+001	5.025334e+001
6.258413e+001	2.248579e+001
6.276207e+001	1.949267e+001
6.277397e+001	8.992217e+000
6.261983e+001	-9.015564e+000
6.351176e+001	2.027284e+001
6.365649e+001	1.577826e+001
6.381783e+001	1.203440e+001
6.431125e+001	2.330522e+001
6.528621e+001	5.634753e+001
6.506564e+001	3.533658e+001
6.529339e+001	3.459566e+001
6.575362e+001	4.436522e+001
6.618063e+001	5.263311e+001
6.576080e+001	2.261336e+001
6.598856e+001	2.187244e+001
6.671445e+001	4.365374e+001
6.680937e+001	3.690696e+001
6.710354e+001	3.916897e+001
6.704902e+001	2.566536e+001
6.717715e+001	2.042004e+001
6.735509e+001	1.742692e+001
6.733378e+001	5.424993e+000
6.822571e+001	3.471341e+001
6.848667e+001	3.547395e+001
6.844876e+001	2.272131e+001
6.887576e+001	3.098918e+001
6.916994e+001	3.325120e+001
6.931467e+001	2.875660e+001
6.919373e+001	1.225028e+001
6.895657e+001	-9.511164e+000
6.966585e+001	1.151918e+001
6.992681e+001	1.227973e+001
6.978927e+001	-4.977315e+000
7.069781e+001	2.506182e+001
7.124105e+001	3.858506e+001
7.088765e+001	1.156824e+001
7.114861e+001	1.232878e+001
7.144278e+001	1.459080e+001
7.127203e+001	-4.167706e+000
7.213075e+001	2.361923e+001
7.254116e+001	3.113638e+001
7.250324e+001	1.838372e+001
7.268119e+001	1.539060e+001
7.344028e+001	3.867337e+001
7.390050e+001	4.844272e+001
7.374635e+001	3.043471e+001
7.395750e+001	2.894306e+001
7.436790e+001	3.646021e+001
7.434659e+001	2.445829e+001
7.405961e+001	4.446224e-001
7.463606e+001	1.546910e+001
7.458154e+001	1.965710e+000
7.472628e+001	-2.528859e+000
7.563481e+001	2.751028e+001
7.596219e+001	3.127375e+001
7.625636e+001	3.353577e+001
7.645091e+001	3.129338e+001
7.642960e+001	1.929146e+001
7.712228e+001	3.957130e+001
7.743306e+001	4.258405e+001
7.727891e+001	2.457603e+001
7.715797e+001	8.069712e+000
7.775103e+001	2.384493e+001
7.812822e+001	2.986061e+001
7.795747e+001	1.110209e+001
7.841768e+001	2.087143e+001
7.886130e+001	2.989005e+001
7.880678e+001	1.638666e+001
7.921718e+001	2.390380e+001
7.954456e+001	2.766729e+001
7.910815e+001	-3.102961e+000
7.941892e+001	-9.021093e-002
7.992895e+001	1.193133e+001
8.017331e+001	1.194114e+001
8.018521e+001	1.440685e+000
8.037976e+001	-8.017007e-001
8.057430e+001	-3.044087e+000
8.130019e+001	1.873699e+001
8.171059e+001	2.625414e+001
8.183872e+001	2.100881e+001
8.181741e+001	9.006889e+000
8.221121e+001	1.577330e+001
8.232274e+001	9.777253e+000
8.279955e+001	2.029733e+001
8.311033e+001	2.331008e+001
8.328827e+001	2.031696e+001
8.353263e+001	2.032677e+001
8.372718e+001	1.808438e+001
8.398814e+001	1.884493e+001
8.443175e+001	2.786355e+001
8.470932e+001	2.937483e+001
8.443894e+001	6.111899e+000
8.478293e+001	1.062612e+001
8.530957e+001	2.339839e+001
8.552072e+001	2.190674e+001
8.629642e+001	4.594025e+001
8.584339e+001	1.441903e+001
8.570585e+001	-2.838016e+000
8.595021e+001	-2.828196e+000
8.651005e+001	1.144554e+001
8.683743e+001	1.520902e+001
8.753011e+001	3.548864e+001
8.777447e+001	3.549845e+001
8.793581e+001	3.175460e+001
8.822998e+001	3.401661e+001
8.882304e+001	4.979205e+001
8.891796e+001	4.304526e+001
8.836530e+001	7.019639e+000
8.831078e+001	-6.483730e+000
8.887063e+001	7.790003e+000
8.906517e+001	5.547617e+000
8.997370e+001	3.558677e+001
9.005202e+001	2.808925e+001
9.049563e+001	3.710785e+001
9.055734e+001	2.885960e+001
9.027037e+001	4.845947e+000
9.059774e+001	8.609433e+000
9.122401e+001	2.588611e+001
9.116949e+001	1.238271e+001
9.212784e+001	4.467430e+001
9.255485e+001	5.294217e+001
9.230107e+001	3.042976e+001
9.184805e+001	-1.091218e+000
9.234147e+001	1.017959e+001
9.298434e+001	2.820701e+001
9.342795e+001	3.722561e+001
9.362250e+001	3.498323e+001
9.371742e+001	2.823644e+001
9.434368e+001	4.551335e+001
9.433897e+001	3.426193e+001
9.396896e+001	6.494603e+000
9.434616e+001	1.251029e+001
9.439127e+001	3.511302e+000
9.495111e+001	1.778505e+001
9.542793e+001	2.830513e+001
9.560588e+001	2.531201e+001
9.573400e+001	2.006669e+001
9.602817e+001	2.232870e+001
9.668765e+001	4.110708e+001
9.686559e+001	3.811396e+001
9.699372e+001	3.286841e+001
9.695580e+001	2.011575e+001
9.738281e+001	2.838364e+001
9.777661e+001	3.515004e+001
9.802097e+001	3.515986e+001
9.743511e+001	-2.366990e+000
9.749682e+001	-1.061525e+001
9.848838e+001	2.317757e+001
9.858329e+001	1.643077e+001
9.877784e+001	1.418839e+001
9.912183e+001	1.870261e+001
9.949902e+001	2.471829e+001
9.934488e+001	6.710494e+000
9.978849e+001	1.572910e+001
1.001491e+002	2.099406e+001
1.002108e+002	1.274580e+001
1.005880e+002	1.876148e+001
1.007161e+002	1.351617e+001
1.012926e+002	2.854065e+001
1.008894e+002	-7.281425e-001
1.015654e+002	1.880074e+001
1.023577e+002	4.358497e+001
1.025025e+002	3.909038e+001
1.026472e+002	3.459557e+001
1.030244e+002	4.061148e+001
1.029533e+002	2.635713e+001
1.031146e+002	2.261328e+001
1.030767e+002	9.860620e+000
1.027399e+002	-1.640523e+001
1.036650e+002	1.438465e+001
1.045072e+002	4.142109e+001
1.049009e+002	4.818750e+001
1.050291e+002	4.294219e+001
1.048915e+002	2.568490e+001
1.053684e+002	3.620498e+001
1.053969e+002	2.645527e+001
1.055748e+002	2.346214e+001
1.052878e+002	-5.515090e-001
1.053827e+002	-7.298296e+000
1.066068e+002	3.700478e+001
1.068179e+002	3.551313e+001
1.068464e+002	2.576340e+001
1.071904e+002	3.027762e+001
1.075178e+002	3.404110e+001
1.074301e+002	1.903624e+001
1.077242e+002	2.129826e+001
1.079852e+002	2.205880e+001
1.083790e+002	2.882522e+001
1.083079e+002	1.457109e+001
1.083862e+002	7.073569e+000
1.089460e+002	2.134732e+001
1.091738e+002	2.060640e+001
1.095012e+002	2.436988e+001
1.101274e+002	4.164679e+001
1.100729e+002	2.814318e+001
1.100848e+002	1.764271e+001
1.103956e+002	2.065546e+001
1.105071e+002	1.465941e+001
1.110171e+002	2.668096e+001
1.113279e+002	2.969371e+001
1.110409e+002	5.680049e+000
1.111691e+002	4.347224e-001
1.115961e+002	8.702608e+000
1.117076e+002	2.706557e+000
1.119686e+002	3.467101e+000
1.121133e+002	-1.027480e+000
1.128226e+002	2.000286e+001
1.132164e+002	2.676927e+001
1.131286e+002	1.176442e+001
1.134560e+002	1.552790e+001
1.133849e+002	1.273780e+000
1.142270e+002	2.831000e+001
1.141061e+002	1.180367e+001
1.146825e+002	2.682816e+001
1.152258e+002	4.035140e+001
1.156528e+002	4.861927e+001
1.156647e+002	3.811859e+001
1.156600e+002	2.686741e+001
1.157715e+002	2.087135e+001
1.160324e+002	2.163190e+001
1.159945e+002	8.879241e+000
1.166208e+002	2.615593e+001
1.167489e+002	2.091060e+001
1.170597e+002	2.392335e+001
1.177358e+002	4.345246e+001
1.179801e+002	4.346227e+001
1.176433e+002	1.719619e+001
1.182032e+002	3.146994e+001
1.185970e+002	3.823635e+001
1.190738e+002	4.875666e+001
1.192518e+002	4.576354e+001
1.190146e+002	2.400185e+001
1.191427e+002	1.875654e+001
1.192542e+002	1.276047e+001
1.192661e+002	2.260023e+000
1.194939e+002	1.519108e+000
1.200371e+002	1.504212e+001
1.209457e+002	4.508150e+001
1.208745e+002	3.082715e+001
1.209362e+002	2.257890e+001
1.216787e+002	4.511094e+001
1.214250e+002	2.259851e+001
1.223667e+002	5.413936e+001
1.219469e+002	2.411961e+001
1.212946e+002	-1.641017e+001
1.221699e+002	1.212750e+001
1.235268e+002	6.243667e+001
1.231236e+002	3.316767e+001
1.231687e+002	2.416868e+001
1.237949e+002	4.144558e+001
1.240725e+002	4.295686e+001
1.234867e+002	5.429778e+000
1.234321e+002	-8.073603e+000
1.239754e+002	5.449406e+000
1.245186e+002	1.897242e+001
1.247464e+002	1.823150e+001
1.252398e+002	2.950231e+001
1.251521e+002	1.449745e+001
1.255293e+002	2.051314e+001
1.258566e+002	2.427662e+001
1.261840e+002	2.804010e+001
1.261129e+002	1.378597e+001
1.265565e+002	2.280460e+001
1.269669e+002	3.032173e+001
1.267464e+002	9.311010e+000
1.273560e+002	2.583696e+001
1.278162e+002	3.560632e+001
1.277949e+002	2.360438e+001
1.278898e+002	1.685760e+001
1.284165e+002	2.962988e+001
1.283121e+002	1.387430e+001
1.283240e+002	3.373834e+000
1.293820e+002	4.016981e+001
1.302407e+002	6.795677e+001
1.299537e+002	4.394310e+001
1.298494e+002	2.818730e+001
1.304093e+002	4.246126e+001
1.304046e+002	3.120986e+001
1.307651e+002	3.647480e+001
1.304450e+002	1.095968e+001
1.312871e+002	3.799589e+001
1.314152e+002	3.275057e+001
1.313773e+002	1.999791e+001
1.319205e+002	3.352094e+001
1.315671e+002	6.504343e+000
1.323428e+002	3.053762e+001
1.326868e+002	3.505183e+001
1.333131e+002	5.232875e+001
1.332752e+002	3.957609e+001
1.333369e+002	3.132760e+001
1.333654e+002	2.157789e+001
1.339750e+002	3.810384e+001
1.340035e+002	2.835411e+001
1.339656e+002	1.560145e+001
1.341269e+002	1.185760e+001
1.345872e+002	2.162695e+001
1.346489e+002	1.337870e+001
1.352087e+002	2.765244e+001
1.358184e+002	4.417862e+001
1.359299e+002	3.818234e+001
1.358588e+002	2.392821e+001
1.357212e+002	6.671157e+000
1.362147e+002	1.794197e+001
1.366417e+002	2.620986e+001
1.371185e+002	3.672994e+001
1.373462e+002	3.598902e+001
1.373581e+002	2.548856e+001
1.379678e+002	4.201474e+001
1.380793e+002	3.601846e+001
1.380248e+002	2.251507e+001
1.377046e+002	-3.000046e+000
1.385467e+002	2.403615e+001
1.385088e+002	1.128351e+001
1.389192e+002	1.880065e+001
1.397447e+002	4.508636e+001
1.401551e+002	5.260350e+001
1.397187e+002	2.183302e+001
1.398634e+002	1.733843e+001
1.405893e+002	3.911952e+001
1.408503e+002	3.988029e+001
1.413935e+002	5.340330e+001
1.413556e+002	4.065064e+001
1.403713e+002	-1.489403e+001
1.412466e+002	1.364364e+001
1.416238e+002	1.965933e+001
1.415360e+002	4.654470e+000
1.422785e+002	2.718629e+001
1.430874e+002	5.272126e+001
1.429831e+002	3.696544e+001
1.430448e+002	2.871720e+001
1.434718e+002	3.698507e+001
1.434173e+002	2.348168e+001
1.439440e+002	3.625397e+001
1.438396e+002	2.049838e+001
1.441836e+002	2.501259e+001
1.445608e+002	3.102827e+001
1.446889e+002	2.578295e+001
1.447672e+002	1.828543e+001
1.447625e+002	7.034243e+000
1.456379e+002	3.557192e+001
1.456166e+002	2.357000e+001
1.454956e+002	7.063680e+000
1.461551e+002	2.584183e+001
1.469972e+002	5.287826e+001
1.471253e+002	4.763295e+001
1.472701e+002	4.313836e+001
1.478797e+002	5.966431e+001
1.476592e+002	3.865337e+001
1.478039e+002	3.415878e+001
1.483305e+002	4.693128e+001
1.482926e+002	3.417840e+001
1.483377e+002	2.517941e+001
1.492961e+002	5.747099e+001
1.497065e+002	6.498814e+001
1.493199e+002	3.646985e+001
1.496805e+002	4.173502e+001
1.498750e+002	3.949241e+001
1.498039e+002	2.523829e+001
1.495833e+002	4.227564e+000
1.502926e+002	2.525792e+001
1.508524e+002	3.953166e+001
1.511466e+002	4.179390e+001
1.511087e+002	2.904102e+001
1.511704e+002	2.079277e+001
1.516472e+002	3.131285e+001
1.520078e+002	3.657780e+001
1.517706e+002	1.481634e+001
1.520316e+002	1.557688e+001
1.530730e+002	5.162212e+001
1.525369e+002	1.634724e+001
1.531964e+002	3.512539e+001
1.537064e+002	4.714717e+001
1.539840e+002	4.865845e+001
1.540125e+002	3.890850e+001
1.542071e+002	3.666612e+001
1.544846e+002	3.817740e+001
1.545795e+002	3.143060e+001
1.553386e+002	5.471337e+001
1.555664e+002	5.397246e+001
1.549473e+002	1.494391e+001
1.547600e+002	-4.565346e+000
1.556187e+002	2.322160e+001
1.560955e+002	3.374168e+001
1.566221e+002	4.651418e+001
1.563020e+002	2.099884e+001
1.567124e+002	2.851598e+001
1.574715e+002	5.179876e+001
1.577158e+002	5.180857e+001
1.575451e+002	3.304983e+001
1.579555e+002	4.056720e+001
1.581500e+002	3.832458e+001
1.579959e+002	2.031680e+001
1.585557e+002	3.459055e+001
1.590823e+002	4.736305e+001
1.591939e+002	4.136700e+001
1.595212e+002	4.513047e+001
1.596494e+002	3.988493e+001
1.596115e+002	2.713227e+001
1.599056e+002	2.939429e+001
1.602330e+002	3.315777e+001
1.608759e+002	5.118541e+001
1.608380e+002	3.843253e+001
1.604680e+002	1.066520e+001
1.610112e+002	2.418821e+001
1.611891e+002	2.119509e+001
1.616494e+002	3.096445e+001
1.622922e+002	4.899209e+001
1.625034e+002	4.750044e+001
1.627477e+002	4.751025e+001
1.630253e+002	4.902152e+001
1.632697e+002	4.903133e+001
1.635140e+002	4.904115e+001
1.636256e+002	4.304509e+001
1.634548e+002	2.428635e+001
1.636161e+002	2.054250e+001
1.635450e+002	6.288372e+000
1.644203e+002	3.482605e+001
1.648473e+002	4.309416e+001
1.648925e+002	3.409495e+001
1.651866e+002	3.635696e+001
1.653646e+002	3.336384e+001
1.654927e+002	2.811852e+001
1.660858e+002	4.389396e+001
1.660146e+002	2.963961e+001
1.660265e+002	1.913916e+001
1.665200e+002	3.040998e+001
1.666813e+002	2.666612e+001
1.672079e+002	3.943840e+001
1.676017e+002	4.620504e+001
1.672483e+002	1.918823e+001
1.674263e+002	1.619510e+001
1.680525e+002	3.347178e+001
1.683135e+002	3.423234e+001
1.682590e+002	2.072894e+001
1.688852e+002	3.800563e+001
1.692790e+002	4.477226e+001
1.693573e+002	3.727452e+001
1.691534e+002	1.701452e+001
1.691321e+002	5.012601e+000
1.695259e+002	1.177902e+001
1.695876e+002	3.530759e+000
1.699316e+002	8.044979e+000
1.706907e+002	3.132752e+001
1.712007e+002	4.334929e+001
1.709137e+002	1.933541e+001
1.708094e+002	3.579824e+000
1.717511e+002	3.512044e+001
1.718627e+002	2.912439e+001
1.722232e+002	3.438934e+001
1.723182e+002	2.764255e+001
1.722803e+002	1.488990e+001
1.727903e+002	2.691145e+001
1.733335e+002	4.043445e+001
1.731794e+002	2.242666e+001
1.733905e+002	2.093501e+001
1.737677e+002	2.695069e+001
1.737464e+002	1.494877e+001
1.743561e+002	3.147472e+001
1.740027e+002	4.458127e+000
1.746123e+002	2.098408e+001
1.754710e+002	4.877125e+001
1.756988e+002	4.803034e+001
1.753454e+002	2.101352e+001
1.753075e+002	8.260858e+000
1.763655e+002	4.505683e+001
1.768423e+002	5.557693e+001
1.764889e+002	2.856010e+001
1.763015e+002	9.050850e+000
1.767119e+002	1.656799e+001
1.769397e+002	1.582707e+001
1.777818e+002	4.286351e+001
1.780926e+002	4.587626e+001
1.783037e+002	4.438461e+001
1.782326e+002	3.013027e+001
1.786762e+002	3.914888e+001
1.790700e+002	4.591551e+001
1.789823e+002	3.091043e+001
1.788779e+002	1.515484e+001
1.789064e+002	5.405125e+000
1.793998e+002	1.667594e+001
1.798601e+002	2.644528e+001
1.807852e+002	5.723539e+001
1.811458e+002	6.250035e+001
1.810248e+002	4.599401e+001
1.810699e+002	3.699480e+001
1.809656e+002	2.123921e+001
1.811601e+002	1.899683e+001
1.813381e+002	1.600371e+001
1.815492e+002	1.451205e+001
1.820427e+002	2.578286e+001
1.826689e+002	4.305977e+001
1.828634e+002	4.081716e+001
1.832739e+002	4.833453e+001
1.836677e+002	5.510094e+001
1.841279e+002	6.487030e+001
1.836084e+002	3.034615e+001
1.834709e+002	1.308909e+001
1.840971e+002	3.036578e+001
1.843415e+002	3.037558e+001
1.847519e+002	3.789273e+001
1.846808e+002	2.363860e+001
1.850247e+002	2.815283e+001
1.847045e+002	2.637691e+000
1.853640e+002	2.141585e+001
1.856250e+002	2.217639e+001
1.860520e+002	3.044428e+001
1.863295e+002	3.195556e+001
1.857271e+002	-6.322033e+000
1.855563e+002	-2.508101e+001
1.863154e+002	-1.798004e+000
1.872738e+002	3.049333e+001
1.879166e+002	4.852097e+001
1.877791e+002	3.126369e+001
1.881895e+002	3.878084e+001
1.889486e+002	6.206362e+001
1.883295e+002	2.303507e+001
1.894207e+002	6.133252e+001
1.895156e+002	5.458571e+001
1.892950e+002	3.357477e+001
1.896556e+002	3.883972e+001
1.894849e+002	2.008119e+001
1.897790e+002	2.234321e+001
1.900068e+002	2.160229e+001
1.904006e+002	2.836870e+001
1.909936e+002	4.414414e+001
1.911384e+002	3.964933e+001
1.908348e+002	1.488494e+001
1.909131e+002	7.387419e+000
1.910412e+002	2.142092e+000
1.913022e+002	2.902636e+000
1.914137e+002	-3.093404e+000
1.921894e+002	2.093987e+001
1.924337e+002	2.094968e+001
1.926781e+002	2.095949e+001
1.931715e+002	3.223031e+001
1.929509e+002	1.121959e+001
1.930625e+002	5.223536e+000
1.940706e+002	3.976709e+001
1.941821e+002	3.377102e+001
1.941940e+002	2.327057e+001
1.941893e+002	1.201939e+001
1.946994e+002	2.404094e+001
1.949105e+002	2.254927e+001
1.949556e+002	1.355028e+001
1.950339e+002	6.052762e+000
1.960089e+002	3.909486e+001
1.964691e+002	4.886443e+001
1.963149e+002	3.085641e+001
1.964431e+002	2.561109e+001
1.968701e+002	3.387897e+001
1.967657e+002	1.812338e+001
1.964787e+002	-5.890263e+000
1.972876e+002	1.964448e+001
1.976648e+002	2.566016e+001
1.981748e+002	3.768170e+001
1.981535e+002	2.567977e+001
1.974680e+002	-1.635191e+001
1.982438e+002	7.681801e+000
1.993183e+002	4.522851e+001
1.993468e+002	3.547856e+001
1.991263e+002	1.446784e+001
1.993208e+002	1.222546e+001
1.998640e+002	2.574847e+001
2.003076e+002	3.476709e+001
2.006350e+002	3.853056e+001
2.009790e+002	4.304500e+001
2.010573e+002	3.554726e+001
2.007869e+002	1.228433e+001
2.015460e+002	3.556688e+001
2.018568e+002	3.857963e+001
2.019849e+002	3.333431e+001
2.021629e+002	3.034119e+001
2.025401e+002	3.635687e+001
2.023527e+002	1.684761e+001
2.027133e+002	2.211255e+001
2.025259e+002	2.603298e+000
2.029861e+002	1.237264e+001
2.033467e+002	1.763760e+001
2.038900e+002	3.116061e+001
2.041841e+002	3.342262e+001
2.038639e+002	7.907499e+000
2.045068e+002	2.593491e+001
2.054818e+002	5.897722e+001
2.057427e+002	5.973776e+001
2.046587e+002	-3.113089e-001
2.053846e+002	2.146977e+001
2.059444e+002	3.574351e+001
2.059729e+002	2.599379e+001
2.058022e+002	7.235267e+000
2.057477e+002	-6.268114e+000
2.065898e+002	2.076810e+001
2.072824e+002	4.104771e+001
2.069623e+002	1.553259e+001
2.079206e+002	4.782416e+001
2.078329e+002	3.281908e+001
2.080938e+002	3.357963e+001
2.077737e+002	8.064505e+000
2.079682e+002	5.822118e+000
2.087439e+002	2.985540e+001
2.088056e+002	2.160714e+001
2.091330e+002	2.537063e+001
2.094437e+002	2.838337e+001
2.096051e+002	2.463952e+001
2.096834e+002	1.714200e+001
2.095957e+002	2.137136e+000
2.100061e+002	9.654286e+000
2.104497e+002	1.867289e+001
2.113748e+002	4.946301e+001
2.112041e+002	3.070427e+001
2.118303e+002	4.798117e+001
2.119585e+002	4.273584e+001
2.118209e+002	2.547857e+001
2.118826e+002	1.723031e+001
2.119941e+002	1.123426e+001
2.128695e+002	3.977194e+001
2.135123e+002	5.779958e+001
2.131257e+002	2.928130e+001
2.131708e+002	2.028231e+001
2.134650e+002	2.254432e+001
2.137426e+002	2.405560e+001
2.140035e+002	2.481614e+001
2.142147e+002	2.332449e+001
2.143594e+002	1.882991e+001
2.151351e+002	4.286341e+001
2.149976e+002	2.560614e+001
2.158563e+002	5.339331e+001
2.155029e+002	2.637649e+001
2.157971e+002	2.863850e+001
2.159916e+002	2.639612e+001
2.168503e+002	5.418329e+001
2.172607e+002	6.170044e+001
2.169737e+002	3.768656e+001
2.167366e+002	1.592510e+001
2.170972e+002	2.119005e+001
2.173913e+002	2.345206e+001
2.177851e+002	3.021847e+001
2.184944e+002	5.124905e+001
2.186890e+002	4.900666e+001
2.184850e+002	2.874645e+001
2.184139e+002	1.449232e+001
2.187412e+002	1.825581e+001
2.190188e+002	1.976709e+001
2.193960e+002	2.578277e+001
2.199724e+002	4.080725e+001
2.200508e+002	3.330973e+001
2.199796e+002	1.905560e+001
2.206889e+002	4.008595e+001
2.215808e+002	6.937460e+001
2.218418e+002	7.013514e+001
2.216212e+002	4.912442e+001
2.216331e+002	3.862374e+001
2.218111e+002	3.563062e+001
2.224539e+002	5.365825e+001
2.218681e+002	1.613117e+001
2.217638e+002	3.755851e-001
2.220413e+002	1.886864e+000
2.224185e+002	7.902544e+000
2.228289e+002	1.541969e+001
2.238703e+002	5.146493e+001
2.246792e+002	7.699990e+001
2.241099e+002	4.022334e+001
2.241716e+002	3.197508e+001
2.252296e+002	6.877106e+001
2.249592e+002	4.550813e+001
2.251206e+002	4.176405e+001
2.249166e+002	2.150406e+001
2.252772e+002	2.676901e+001
2.258370e+002	4.104276e+001
2.261146e+002	4.255404e+001
2.261763e+002	3.430578e+001
2.258395e+002	8.039920e+000
2.259677e+002	2.794605e+000
2.261290e+002	-9.492406e-001
2.269047e+002	2.308403e+001
2.274479e+002	3.660705e+001
2.273104e+002	1.934999e+001
2.274053e+002	1.260321e+001
2.279485e+002	2.612622e+001
2.287574e+002	5.166120e+001
2.290516e+002	5.392320e+001
2.286982e+002	2.690639e+001
2.289592e+002	2.766693e+001
2.291039e+002	2.317235e+001
2.294811e+002	2.918803e+001
2.294930e+002	1.868757e+001
2.301359e+002	3.671499e+001
2.305297e+002	4.348162e+001
2.312389e+002	6.451197e+001
2.313339e+002	5.776518e+001
2.308642e+002	2.549324e+001
2.314738e+002	4.201919e+001
2.321499e+002	6.154829e+001
2.322116e+002	5.330004e+001
2.321239e+002	3.829496e+001
2.319532e+002	1.953643e+001
2.318654e+002	4.531583e+000
2.329234e+002	4.132733e+001
2.329685e+002	3.232835e+001
2.332627e+002	3.459035e+001
2.336233e+002	3.985531e+001
2.338676e+002	3.986511e+001
2.340954e+002	3.912420e+001
2.339578e+002	2.186714e+001
2.342022e+002	2.187695e+001
2.343802e+002	1.888383e+001
2.350064e+002	3.616052e+001
2.352507e+002	3.617032e+001
2.355117e+002	3.693087e+001
2.355568e+002	2.793189e+001
2.353695e+002	8.422625e+000
2.361784e+002	3.395738e+001
2.364725e+002	3.621939e+001
2.363350e+002	1.896233e+001
2.365129e+002	1.596921e+001
