    nm         	pN
0.000000e+000	6.424326e+002
2.850117e-002	6.326828e+002
2.379370e-002	6.214315e+002
-1.412118e-002	6.086788e+002
-5.203483e-002	5.959262e+002
-8.995094e-002	5.831735e+002
-1.112603e-001	5.711716e+002
-1.657795e-001	5.576681e+002
-2.202975e-001	5.441648e+002
-2.582123e-001	5.314121e+002
-2.961260e-001	5.186594e+002
-3.672483e-001	5.044054e+002
-3.387471e-001	4.946555e+002
-4.762842e-001	4.773986e+002
-4.643874e-001	4.668981e+002
-5.189060e-001	4.533947e+002
-4.738017e-001	4.443955e+002
-5.781314e-001	4.286400e+002
-6.990661e-001	4.121338e+002
-7.203748e-001	4.001319e+002
-7.582890e-001	3.873792e+002
-8.128077e-001	3.738758e+002
-9.005343e-001	3.588710e+002
-8.886356e-001	3.483706e+002
-8.933430e-001	3.371193e+002
-1.014277e+000	3.206130e+002
-1.068796e+000	3.071096e+002
-1.123314e+000	2.936063e+002
-1.211038e+000	2.786015e+002
-1.165935e+000	2.696023e+002
-1.237058e+000	2.553482e+002
-1.308180e+000	2.410941e+002
-1.412510e+000	2.253386e+002
-1.384007e+000	2.155889e+002
-1.405319e+000	2.035869e+002
-1.576064e+000	1.848285e+002
-1.647186e+000	1.705744e+002
-1.751516e+000	1.548189e+002
-1.656600e+000	1.480720e+002
-1.644704e+000	1.375714e+002
-1.798844e+000	1.195637e+002
-2.036004e+000	9.780261e+001
-1.957691e+000	9.030495e+001
-1.929191e+000	8.055506e+001
-1.983710e+000	6.705166e+001
-2.038225e+000	5.354837e+001
-2.142555e+000	3.779286e+001
-2.097452e+000	2.879368e+001
-2.118764e+000	1.679168e+001
-2.189884e+000	2.537683e+000
-2.261006e+000	-1.171641e+001
-2.431751e+000	-3.047473e+001
-2.370043e+000	-3.872321e+001
-2.374750e+000	-4.997439e+001
-2.379457e+000	-6.122568e+001
-2.583409e+000	-8.148542e+001
-2.538305e+000	-9.048459e+001
-2.559614e+000	-1.024865e+002
-2.514511e+000	-1.114857e+002
-2.635445e+000	-1.279919e+002
-2.772982e+000	-1.452488e+002
-2.761085e+000	-1.557494e+002
-2.666169e+000	-1.624963e+002
-2.737292e+000	-1.767504e+002
-2.874829e+000	-1.940074e+002
-2.896138e+000	-2.060093e+002
-2.851035e+000	-2.150084e+002
-2.722910e+000	-2.202540e+002
-2.893655e+000	-2.390123e+002
-2.997985e+000	-2.547678e+002
-3.085710e+000	-2.697726e+002
-2.924380e+000	-2.735168e+002
-2.879276e+000	-2.825160e+002
-3.116435e+000	-3.042771e+002
-3.287180e+000	-3.230354e+002
-3.208869e+000	-3.305332e+002
-3.080746e+000	-3.357788e+002
-3.168471e+000	-3.507836e+002
-3.389027e+000	-3.717940e+002
-3.493356e+000	-3.875495e+002
-3.365233e+000	-3.927951e+002
-3.320131e+000	-4.017943e+002
-3.441063e+000	-4.183004e+002
-3.512184e+000	-4.325545e+002
-3.616513e+000	-4.483100e+002
-3.488390e+000	-4.535556e+002
-3.493096e+000	-4.648068e+002
-3.514407e+000	-4.768088e+002
-3.635341e+000	-4.933150e+002
-3.573632e+000	-5.015634e+002
-3.478715e+000	-5.083103e+002
-3.500028e+000	-5.203125e+002
-3.770393e+000	-5.435749e+002
-3.841517e+000	-5.578291e+002
-3.713394e+000	-5.630747e+002
-3.568666e+000	-5.675695e+002
-3.689602e+000	-5.840758e+002
-3.893551e+000	-6.043355e+002
-3.815240e+000	-6.118331e+002
-3.720328e+000	-6.185804e+002
-3.741636e+000	-6.305822e+002
-3.879172e+000	-6.478390e+002
-3.933691e+000	-6.613425e+002
-3.822172e+000	-6.673388e+002
-3.760461e+000	-6.755871e+002
-3.898002e+000	-6.928442e+002
-4.101950e+000	-7.131038e+002
-4.156472e+000	-7.266073e+002
-3.978538e+000	-7.296008e+002
-3.883621e+000	-7.363477e+002
-3.971346e+000	-7.513524e+002
-4.059074e+000	-7.663573e+002
-4.246418e+000	-7.858663e+002
-4.168110e+000	-7.933641e+002
-4.089797e+000	-8.008618e+002
-4.243937e+000	-8.188693e+002
-4.182231e+000	-8.271179e+002
-4.220143e+000	-8.398705e+002
-4.208248e+000	-8.503710e+002
-4.212954e+000	-8.616223e+002
-4.250869e+000	-8.743750e+002
-4.189160e+000	-8.826234e+002
-4.044432e+000	-8.871182e+002
-3.750273e+000	-8.848567e+002
-3.738375e+000	-8.953573e+002
-3.543839e+000	-8.976002e+002
-1.423261e+000	-8.127607e+002
8.252032e+000	-3.863492e+002
1.497185e+001	-9.356361e+001
1.599658e+001	-5.827097e+001
1.575942e+001	-8.003211e+001
1.636905e+001	-6.350715e+001
1.717793e+001	-3.797376e+001
1.709020e+001	-5.297857e+001
1.673682e+001	-7.999464e+001
1.716381e+001	-7.172753e+001
1.754099e+001	-6.571242e+001
1.763591e+001	-7.245950e+001
1.779724e+001	-7.620365e+001
1.795857e+001	-7.994779e+001
1.730631e+001	-1.204767e+002
1.748425e+001	-1.234702e+002
1.821011e+001	-1.016902e+002
1.832163e+001	-1.076866e+002
1.806786e+001	-1.301984e+002
1.852806e+001	-1.204299e+002
1.830750e+001	-1.414403e+002
1.825299e+001	-1.549437e+002
1.854715e+001	-1.526821e+002
1.869187e+001	-1.571771e+002
1.835509e+001	-1.834425e+002
1.899794e+001	-1.654161e+002
1.927549e+001	-1.639053e+002
1.935380e+001	-1.714030e+002
1.989702e+001	-1.578810e+002
1.969307e+001	-1.781407e+002
2.002044e+001	-1.743778e+002
2.019837e+001	-1.773713e+002
2.006083e+001	-1.946282e+002
2.027198e+001	-1.961202e+002
2.043331e+001	-1.998644e+002
2.031237e+001	-2.163706e+002
2.049031e+001	-2.193640e+002
2.041919e+001	-2.336181e+002
2.049750e+001	-2.411158e+002
2.059241e+001	-2.478629e+002
2.063752e+001	-2.568619e+002
2.129696e+001	-2.380849e+002
2.198962e+001	-2.178064e+002
2.298113e+001	-1.840152e+002
2.491907e+001	-1.074336e+002
2.622606e+001	-5.937893e+001
2.705154e+001	-3.309482e+001
2.701363e+001	-4.584741e+001
2.749043e+001	-3.532820e+001
2.736950e+001	-5.183441e+001
2.759724e+001	-5.257575e+001
2.830650e+001	-3.154647e+001
2.836821e+001	-3.979495e+001
2.844652e+001	-4.729261e+001
2.869087e+001	-4.728324e+001
2.873597e+001	-5.628243e+001
2.922938e+001	-4.501239e+001
2.935750e+001	-5.025806e+001
2.917015e+001	-6.976709e+001
2.908243e+001	-8.477190e+001
2.967545e+001	-6.899765e+001
2.960433e+001	-8.325164e+001
3.003133e+001	-7.498455e+001
3.072397e+001	-5.470607e+001
3.061965e+001	-7.046158e+001
3.103003e+001	-6.294507e+001
3.115816e+001	-6.819074e+001
3.120326e+001	-7.718981e+001
3.184610e+001	-5.916346e+001
3.238932e+001	-4.564132e+001
3.175367e+001	-8.541955e+001
3.174896e+001	-9.667074e+001
3.205973e+001	-9.365855e+001
3.217125e+001	-9.965481e+001
3.259824e+001	-9.138771e+001
3.300863e+001	-8.387119e+001
3.305373e+001	-9.287038e+001
3.326487e+001	-9.436241e+001
3.397413e+001	-7.333324e+001
3.391961e+001	-8.683665e+001
3.394811e+001	-9.658642e+001
3.376076e+001	-1.160954e+002
3.363983e+001	-1.326017e+002
3.444870e+001	-1.070683e+002
3.485910e+001	-9.955176e+001
3.520307e+001	-9.503817e+001
3.475006e+001	-1.265586e+002
3.506082e+001	-1.235464e+002
3.470744e+001	-1.505624e+002
3.513443e+001	-1.422953e+002
3.567764e+001	-1.287732e+002
3.554011e+001	-1.460301e+002
3.581766e+001	-1.445194e+002
3.592918e+001	-1.505156e+002
3.628976e+001	-1.452513e+002
3.621864e+001	-1.595054e+002
3.682827e+001	-1.429805e+002
3.752092e+001	-1.227020e+002
3.862867e+001	-8.365574e+001
4.025113e+001	-2.133765e+001
4.036265e+001	-2.733391e+001
4.039115e+001	-3.708380e+001
4.106720e+001	-1.755604e+001
4.137797e+001	-1.454375e+001
4.132345e+001	-2.804714e+001
4.106968e+001	-5.055909e+001
4.234347e+001	-4.005791e+000
4.248819e+001	-8.500646e+000
4.235066e+001	-2.575757e+001
4.262821e+001	-2.424679e+001
4.245747e+001	-4.300511e+001
4.271842e+001	-4.224504e+001
4.347749e+001	-1.896376e+001
4.353920e+001	-2.721213e+001
4.363411e+001	-3.395921e+001
4.371242e+001	-4.145687e+001
4.408960e+001	-3.544187e+001
4.405169e+001	-4.819446e+001
4.444547e+001	-4.142877e+001
4.470643e+001	-4.066869e+001
4.556512e+001	-1.288307e+001
4.547739e+001	-2.788789e+001
4.519042e+001	-5.190125e+001
4.586646e+001	-3.237349e+001
4.612742e+001	-3.161330e+001
4.623894e+001	-3.760967e+001
4.651650e+001	-3.609889e+001
4.659481e+001	-4.359656e+001
4.710482e+001	-3.157583e+001
4.733256e+001	-3.231727e+001
4.731125e+001	-4.431916e+001
4.760541e+001	-4.205768e+001
4.803240e+001	-3.379057e+001
4.829336e+001	-3.303051e+001
4.875356e+001	-2.326189e+001
4.859942e+001	-4.126951e+001
4.879396e+001	-4.351225e+001
4.908812e+001	-4.125077e+001
4.941548e+001	-3.748788e+001
4.899568e+001	-6.750687e+001
4.925664e+001	-6.674680e+001
4.981646e+001	-5.247395e+001
4.976194e+001	-6.597725e+001
5.038818e+001	-4.870160e+001
5.054951e+001	-5.244585e+001
5.036216e+001	-7.195488e+001
5.120425e+001	-4.491997e+001
5.129916e+001	-5.166705e+001
5.230729e+001	-1.712511e+001
5.192069e+001	-4.564258e+001
5.201560e+001	-5.238965e+001
5.214373e+001	-5.763520e+001
5.248770e+001	-5.312161e+001
5.251620e+001	-6.287139e+001
5.289338e+001	-5.685639e+001
5.398453e+001	-1.856094e+001
5.364774e+001	-4.482629e+001
5.412454e+001	-3.430708e+001
5.411984e+001	-4.555826e+001
5.398230e+001	-6.281518e+001
5.402740e+001	-7.181437e+001
5.382345e+001	-9.207409e+001
5.446629e+001	-7.404773e+001
5.512574e+001	-5.527067e+001
5.530367e+001	-5.826412e+001
5.514953e+001	-7.627174e+001
5.534407e+001	-7.851448e+001
5.562163e+001	-7.700370e+001
5.609843e+001	-6.648449e+001
5.596089e+001	-8.374141e+001
5.640449e+001	-7.472349e+001
5.644959e+001	-8.372267e+001
5.712564e+001	-6.419480e+001
5.745301e+001	-6.043192e+001
5.731547e+001	-7.768883e+001
5.777567e+001	-6.792032e+001
5.780417e+001	-7.767010e+001
5.786588e+001	-8.591857e+001
5.812683e+001	-8.515851e+001
5.822175e+001	-9.190547e+001
5.826685e+001	-1.009045e+002
5.834516e+001	-1.084023e+002
5.905442e+001	-8.737314e+001
5.916594e+001	-9.336940e+001
5.942689e+001	-9.260934e+001
5.933916e+001	-1.076141e+002
5.983257e+001	-9.634411e+001
6.027616e+001	-8.732631e+001
6.003901e+001	-1.090874e+002
6.051581e+001	-9.856812e+001
6.046129e+001	-1.120715e+002
6.067243e+001	-1.135636e+002
6.128207e+001	-9.703861e+001
6.194151e+001	-7.826154e+001
6.228548e+001	-7.374796e+001
6.198191e+001	-9.851190e+001
6.204362e+001	-1.067604e+002
6.255362e+001	-9.473965e+001
6.298062e+001	-8.647255e+001
6.335780e+001	-8.045745e+001
6.315385e+001	-1.007172e+002
6.293329e+001	-1.217277e+002
6.326066e+001	-1.179647e+002
6.352161e+001	-1.172046e+002
6.335087e+001	-1.359631e+002
6.404352e+001	-1.156845e+002
6.423806e+001	-1.179273e+002
6.418354e+001	-1.314307e+002
6.437808e+001	-1.336734e+002
6.442318e+001	-1.426726e+002
6.518225e+001	-1.193913e+002
6.534358e+001	-1.231354e+002
6.504001e+001	-1.478994e+002
6.535077e+001	-1.448872e+002
6.574455e+001	-1.381215e+002
6.565683e+001	-1.531263e+002
6.616683e+001	-1.411056e+002
6.614552e+001	-1.531076e+002
6.653931e+001	-1.463418e+002
6.665083e+001	-1.523380e+002
6.734348e+001	-1.320596e+002
6.713953e+001	-1.523193e+002
6.715143e+001	-1.628199e+002
6.731275e+001	-1.665640e+002
6.775635e+001	-1.575462e+002
6.770183e+001	-1.710496e+002
6.824505e+001	-1.575275e+002
6.925318e+001	-1.229856e+002
7.122431e+001	-4.490249e+001
7.130263e+001	-5.240027e+001
7.136433e+001	-6.064864e+001
7.107737e+001	-8.466199e+001
7.216851e+001	-4.636642e+001
7.254569e+001	-4.035143e+001
7.297268e+001	-3.208434e+001
7.251967e+001	-6.360461e+001
7.263119e+001	-6.960098e+001
7.320762e+001	-5.457744e+001
7.345196e+001	-5.456807e+001
7.367971e+001	-5.530941e+001
7.394066e+001	-5.454933e+001
7.435105e+001	-4.703282e+001
7.442936e+001	-5.453060e+001
7.467371e+001	-5.452123e+001
7.498448e+001	-5.150904e+001
7.444845e+001	-8.678296e+001
7.479242e+001	-8.226925e+001
7.546847e+001	-6.274149e+001
7.599508e+001	-4.997017e+001
7.572471e+001	-7.323271e+001
7.576982e+001	-8.223178e+001
7.588134e+001	-8.822815e+001
7.698908e+001	-4.918200e+001
7.759872e+001	-3.265704e+001
7.729514e+001	-5.742100e+001
7.687534e+001	-8.743998e+001
7.711969e+001	-8.743060e+001
7.739725e+001	-8.591983e+001
7.754198e+001	-9.041469e+001
7.795236e+001	-8.289828e+001
7.831294e+001	-7.763389e+001
7.865691e+001	-7.312029e+001
7.873523e+001	-8.061796e+001
7.856448e+001	-9.937628e+001
7.919072e+001	-8.210063e+001
7.953469e+001	-7.758704e+001
7.972923e+001	-7.982978e+001
7.954188e+001	-9.933881e+001
7.955377e+001	-1.098394e+002
7.991435e+001	-1.045751e+002
7.962738e+001	-1.285883e+002
8.075173e+001	-8.879149e+001
8.106250e+001	-8.577932e+001
8.089174e+001	-1.045376e+002
8.085384e+001	-1.172902e+002
8.156309e+001	-9.626105e+001
8.175763e+001	-9.850380e+001
8.157028e+001	-1.180129e+002
8.161538e+001	-1.270120e+002
8.215860e+001	-1.134899e+002
8.250257e+001	-1.089763e+002
8.244805e+001	-1.224797e+002
8.249316e+001	-1.314788e+002
8.293676e+001	-1.224609e+002
8.248374e+001	-1.539813e+002
8.249565e+001	-1.644818e+002
8.325471e+001	-1.412005e+002
8.328321e+001	-1.509503e+002
8.395926e+001	-1.314225e+002
8.383832e+001	-1.479288e+002
8.343513e+001	-1.771970e+002
8.391193e+001	-1.666777e+002
8.470420e+001	-1.418950e+002
8.445044e+001	-1.644069e+002
8.452875e+001	-1.719046e+002
8.525461e+001	-1.501247e+002
8.544915e+001	-1.523675e+002
8.577652e+001	-1.486045e+002
8.635295e+001	-1.335810e+002
8.679654e+001	-1.245632e+002
8.768843e+001	-9.527616e+001
8.874637e+001	-5.848210e+001
8.814393e+001	-9.675882e+001
8.878677e+001	-7.873246e+001
8.916395e+001	-7.271747e+001
8.915924e+001	-8.396876e+001
8.915453e+001	-9.521994e+001
8.978077e+001	-7.794429e+001
9.005833e+001	-7.643351e+001
9.060155e+001	-6.291138e+001
9.074627e+001	-6.740633e+001
9.050911e+001	-8.916747e+001
9.086969e+001	-8.390319e+001
9.132989e+001	-7.413457e+001
9.144141e+001	-8.013083e+001
9.206764e+001	-6.285517e+001
9.232860e+001	-6.209509e+001
9.182578e+001	-9.586759e+001
9.185428e+001	-1.056175e+002
9.236429e+001	-9.359676e+001
9.282449e+001	-8.382824e+001
9.310205e+001	-8.231746e+001
9.321356e+001	-8.831373e+001
9.428810e+001	-5.076898e+001
9.434981e+001	-5.901733e+001
9.406283e+001	-8.303070e+001
9.420756e+001	-8.752554e+001
9.435229e+001	-9.202040e+001
9.466306e+001	-8.900822e+001
9.495722e+001	-8.674675e+001
9.520156e+001	-8.673737e+001
9.532969e+001	-9.198293e+001
9.582310e+001	-8.071290e+001
9.540329e+001	-1.107319e+002
9.539859e+001	-1.219832e+002
9.509502e+001	-1.467471e+002
9.610314e+001	-1.122052e+002
9.626447e+001	-1.159493e+002
9.665825e+001	-1.091836e+002
9.756675e+001	-7.914592e+001
9.762846e+001	-8.739440e+001
9.793923e+001	-8.438222e+001
9.810056e+001	-8.812636e+001
9.849434e+001	-8.136055e+001
9.855605e+001	-8.960904e+001
9.868418e+001	-9.485458e+001
9.851342e+001	-1.136129e+002
9.892381e+001	-1.060965e+002
9.890250e+001	-1.180985e+002
9.899742e+001	-1.248455e+002
9.935800e+001	-1.195812e+002
9.980159e+001	-1.105633e+002
9.999613e+001	-1.128060e+002
1.000246e+002	-1.225559e+002
1.016305e+002	-6.098840e+001
1.034190e+002	8.836803e+000
1.033479e+002	-5.417291e+000
1.032767e+002	-1.967140e+001
1.035875e+002	-1.665922e+001
1.046122e+002	1.863341e+001
1.042921e+002	-6.881233e+000
1.046526e+002	-1.616941e+000
1.048970e+002	-1.607567e+000
1.048923e+002	-1.285886e+001
1.056015e+002	8.170407e+000
1.055636e+002	-4.582273e+000
1.056087e+002	-1.358146e+001
1.058863e+002	-1.207057e+001
1.060476e+002	-1.581484e+001
1.067569e+002	5.214437e+000
1.064201e+002	-2.105102e+001
1.066312e+002	-2.254306e+001
1.071080e+002	-1.202374e+001
1.068543e+002	-3.453569e+001
1.077296e+002	-5.999370e+000
1.081732e+002	3.018426e+000
1.084839e+002	6.030718e+000
1.081803e+002	-1.873334e+001
1.079930e+002	-3.824236e+001
1.083204e+002	-3.447948e+001
1.092455e+002	-3.691060e+000
1.091079e+002	-2.094797e+001
1.091862e+002	-2.844564e+001
1.097793e+002	-1.267150e+001
1.101731e+002	-5.905691e+000
1.098861e+002	-2.991905e+001
1.104127e+002	-1.714762e+001
1.108397e+002	-8.880397e+000
1.106855e+002	-2.688802e+001
1.111624e+002	-1.636881e+001
1.107425e+002	-4.638768e+001
1.110865e+002	-4.187410e+001
1.114969e+002	-3.435769e+001
1.113428e+002	-5.236531e+001
1.119026e+002	-3.809247e+001
1.127447e+002	-1.105757e+001
1.125407e+002	-3.131741e+001
1.129677e+002	-2.305020e+001
1.136770e+002	-2.021025e+000
1.138549e+002	-5.014466e+000
1.140993e+002	-5.005104e+000
1.139285e+002	-2.376343e+001
1.138242e+002	-3.951893e+001
1.141515e+002	-3.575605e+001
1.148940e+002	-1.322548e+001
1.152546e+002	-7.961075e+000
1.153329e+002	-1.545885e+001
1.158761e+002	-1.936708e+000
1.163031e+002	6.330491e+000
1.163316e+002	-3.419386e+000
1.164597e+002	-8.664930e+000
1.164384e+002	-2.066693e+001
1.165001e+002	-2.891530e+001
1.173754e+002	-3.790988e-001
1.176364e+002	3.809643e-001
1.176317e+002	-1.087020e+001
1.176602e+002	-2.062009e+001
1.179045e+002	-2.061072e+001
1.182651e+002	-1.534643e+001
1.184098e+002	-1.984129e+001
1.187538e+002	-1.532770e+001
1.189649e+002	-1.681974e+001
1.191761e+002	-1.831178e+001
1.189721e+002	-3.857150e+001
1.195319e+002	-2.429866e+001
1.201250e+002	-8.524417e+000
1.203859e+002	-7.764343e+000
1.205639e+002	-1.075778e+001
1.210075e+002	-1.739977e+000
1.213016e+002	5.214883e-001
1.216788e+002	6.536595e+000
1.218733e+002	4.293740e+000
1.221177e+002	4.303103e+000
1.217477e+002	-2.346364e+001
1.222079e+002	-1.369513e+001
1.221866e+002	-2.569702e+001
1.227132e+002	-1.292570e+001
1.229575e+002	-1.291632e+001
1.230359e+002	-2.041399e+001
1.235127e+002	-9.894669e+000
1.236076e+002	-1.664174e+001
1.237025e+002	-2.338870e+001
1.238638e+002	-2.713285e+001
1.241082e+002	-2.712348e+001
1.240371e+002	-4.137759e+001
1.246135e+002	-2.635404e+001
1.249741e+002	-2.108975e+001
1.253180e+002	-1.657616e+001
1.255956e+002	-1.506538e+001
1.259230e+002	-1.130239e+001
1.265658e+002	6.723953e+000
1.267105e+002	2.228984e+000
1.268220e+002	-3.767262e+000
1.267177e+002	-1.952277e+001
1.273606e+002	-1.496412e+000
1.280532e+002	1.878205e+001
1.277164e+002	-7.483307e+000
1.279442e+002	-8.224634e+000
1.280723e+002	-1.347030e+001
1.283830e+002	-1.045801e+001
1.287104e+002	-6.695123e+000
1.293201e+002	9.829810e+000
1.292157e+002	-5.925686e+000
1.293438e+002	-1.117124e+001
1.297874e+002	-2.153434e+000
1.296499e+002	-1.941035e+001
1.297282e+002	-2.690801e+001
1.306865e+002	5.381696e+000
1.309973e+002	8.393989e+000
1.307767e+002	-1.261655e+001
1.303071e+002	-4.488753e+001
1.308835e+002	-2.986410e+001
1.311445e+002	-2.910404e+001
1.312062e+002	-3.735240e+001
1.316830e+002	-2.683307e+001
1.325915e+002	3.204525e+000
1.326366e+002	-5.794535e+000
1.324991e+002	-2.305146e+001
1.331253e+002	-5.775800e+000
1.331870e+002	-1.402427e+001
1.336306e+002	-5.006363e+000
1.332772e+002	-3.202253e+001
1.339533e+002	-1.249476e+001
1.342973e+002	-7.981069e+000
1.341265e+002	-2.673939e+001
1.351180e+002	7.051835e+000
1.352296e+002	1.055463e+000
1.355071e+002	2.566239e+000
1.352367e+002	-2.069629e+001
1.349996e+002	-4.245743e+001
1.358251e+002	-1.617334e+001
1.360030e+002	-1.916678e+001
1.364134e+002	-1.165038e+001
1.367408e+002	-7.887390e+000
1.368523e+002	-1.388375e+001
1.370302e+002	-1.687720e+001
1.373576e+002	-1.311431e+001
1.377680e+002	-5.597804e+000
1.377965e+002	-1.534769e+001
1.378582e+002	-2.359605e+001
1.380693e+002	-2.508809e+001
1.382971e+002	-2.582943e+001
1.385082e+002	-2.732147e+001
1.386363e+002	-3.256714e+001
1.387811e+002	-3.706199e+001
1.395733e+002	-1.227930e+001
1.399671e+002	-5.513488e+000
1.399790e+002	-1.601408e+001
1.398747e+002	-3.176959e+001
1.404013e+002	-1.899816e+001
1.408283e+002	-1.073095e+001
1.410726e+002	-1.072157e+001
1.411011e+002	-2.047146e+001
1.414783e+002	-1.445647e+001
1.417227e+002	-1.444709e+001
1.423489e+002	2.828539e+000
1.422280e+002	-1.367766e+001
1.423063e+002	-2.117533e+001
1.429325e+002	-3.899671e+000
1.431105e+002	-6.893113e+000
1.435208e+002	6.232703e-001
1.439478e+002	8.890492e+000
1.440427e+002	2.143419e+000
1.440878e+002	-6.855641e+000
1.441163e+002	-1.660553e+001
1.439456e+002	-3.536385e+001
1.446549e+002	-1.433468e+001
1.444509e+002	-3.459441e+001
1.451768e+002	-1.281454e+001
1.449728e+002	-3.307427e+001
1.457319e+002	-9.792876e+000
1.463249e+002	5.981252e+000
1.465361e+002	4.489212e+000
1.466974e+002	7.450585e-001
1.472904e+002	1.651931e+001
1.471031e+002	-2.989710e+000
1.470153e+002	-1.799452e+001
1.470106e+002	-2.924581e+001
1.473048e+002	-2.698422e+001
1.475990e+002	-2.472274e+001
1.479927e+002	-1.795705e+001
1.486190e+002	-6.813889e-001
1.488135e+002	-2.924130e+000
1.489416e+002	-8.169685e+000
1.490033e+002	-1.641816e+001
1.490484e+002	-2.541723e+001
1.496747e+002	-8.141588e+000
1.493379e+002	-3.440705e+001
1.499641e+002	-1.713140e+001
1.499096e+002	-3.063479e+001
1.506023e+002	-1.035622e+001
1.502655e+002	-3.662169e+001
1.505596e+002	-3.436021e+001
1.511029e+002	-2.083807e+001
1.515132e+002	-1.332168e+001
1.521893e+002	6.206082e+000
1.526827e+002	1.747611e+001
1.521135e+002	-1.929920e+001
1.525073e+002	-1.253349e+001
1.524860e+002	-2.453538e+001
1.530458e+002	-1.026254e+001
1.539709e+002	2.052577e+001
1.539164e+002	7.022466e+000
1.542437e+002	1.078536e+001
1.543884e+002	6.290398e+000
1.537362e+002	-3.423842e+001
1.541632e+002	-2.597121e+001
1.546234e+002	-1.620270e+001
1.547681e+002	-2.069755e+001
1.547966e+002	-3.044744e+001
1.553398e+002	-1.692530e+001
1.558997e+002	-2.652455e+000
1.561938e+002	-3.909789e-001
1.571521e+002	3.189883e+001
1.569482e+002	1.163911e+001
1.562959e+002	-2.888983e+001
1.567229e+002	-2.062260e+001
1.572827e+002	-6.349764e+000
1.579920e+002	1.467940e+001
1.577714e+002	-6.331029e+000
1.577169e+002	-1.983443e+001
1.580443e+002	-1.607154e+001
1.584547e+002	-8.555033e+000
1.593798e+002	2.223326e+001
1.598400e+002	3.200189e+001
1.593704e+002	-2.691907e-001
1.594985e+002	-5.514747e+000
1.598591e+002	-2.504549e-001
1.607011e+002	2.678444e+001
1.607795e+002	1.928667e+001
1.606751e+002	3.531148e+000
1.609527e+002	5.041923e+000
1.611306e+002	2.048482e+000
1.615078e+002	8.063589e+000
1.610714e+002	-2.270609e+001
1.614984e+002	-1.443899e+001
1.624235e+002	1.634942e+001
1.623524e+002	2.095315e+000
1.625303e+002	-8.981149e-001
1.627580e+002	-1.639454e+000
1.630854e+002	2.123425e+000
1.633962e+002	5.135602e+000
1.635741e+002	2.142160e+000
1.637188e+002	-2.352683e+000
1.638304e+002	-8.348940e+000
1.641079e+002	-6.838165e+000
1.639870e+002	-2.334438e+001
1.640985e+002	-2.934075e+001
1.652229e+002	1.045622e+001
1.653012e+002	2.958442e+000
1.656783e+002	8.973549e+000
1.655408e+002	-8.283359e+000
1.654697e+002	-2.253746e+001
1.658137e+002	-1.802387e+001
1.660746e+002	-1.726381e+001
1.661861e+002	-2.326007e+001
1.671112e+002	7.528343e+000
1.676046e+002	1.879827e+001
1.675501e+002	5.294862e+000
1.676118e+002	-2.953498e+000
1.677732e+002	-6.697641e+000
1.683662e+002	9.076590e+000
1.685939e+002	8.335263e+000
1.689545e+002	1.359955e+001
1.692321e+002	1.511032e+001
1.690613e+002	-3.647992e+000
1.694385e+002	2.366990e+000
1.699983e+002	1.663983e+001
1.702759e+002	1.815061e+001
1.699557e+002	-7.364036e+000
1.699676e+002	-1.786462e+001
1.706935e+002	3.915237e+000
1.710042e+002	6.927426e+000
1.711988e+002	4.684685e+000
1.713767e+002	1.691232e+000
1.717207e+002	6.204823e+000
1.715997e+002	-1.030139e+001
1.716282e+002	-2.005116e+001
1.727028e+002	1.749358e+001
1.725154e+002	-2.015428e+000
1.720292e+002	-3.503723e+001
1.726887e+002	-1.626017e+001
1.730326e+002	-1.174658e+001
1.728951e+002	-2.900350e+001
1.735878e+002	-8.724914e+000
1.740479e+002	1.043583e+000
1.742757e+002	3.022444e-001
1.744038e+002	-4.943300e+000
1.742663e+002	-2.220022e+001
1.746435e+002	-1.618523e+001
1.751203e+002	-5.665903e+000
1.754808e+002	-4.016114e-001
1.759410e+002	9.367000e+000
1.758699e+002	-4.887093e+000
1.763301e+002	4.881405e+000
1.763088e+002	-7.120460e+000
1.765365e+002	-7.861799e+000
1.769635e+002	4.052968e-001
1.770916e+002	-4.840248e+000
1.770703e+002	-1.684225e+001
1.774807e+002	-9.325729e+000
1.778413e+002	-4.061449e+000
1.783015e+002	5.707060e+000
1.783134e+002	-4.793414e+000
1.785909e+002	-3.282638e+000
1.790511e+002	6.485859e+000
1.794117e+002	1.175026e+001
1.790417e+002	-1.601659e+001
1.797177e+002	3.511153e+000
1.798293e+002	-2.485092e+000
1.801898e+002	2.779188e+000
1.806334e+002	1.179710e+001
1.803630e+002	-1.146554e+001
1.807568e+002	-4.699735e+000
1.814329e+002	1.482802e+001
1.810463e+002	-1.368955e+001
1.815729e+002	-9.181097e-001
1.816844e+002	-6.914367e+000
1.822608e+002	8.109164e+000
1.821565e+002	-7.646331e+000
1.828159e+002	1.113071e+001
1.830603e+002	1.114008e+001
1.831386e+002	3.642303e+000
1.827520e+002	-2.487515e+001
1.831790e+002	-1.660805e+001
1.838052e+002	6.675975e-001
1.843318e+002	1.343903e+001
1.844267e+002	6.691953e+000
1.844386e+002	-3.808510e+000
1.844671e+002	-1.355840e+001
1.847945e+002	-9.795508e+000
1.863339e+002	4.876915e+001
1.859639e+002	2.100226e+001
1.857268e+002	-7.588614e-001
1.859545e+002	-1.500189e+000
1.861324e+002	-4.493642e+000
1.862938e+002	-8.237785e+000
1.864883e+002	-1.048064e+001
1.866994e+002	-1.197268e+001
1.869272e+002	-1.271402e+001
1.871549e+002	-1.345535e+001
1.871004e+002	-2.695875e+001
1.872451e+002	-3.145360e+001
1.880540e+002	-5.920101e+000
1.882319e+002	-8.913543e+000
1.880446e+002	-2.842268e+001
1.881561e+002	-3.441895e+001
1.888321e+002	-1.489118e+001
1.890931e+002	-1.413110e+001
1.895035e+002	-6.614594e+000
1.899139e+002	9.017888e-001
1.900586e+002	-3.593043e+000
1.903528e+002	-1.331567e+000
1.912114e+002	2.645403e+001
1.913063e+002	1.970696e+001
1.916171e+002	2.271913e+001
1.914297e+002	3.210110e+000
1.912922e+002	-1.404680e+001
1.913539e+002	-2.229517e+001
1.919635e+002	-5.770215e+000
1.925566e+002	1.000403e+001
1.923360e+002	-1.100651e+001
1.923147e+002	-2.300840e+001
1.928911e+002	-7.984846e+000
1.931853e+002	-5.723369e+000
1.939942e+002	1.981001e+001
1.941721e+002	1.681656e+001
1.941840e+002	6.315967e+000
1.938140e+002	-2.145078e+001
1.938923e+002	-2.894855e+001
1.942695e+002	-2.293346e+001
1.947795e+002	-1.091283e+001
1.958374e+002	2.588132e+001
1.956667e+002	7.122886e+000
1.957948e+002	1.877330e+000
1.953750e+002	-2.814164e+001
1.966488e+002	1.841165e+001
1.963950e+002	-4.100179e+000
1.967556e+002	1.164090e+000
1.965350e+002	-1.984632e+001
1.966133e+002	-2.734411e+001
1.965422e+002	-4.159810e+001
1.972514e+002	-2.056893e+001
1.974460e+002	-2.281167e+001
1.984375e+002	1.097956e+001
1.980509e+002	-1.753801e+001
1.979133e+002	-3.479493e+001
1.988384e+002	-4.006500e+000
1.988835e+002	-1.300569e+001
1.989785e+002	-1.975265e+001
1.993224e+002	-1.523907e+001
1.996830e+002	-9.974774e+000
2.000436e+002	-4.710368e+000
2.004706e+002	3.556728e+000
1.999179e+002	-3.246788e+001
2.004777e+002	-1.819504e+001
2.005560e+002	-2.569269e+001
2.009332e+002	-1.967770e+001
2.010448e+002	-2.567396e+001
2.015215e+002	-1.515475e+001
2.012346e+002	-3.916800e+001
2.017114e+002	-2.864878e+001
2.014742e+002	-5.040992e+001
2.026318e+002	-9.111647e+000
2.030255e+002	-2.345839e+000
2.035189e+002	8.924175e+000
2.030991e+002	-2.109480e+001
2.037088e+002	-4.569855e+000
2.042022e+002	6.700055e+000
2.044631e+002	7.460130e+000
2.038275e+002	-3.231799e+001
2.048522e+002	2.974637e+000
2.060928e+002	4.802654e+001
2.052911e+002	7.412701e-001
2.049875e+002	-2.402267e+001
2.054311e+002	-1.500486e+001
2.058747e+002	-5.986941e+000
2.065009e+002	1.128869e+001
2.064630e+002	-1.463988e+000
2.064417e+002	-1.346599e+001
2.069019e+002	-3.697366e+000
2.064821e+002	-3.371635e+001
2.071913e+002	-1.268718e+001
2.080168e+002	1.359701e+001
2.079457e+002	-6.570794e-001
2.078580e+002	-1.566188e+001
2.086668e+002	9.871607e+000
2.082636e+002	-1.939666e+001
2.088899e+002	-2.121010e+000
2.092837e+002	4.644673e+000
2.092955e+002	-5.855790e+000
2.094071e+002	-1.185216e+001
2.093193e+002	-2.685697e+001
2.098293e+002	-1.483624e+001
2.103228e+002	-3.566216e+000
2.099195e+002	-3.283449e+001
2.104628e+002	-1.931236e+001
2.113547e+002	9.974648e+000
2.118314e+002	2.049387e+001
2.116275e+002	2.341341e-001
2.118718e+002	2.434962e-001
2.121328e+002	1.003571e+000
2.125764e+002	1.002149e+001
2.118909e+002	-3.200884e+001
2.129655e+002	5.535897e+000
2.132762e+002	8.548075e+000
2.133047e+002	-1.201687e+000
2.136653e+002	4.062594e+000
2.139595e+002	6.324070e+000
2.142370e+002	7.834846e+000
2.139168e+002	-1.767980e+001
2.142442e+002	-1.391691e+001
2.148538e+002	2.608025e+000
2.149654e+002	-3.388220e+000
2.151433e+002	-6.381662e+000
2.155703e+002	1.885434e+000
2.152999e+002	-2.137710e+001
2.153118e+002	-3.187769e+001
2.157222e+002	-2.436118e+001
2.160994e+002	-1.834619e+001
2.162109e+002	-2.434245e+001
2.168039e+002	-8.568310e+000
2.172973e+002	2.701704e+000
2.178073e+002	1.472244e+001
2.175868e+002	-6.287983e+000
2.182130e+002	1.098766e+001
2.185570e+002	1.550124e+001
2.185357e+002	3.499250e+000
2.185310e+002	-7.751914e+000
2.191904e+002	1.102513e+001
2.194015e+002	9.533093e+000
2.196459e+002	9.542455e+000
2.197740e+002	4.296796e+000
2.199851e+002	2.804756e+000
2.197812e+002	-1.745497e+001
2.203576e+002	-2.431414e+000
2.206352e+002	-9.206505e-001
2.205807e+002	-1.442404e+001
2.209080e+002	-1.066116e+001
2.210361e+002	-1.590672e+001
2.219612e+002	1.488169e+001
2.218735e+002	-1.231044e-001
2.218190e+002	-1.362651e+001
2.220301e+002	-1.511855e+001
2.226066e+002	-9.499502e-002
2.230336e+002	8.172089e+000
2.231119e+002	6.744302e-001
2.230905e+002	-1.132756e+001
2.233017e+002	-1.281959e+001
2.237121e+002	-5.303080e+000
2.238236e+002	-1.129945e+001
2.239517e+002	-1.654501e+001
2.244451e+002	-5.274981e+000
2.247559e+002	-2.262793e+000
2.241534e+002	-4.053951e+001
2.249623e+002	-1.500612e+001
2.256882e+002	6.773740e+000
2.257997e+002	7.774827e-001
2.258780e+002	-6.720176e+000
2.267201e+002	2.031460e+001
2.262339e+002	-1.270717e+001
2.266774e+002	-3.689263e+000
2.265233e+002	-2.169688e+001
2.268673e+002	-1.718329e+001
2.273275e+002	-7.414670e+000
2.277047e+002	-1.399677e+000
2.275339e+002	-2.015800e+001
2.280605e+002	-7.386572e+000
2.288528e+002	1.739611e+001
2.287319e+002	8.898973e-001
2.286109e+002	-1.561631e+001
2.290379e+002	-7.349100e+000
2.294151e+002	-1.334096e+000
2.299583e+002	1.218802e+001
2.306509e+002	3.246649e+001
2.301315e+002	-2.056699e+000
2.299940e+002	-1.931362e+001
2.305206e+002	-6.542181e+000
2.304495e+002	-2.079628e+001
2.306274e+002	-2.378974e+001
2.312038e+002	-8.766300e+000
2.313818e+002	-1.175974e+001
2.322239e+002	1.527515e+001
2.324018e+002	1.228171e+001
2.328620e+002	2.205022e+001
2.324754e+002	-6.467238e+000
2.325039e+002	-1.621712e+001
2.330139e+002	-4.196399e+000
2.337232e+002	1.683276e+001
2.339011e+002	1.383932e+001
2.336473e+002	-8.672622e+000
2.343732e+002	1.310735e+001
2.343186e+002	-3.960376e-001
2.339985e+002	-2.591081e+001
2.344089e+002	-1.839430e+001
2.344208e+002	-2.889488e+001
2.344659e+002	-3.789394e+001
2.343781e+002	-5.289876e+001
