    nm         	pN
0.000000e+000	6.114103e+002
-2.255821e-002	6.004462e+002
8.816776e-002	5.949614e+002
8.465555e-002	5.847803e+002
-1.409070e-002	5.706841e+002
-5.569625e-002	5.589369e+002
-2.113537e-002	5.503210e+002
-4.369493e-002	5.393568e+002
-6.625313e-002	5.283927e+002
-1.649994e-001	5.142964e+002
-2.066049e-001	5.025493e+002
-2.291631e-001	4.915852e+002
-2.707687e-001	4.798380e+002
-3.504676e-001	4.665248e+002
-3.349331e-001	4.571267e+002
-2.813263e-001	4.492937e+002
-2.467661e-001	4.406778e+002
-1.550881e-001	4.344099e+002
-1.966937e-001	4.226628e+002
-2.192519e-001	4.116986e+002
-2.418108e-001	4.007345e+002
-2.262972e-001	3.913355e+002
-2.107844e-001	3.819365e+002
-2.904617e-001	3.686242e+002
-3.320672e-001	3.568771e+002
-3.736735e-001	3.451299e+002
-3.391132e-001	3.365139e+002
-3.807181e-001	3.247668e+002
-4.032986e-001	3.138017e+002
-4.639292e-001	3.012725e+002
-3.341573e-001	2.965707e+002
-4.519502e-001	2.816914e+002
-4.173684e-001	2.730763e+002
-5.161140e-001	2.589801e+002
-4.053887e-001	2.534953e+002
-3.708069e-001	2.448803e+002
-3.743407e-001	2.346982e+002
-3.588271e-001	2.252993e+002
-4.194577e-001	2.127700e+002
-4.039449e-001	2.033710e+002
-2.741722e-001	1.986692e+002
-3.157778e-001	1.869220e+002
-2.431249e-001	1.798721e+002
-2.847298e-001	1.681249e+002
-3.644294e-001	1.548117e+002
-3.489158e-001	1.454127e+002
-3.333807e-001	1.360146e+002
-3.940336e-001	1.234845e+002
-3.404267e-001	1.156515e+002
-3.249132e-001	1.062525e+002
-3.855661e-001	9.372232e+001
-3.129119e-001	8.667238e+001
-4.306825e-001	7.179404e+001
-2.247455e-001	7.022345e+001
-3.615634e-001	5.456209e+001
-4.412624e-001	4.124890e+001
-3.114904e-001	3.654712e+001
-2.959552e-001	2.714901e+001
-2.423484e-001	1.931605e+001
-2.458822e-001	9.134041e+000
-9.706286e-002	5.215279e+000
5.175646e-002	1.296518e+000
3.148342e-001	2.074962e+000
3.493951e-001	-6.541005e+000
2.506705e-001	-2.063632e+001
3.042774e-001	-2.846928e+001
1.293660e-001	-4.569667e+001
4.305168e-001	-4.335307e+001
5.793348e-001	-4.727183e+001
4.806102e-001	-6.136717e+001
3.818653e-001	-7.546337e+001
4.735655e-001	-8.173030e+001
5.271724e-001	-8.956325e+001
5.617319e-001	-9.817924e+001
5.772455e-001	-1.075782e+002
8.593706e-001	-1.060168e+002
1.160520e+000	-1.036732e+002
1.042749e+000	-1.185515e+002
1.286781e+000	-1.185561e+002
1.169009e+000	-1.334344e+002
1.413041e+000	-1.334390e+002
1.485695e+000	-1.404889e+002
1.310782e+000	-1.577163e+002
1.688100e+000	-1.522415e+002
1.570328e+000	-1.671199e+002
1.395416e+000	-1.843472e+002
1.601376e+000	-1.859170e+002
1.902526e+000	-1.835734e+002
1.765708e+000	-1.992347e+002
1.819316e+000	-2.070677e+002
1.891969e+000	-2.141176e+002
2.002695e+000	-2.196024e+002
2.208654e+000	-2.211722e+002
2.281286e+000	-2.282230e+002
2.163514e+000	-2.431013e+002
2.198075e+000	-2.517173e+002
2.556364e+000	-2.470247e+002
2.476666e+000	-2.603378e+002
2.454107e+000	-2.713020e+002
2.393455e+000	-2.838321e+002
2.504202e+000	-2.893161e+002
2.462574e+000	-3.010641e+002
2.535229e+000	-3.081140e+002
2.417458e+000	-3.229924e+002
2.528183e+000	-3.284772e+002
2.524672e+000	-3.386583e+002
2.521137e+000	-3.488403e+002
2.460505e+000	-3.613696e+002
2.647398e+000	-3.637232e+002
2.681957e+000	-3.723392e+002
3.040249e+000	-3.676466e+002
3.569915e+000	-3.559085e+002
3.890112e+000	-3.527819e+002
3.829459e+000	-3.653121e+002
3.730736e+000	-3.794074e+002
3.822437e+000	-3.856744e+002
4.523484e+000	-3.668909e+002
6.652736e+000	-2.893937e+002
1.110516e+001	-1.163906e+002
1.237750e+001	-7.412109e+001
1.283100e+001	-6.551425e+001
1.296077e+001	-7.021604e+001
1.305247e+001	-7.648297e+001
1.352500e+001	-6.709400e+001
1.401660e+001	-5.692112e+001
1.393690e+001	-7.023430e+001
1.406667e+001	-7.493609e+001
1.469155e+001	-5.928386e+001
1.478325e+001	-6.555079e+001
1.451313e+001	-8.669238e+001
1.458578e+001	-9.374231e+001
1.477267e+001	-9.609593e+001
1.486437e+001	-1.023629e+002
1.507031e+001	-1.039335e+002
1.565712e+001	-8.984639e+001
1.565359e+001	-1.000284e+002
1.576433e+001	-1.055123e+002
1.617974e+001	-9.847150e+001
1.577633e+001	-1.250924e+002
1.605844e+001	-1.235319e+002
1.603588e+001	-1.344960e+002
1.591811e+001	-1.493743e+002
1.621926e+001	-1.470307e+002
1.615861e+001	-1.595609e+002
1.668827e+001	-1.478229e+002
1.645624e+001	-1.673984e+002
1.639559e+001	-1.799286e+002
1.658250e+001	-1.822813e+002
1.669323e+001	-1.877661e+002
1.674684e+001	-1.955991e+002
1.666714e+001	-2.089123e+002
1.681596e+001	-2.128311e+002
1.686956e+001	-2.206640e+002
1.696126e+001	-2.269309e+002
1.701487e+001	-2.347639e+002
1.697326e+001	-2.465111e+002
1.698878e+001	-2.559100e+002
1.711855e+001	-2.606118e+002
1.719120e+001	-2.676618e+002
1.695917e+001	-2.872373e+002
1.724130e+001	-2.856758e+002
1.714255e+001	-2.997720e+002
1.708190e+001	-3.123022e+002
1.719265e+001	-3.177861e+002
1.734147e+001	-3.217049e+002
1.749028e+001	-3.256237e+002
1.752484e+001	-3.342396e+002
1.771174e+001	-3.365933e+002
1.757492e+001	-3.522546e+002
1.781895e+001	-3.522592e+002
1.804393e+001	-3.530468e+002
1.836415e+001	-3.499193e+002
1.855104e+001	-3.522729e+002
1.847135e+001	-3.655861e+002
1.833453e+001	-3.812474e+002
1.855953e+001	-3.820341e+002
1.973664e+001	-3.436797e+002
2.066621e+001	-3.155019e+002
2.127204e+001	-3.006327e+002
2.117331e+001	-3.147280e+002
2.139830e+001	-3.155156e+002
2.135669e+001	-3.272628e+002
2.141030e+001	-3.350958e+002
2.161624e+001	-3.366663e+002
2.161273e+001	-3.468475e+002
2.164729e+001	-3.554634e+002
2.151047e+001	-3.711248e+002
2.152598e+001	-3.805238e+002
2.175097e+001	-3.813114e+002
2.172841e+001	-3.922755e+002
2.180106e+001	-3.993255e+002
2.168329e+001	-4.142038e+002
2.171785e+001	-4.228198e+002
2.190474e+001	-4.251734e+002
2.277719e+001	-3.993437e+002
2.338302e+001	-3.844745e+002
2.353184e+001	-3.883933e+002
2.360449e+001	-3.954432e+002
2.462927e+001	-3.633512e+002
2.553979e+001	-3.359564e+002
2.570765e+001	-3.390921e+002
2.579933e+001	-3.453600e+002
2.556730e+001	-3.649355e+002
2.647782e+001	-3.375407e+002
2.719793e+001	-3.179734e+002
2.787993e+001	-2.999730e+002
2.804780e+001	-3.031087e+002
2.819662e+001	-3.070275e+002
2.823118e+001	-3.156435e+002
2.834190e+001	-3.211283e+002
2.839551e+001	-3.289612e+002
2.858242e+001	-3.313140e+002
2.848368e+001	-3.454102e+002
2.926091e+001	-3.234947e+002
2.944782e+001	-3.258475e+002
2.936812e+001	-3.391606e+002
2.949790e+001	-3.438624e+002
2.953246e+001	-3.524784e+002
2.966223e+001	-3.571802e+002
2.971584e+001	-3.650131e+002
2.990275e+001	-3.673659e+002
2.986114e+001	-3.791130e+002
2.968623e+001	-3.963404e+002
2.981600e+001	-4.010422e+002
2.969823e+001	-4.159205e+002
2.982800e+001	-4.206223e+002
3.009108e+001	-4.198439e+002
3.060170e+001	-4.088888e+002
3.120754e+001	-3.940197e+002
3.101360e+001	-4.120292e+002
3.118147e+001	-4.151649e+002
3.157783e+001	-4.089071e+002
3.166953e+001	-4.151740e+002
3.160888e+001	-4.277042e+002
3.175770e+001	-4.316230e+002
3.183035e+001	-4.386729e+002
3.340735e+001	-3.838787e+002
3.772649e+001	-2.163549e+002
3.825616e+001	-2.046169e+002
3.901435e+001	-1.834845e+002
3.979158e+001	-1.615690e+002
4.022603e+001	-1.537452e+002
4.024155e+001	-1.631442e+002
4.039037e+001	-1.670629e+002
4.067249e+001	-1.655015e+002
4.095460e+001	-1.639409e+002
4.112246e+001	-1.670766e+002
4.115702e+001	-1.756926e+002
4.086787e+001	-1.976163e+002
4.107381e+001	-1.991869e+002
4.124168e+001	-2.023227e+002
4.121910e+001	-2.132877e+002
4.153932e+001	-2.101602e+002
4.187856e+001	-2.062506e+002
4.210354e+001	-2.070382e+002
4.200480e+001	-2.211344e+002
4.190607e+001	-2.352297e+002
4.228341e+001	-2.297540e+002
4.271786e+001	-2.219302e+002
4.279050e+001	-2.289810e+002
4.278699e+001	-2.391621e+002
4.299293e+001	-2.407327e+002
4.281803e+001	-2.579593e+002
4.300492e+001	-2.603129e+002
4.307758e+001	-2.673628e+002
4.341682e+001	-2.634532e+002
4.348948e+001	-2.705031e+002
4.375253e+001	-2.697256e+002
4.390135e+001	-2.736443e+002
4.380263e+001	-2.877396e+002
4.370388e+001	-3.018358e+002
4.396696e+001	-3.010574e+002
4.436334e+001	-2.947987e+002
4.445502e+001	-3.010666e+002
4.458479e+001	-3.057683e+002
4.412427e+001	-3.347374e+002
4.452063e+001	-3.284796e+002
4.482180e+001	-3.261351e+002
4.458975e+001	-3.457116e+002
4.473857e+001	-3.496304e+002
4.503974e+001	-3.472859e+002
4.532184e+001	-3.457253e+002
4.520408e+001	-3.606036e+002
4.508630e+001	-3.754820e+002
4.559692e+001	-3.645269e+002
4.763097e+001	-2.909439e+002
5.341638e+001	-6.314114e+001
5.472679e+001	-1.930651e+001
5.457093e+001	-3.575090e+001
5.527197e+001	-1.696749e+001
5.555410e+001	-1.540602e+001
5.524590e+001	-3.811276e+001
5.568036e+001	-3.028893e+001
5.645757e+001	-8.374347e+000
5.618747e+001	-2.951504e+001
5.616489e+001	-4.048007e+001
5.680882e+001	-2.404483e+001
5.768126e+001	1.784823e+000
5.763966e+001	-9.962319e+000
5.816932e+001	1.775693e+000
5.803251e+001	-1.388566e+001
5.810514e+001	-2.093649e+001
5.827300e+001	-2.407223e+001
5.825045e+001	-3.503638e+001
5.870395e+001	-2.642953e+001
5.896703e+001	-2.565107e+001
5.909680e+001	-3.035285e+001
5.964552e+001	-1.783182e+001
5.998476e+001	-1.392219e+001
5.979080e+001	-3.193259e+001
5.992057e+001	-3.663437e+001
6.050738e+001	-2.254730e+001
6.109417e+001	-8.461109e+000
6.154767e+001	1.457267e-001
6.110617e+001	-2.804123e+001
6.140734e+001	-2.569675e+001
6.144190e+001	-3.431273e+001
6.191443e+001	-2.492375e+001
6.232986e+001	-1.788205e+001
6.285953e+001	-6.144027e+000
6.325589e+001	1.137586e-001
6.271917e+001	-3.198738e+001
6.324884e+001	-2.024936e+001
6.343576e+001	-2.260209e+001
6.337510e+001	-3.513227e+001
6.405710e+001	-1.713188e+001
6.405359e+001	-2.731301e+001
6.439284e+001	-2.340337e+001
6.490346e+001	-1.244837e+001
6.453814e+001	-3.750327e+001
6.516302e+001	-2.185104e+001
6.536896e+001	-2.342165e+001
6.538448e+001	-3.282065e+001
6.644734e+001	8.374084e-001
6.636765e+001	-1.247577e+001
6.642125e+001	-2.030873e+001
6.666529e+001	-2.031330e+001
6.649039e+001	-3.753980e+001
6.724856e+001	-1.640823e+001
6.722600e+001	-2.737238e+001
6.712727e+001	-4.146770e+001
6.750459e+001	-3.599292e+001
6.788193e+001	-3.051726e+001
6.844967e+001	-1.721409e+001
6.854137e+001	-2.348101e+001
6.857593e+001	-3.209698e+001
6.914370e+001	-1.879293e+001
6.971145e+001	-5.488878e+000
6.919377e+001	-3.680791e+001
6.976153e+001	-2.350384e+001
6.964375e+001	-3.838219e+001
7.021150e+001	-2.507902e+001
7.070309e+001	-1.490614e+001
7.014733e+001	-4.779031e+001
7.117211e+001	-1.569829e+001
7.156849e+001	-9.439608e+000
7.171731e+001	-1.335837e+001
7.192325e+001	-1.492896e+001
7.205302e+001	-1.963075e+001
7.250652e+001	-1.102390e+001
7.259820e+001	-1.729172e+001
7.280416e+001	-1.886143e+001
7.302915e+001	-1.964902e+001
7.293042e+001	-3.374434e+001
7.313636e+001	-3.531494e+001
7.368508e+001	-2.279389e+001
7.436707e+001	-4.793516e+000
7.453494e+001	-7.929256e+000
7.434100e+001	-2.593877e+001
7.475641e+001	-1.889797e+001
7.501949e+001	-1.811951e+001
7.522543e+001	-1.969012e+001
7.577415e+001	-7.169073e+000
7.548498e+001	-2.909367e+001
7.607179e+001	-1.500659e+001
7.658240e+001	-4.051593e+000
7.644559e+001	-1.971294e+001
7.684197e+001	-1.345426e+001
7.742876e+001	6.319045e-001
7.774896e+001	3.758526e+000
7.766928e+001	-9.553773e+000
7.770384e+001	-1.816975e+001
7.785265e+001	-2.208851e+001
7.796339e+001	-2.757330e+001
7.917858e+001	1.234710e+001
7.953687e+001	1.703974e+001
7.957144e+001	8.423776e+000
7.945366e+001	-6.454553e+000
7.981195e+001	-1.761914e+000
8.001789e+001	-3.332509e+000
7.961448e+001	-2.995344e+001
8.029648e+001	-1.195305e+001
7.977881e+001	-4.327120e+001
8.046081e+001	-2.527081e+001
8.093336e+001	-1.588094e+001
8.211050e+001	2.247432e+001
8.191653e+001	4.463904e+000
8.157025e+001	-1.980885e+001
8.179523e+001	-2.059643e+001
8.207736e+001	-1.903496e+001
8.220713e+001	-2.373674e+001
8.243211e+001	-2.452433e+001
8.311413e+001	-6.523055e+000
8.339624e+001	-4.962474e+000
8.377357e+001	5.131744e-001
8.386527e+001	-5.753741e+000
8.403312e+001	-8.890366e+000
8.412482e+001	-1.515729e+001
8.408321e+001	-2.690446e+001
8.453672e+001	-1.829761e+001
8.451413e+001	-2.926264e+001
8.504381e+001	-1.752462e+001
8.481177e+001	-3.710016e+001
8.484636e+001	-4.571526e+001
8.507134e+001	-4.650284e+001
8.573429e+001	-2.928548e+001
8.635919e+001	-1.363236e+001
8.675556e+001	-7.374565e+000
8.713290e+001	-1.898904e+000
8.758638e+001	6.707036e+000
8.739244e+001	-1.130247e+001
8.756030e+001	-1.443821e+001
8.782339e+001	-1.365977e+001
8.808644e+001	-1.288221e+001
8.836857e+001	-1.132073e+001
8.785090e+001	-4.263888e+001
8.817109e+001	-3.951226e+001
8.883407e+001	-2.229401e+001
8.864011e+001	-4.030442e+001
8.911266e+001	-3.091455e+001
8.918531e+001	-3.796450e+001
8.969594e+001	-2.700949e+001
8.971145e+001	-3.640848e+001
9.027921e+001	-2.310443e+001
9.071367e+001	-1.528060e+001
9.103386e+001	-1.215398e+001
9.152546e+001	-1.981101e+000
9.119820e+001	-2.547174e+001
9.127085e+001	-3.252169e+001
9.140062e+001	-3.722347e+001
9.156849e+001	-4.035921e+001
9.204103e+001	-3.096935e+001
9.255166e+001	-2.001434e+001
9.315749e+001	-5.145141e+000
9.347771e+001	-2.017634e+000
9.334087e+001	-1.767988e+001
9.339448e+001	-2.551284e+001
9.396224e+001	-1.220878e+001
9.407297e+001	-1.769358e+001
9.376477e+001	-4.040031e+001
9.400880e+001	-4.040487e+001
9.497646e+001	-1.066102e+001
9.548708e+001	2.939749e-001
9.613101e+001	1.672922e+001
9.576567e+001	-8.326556e+000
9.620013e+001	-5.027295e-001
9.610140e+001	-1.459805e+001
9.642160e+001	-1.147143e+001
9.657042e+001	-1.539020e+001
9.647167e+001	-2.948641e+001
9.690613e+001	-2.166258e+001
9.671219e+001	-3.967210e+001
9.735612e+001	-2.323685e+001
9.771441e+001	-1.854421e+001
9.793940e+001	-1.933179e+001
9.877375e+001	4.931833e+000
9.886543e+001	-1.335979e+000
9.931893e+001	7.270857e+000
9.954391e+001	6.483271e+000
9.948329e+001	-6.045995e+000
9.907986e+001	-3.266782e+001
9.979995e+001	-1.310139e+001
1.003868e+002	9.856687e-001
1.004404e+002	-6.847289e+000
1.008558e+002	1.935175e-001
1.008523e+002	-9.987594e+000
1.013819e+002	1.750417e+000
1.012261e+002	-1.469394e+001
1.015272e+002	-1.235035e+001
1.015808e+002	-2.018331e+001
1.019391e+002	-1.549066e+001
1.023355e+002	-9.232873e+000
1.022939e+002	-2.098003e+001
1.024046e+002	-2.646393e+001
1.032199e+002	-2.983321e+000
1.032735e+002	-1.081628e+001
1.035556e+002	-9.255699e+000
1.036664e+002	-1.473962e+001
1.034534e+002	-3.353304e+001
1.042116e+002	-1.240058e+001
1.041700e+002	-2.414773e+001
1.046806e+002	-1.319273e+001
1.048294e+002	-1.711149e+001
1.053210e+002	-6.938616e+000
1.053556e+002	-1.555459e+001
1.055996e+002	-1.555916e+001
1.058436e+002	-1.556372e+001
1.063162e+002	-6.173868e+000
1.061793e+002	-2.183611e+001
1.067471e+002	-8.532048e+000
1.071054e+002	-3.839409e+000
1.069686e+002	-1.950076e+001
1.068698e+002	-3.359696e+001
1.074185e+002	-2.107593e+001
1.075102e+002	-2.734285e+001
1.077162e+002	-2.891345e+001
1.083982e+002	-1.091218e+001
1.078995e+002	-4.144819e+001
1.085816e+002	-2.344692e+001
1.089970e+002	-1.640612e+001
1.088411e+002	-3.285049e+001
1.090280e+002	-3.520321e+001
1.098052e+002	-1.328864e+001
1.100493e+002	-1.329320e+001
1.099886e+002	-2.582338e+001
1.103279e+002	-2.191375e+001
1.102863e+002	-3.366090e+001
1.109873e+002	-1.487661e+001
1.113646e+002	-9.401832e+000
1.112278e+002	-2.506319e+001
1.116052e+002	-1.958752e+001
1.120587e+002	-1.098068e+001
1.118457e+002	-2.977411e+001
1.116517e+002	-4.778362e+001
1.124670e+002	-2.430301e+001
1.124825e+002	-3.370200e+001
1.128028e+002	-3.057450e+001
1.129896e+002	-3.292812e+001
1.134622e+002	-2.353825e+001
1.135348e+002	-3.058820e+001
1.142740e+002	-1.023876e+001
1.143657e+002	-1.650657e+001
1.145906e+002	-1.729416e+001
1.148728e+002	-1.573269e+001
1.150025e+002	-2.043448e+001
1.157036e+002	-1.651071e+000
1.151859e+002	-3.296922e+001
1.156013e+002	-2.592840e+001
1.158454e+002	-2.593298e+001
1.161656e+002	-2.280547e+001
1.163525e+002	-2.515908e+001
1.168441e+002	-1.498621e+001
1.172976e+002	-6.379360e+000
1.175226e+002	-7.166946e+000
1.173096e+002	-2.596037e+001
1.174013e+002	-3.222729e+001
1.185403e+002	4.561935e+000
1.184415e+002	-9.534269e+000
1.182857e+002	-2.597864e+001
1.186249e+002	-2.206901e+001
1.190784e+002	-1.346216e+001
1.191892e+002	-1.894607e+001
1.195094e+002	-1.581946e+001
1.200962e+002	-1.733268e+000
1.201498e+002	-9.566238e+000
1.202605e+002	-1.505014e+001
1.202570e+002	-2.523215e+001
1.207486e+002	-1.505928e+001
1.208403e+002	-2.132709e+001
1.209891e+002	-2.524585e+001
1.212522e+002	-2.446740e+001
1.214771e+002	-2.525499e+001
1.216260e+002	-2.917375e+001
1.218700e+002	-2.917832e+001
1.224758e+002	-1.430822e+001
1.222248e+002	-3.466679e+001
1.228877e+002	-1.744942e+001
1.235126e+002	-1.797204e+000
1.240232e+002	9.158683e+000
1.233151e+002	-2.998873e+001
1.231402e+002	-4.721524e+001
1.232129e+002	-5.426607e+001
1.241996e+002	-2.373919e+001
1.249006e+002	-4.955782e+000
1.251447e+002	-4.960347e+000
1.246270e+002	-3.627849e+001
1.246806e+002	-4.411145e+001
1.251531e+002	-3.472159e+001
1.253210e+002	-3.785823e+001
1.255650e+002	-3.786280e+001
1.262851e+002	-1.829638e+001
1.266053e+002	-1.516887e+001
1.266399e+002	-2.378485e+001
1.265411e+002	-3.788106e+001
1.267471e+002	-3.945077e+001
1.272006e+002	-3.084393e+001
1.282444e+002	2.030218e+000
1.287170e+002	1.142007e+001
1.283135e+002	-1.520084e+001
1.282148e+002	-2.929705e+001
1.281542e+002	-4.182722e+001
1.285886e+002	-3.400339e+001
1.292135e+002	-1.835117e+001
1.291338e+002	-3.166347e+001
1.293207e+002	-3.401710e+001
1.298504e+002	-2.227907e+001
1.295422e+002	-4.498580e+001
1.298814e+002	-4.107617e+001
1.306777e+002	-1.837858e+001
1.309979e+002	-1.525107e+001
1.315847e+002	-1.164881e+000
1.313526e+002	-2.074044e+001
1.313301e+002	-3.170457e+001
1.318978e+002	-1.840140e+001
1.321990e+002	-1.605692e+001
1.324430e+002	-1.606149e+001
1.330489e+002	-1.192284e+000
1.329311e+002	-1.607063e+001
1.338035e+002	9.758141e+000
1.331716e+002	-2.625720e+001
1.327301e+002	-5.444417e+001
1.328980e+002	-5.757991e+001
1.334467e+002	-4.505887e+001
1.342810e+002	-2.079523e+001
1.342965e+002	-3.019423e+001
1.347691e+002	-2.080438e+001
1.350512e+002	-1.924290e+001
1.356761e+002	-3.590679e+000
1.357487e+002	-1.064063e+001
1.358023e+002	-1.847447e+001
1.362749e+002	-9.084612e+000
1.365380e+002	-8.306157e+000
1.365154e+002	-1.927030e+001
1.365119e+002	-2.945231e+001
1.367369e+002	-3.023990e+001
1.367714e+002	-3.885499e+001
1.372249e+002	-3.024903e+001
1.373357e+002	-3.573294e+001
1.379225e+002	-2.164676e+001
1.383760e+002	-1.303991e+001
1.389437e+002	2.641341e-001
1.387117e+002	-1.931140e+001
1.387082e+002	-2.949341e+001
1.394663e+002	-8.360963e+000
1.401483e+002	9.639411e+000
1.399735e+002	-7.587072e+000
1.399318e+002	-1.933424e+001
1.404234e+002	-9.162244e+000
1.400200e+002	-3.578318e+001
1.405116e+002	-2.561118e+001
1.412698e+002	-4.478735e+000
1.415709e+002	-2.135133e+000
1.410913e+002	-3.188724e+001
1.414877e+002	-2.562945e+001
1.415413e+002	-3.346241e+001
1.428898e+002	1.193823e+001
1.428482e+002	1.910676e-001
1.432065e+002	4.883719e+000
1.429173e+002	-1.704088e+001
1.431423e+002	-1.782845e+001
1.437482e+002	-2.958368e+000
1.438399e+002	-9.226181e+000
1.442362e+002	-2.967499e+000
1.440423e+002	-2.097790e+001
1.447243e+002	-2.976629e+000
1.449683e+002	-2.981194e+000
1.450410e+002	-1.003203e+001
1.452469e+002	-1.160174e+001
1.453005e+002	-1.943470e+001
1.456398e+002	-1.552508e+001
1.455791e+002	-2.805525e+001
1.459755e+002	-2.179745e+001
1.466385e+002	-4.579192e+000
1.466349e+002	-1.476032e+001
1.468980e+002	-1.398276e+001
1.469516e+002	-2.181571e+001
1.470052e+002	-2.964868e+001
1.470398e+002	-3.826466e+001
1.474933e+002	-2.965781e+001
1.484228e+002	-1.479985e+000
1.486288e+002	-3.049695e+000
1.481492e+002	-3.280270e+001
1.485075e+002	-2.811004e+001
1.483326e+002	-4.533744e+001
1.484243e+002	-5.160436e+001
1.491063e+002	-3.360398e+001
1.497312e+002	-1.795176e+001
1.496705e+002	-3.048193e+001
1.502764e+002	-1.561184e+001
1.505204e+002	-1.561640e+001
1.504407e+002	-2.892960e+001
1.511989e+002	-7.797141e+000
1.515572e+002	-3.104489e+000
1.509253e+002	-3.911985e+001
1.514359e+002	-2.816484e+001
1.516418e+002	-2.973545e+001
1.521334e+002	-1.956257e+001
1.521489e+002	-2.896157e+001
1.526024e+002	-2.035472e+001
1.524085e+002	-3.836512e+001
1.531667e+002	-1.723267e+001
1.532203e+002	-2.506563e+001
1.534072e+002	-2.741836e+001
1.536512e+002	-2.742293e+001
1.542190e+002	-1.411976e+001
1.541202e+002	-2.821508e+001
1.546309e+002	-1.726006e+001
1.546083e+002	-2.822421e+001
1.551189e+002	-1.726921e+001
1.550773e+002	-2.901636e+001
1.554546e+002	-2.354070e+001
1.557748e+002	-2.041408e+001
1.564188e+002	-3.978849e+000
1.564914e+002	-1.102879e+001
1.566212e+002	-1.573057e+001
1.566558e+002	-2.434655e+001
1.568426e+002	-2.670016e+001
1.568582e+002	-3.609827e+001
1.571974e+002	-3.218863e+001
1.574034e+002	-3.375924e+001
1.581996e+002	-1.106075e+001
1.586912e+002	-8.887605e-001
1.589924e+002	1.454817e+000
1.591031e+002	-4.029078e+000
1.590425e+002	-1.655925e+001
1.590770e+002	-2.517523e+001
1.596257e+002	-1.265419e+001
1.600602e+002	-4.830360e+000
1.597901e+002	-2.597195e+001
1.606244e+002	-1.708315e+000
1.603543e+002	-2.284990e+001
1.604841e+002	-2.755079e+001
1.607852e+002	-2.520720e+001
1.611054e+002	-2.208058e+001
1.612352e+002	-2.678236e+001
1.616887e+002	-1.817552e+001
1.620089e+002	-1.504802e+001
1.623862e+002	-9.573241e+000
1.624208e+002	-1.818922e+001
1.626458e+002	-1.897680e+001
1.632326e+002	-4.889731e+000
1.634005e+002	-8.025471e+000
1.637207e+002	-4.898861e+000
1.640599e+002	-9.892300e-001
1.637517e+002	-2.369596e+001
1.644718e+002	-4.129547e+000
1.650586e+002	9.956630e+000
1.650932e+002	1.340652e+000
1.646897e+002	-2.528027e+001
1.647814e+002	-3.154719e+001
1.652349e+002	-2.294123e+001
1.658217e+002	-8.854155e+000
1.657420e+002	-2.216735e+001
1.662717e+002	-1.042933e+001
1.664396e+002	-1.356507e+001
1.668550e+002	-6.524262e+000
1.673846e+002	5.213750e+000
1.670955e+002	-1.670995e+001
1.675680e+002	-7.320094e+000
1.675074e+002	-1.985027e+001
1.679037e+002	-1.359247e+001
1.684715e+002	-2.884179e-001
1.687536e+002	1.272150e+000
1.686359e+002	-1.360617e+001
1.688228e+002	-1.595890e+001
1.690478e+002	-1.674648e+001
1.698059e+002	4.385962e+000
1.696691e+002	-1.127539e+001
1.695513e+002	-2.615461e+001
1.697382e+002	-2.850735e+001
1.703822e+002	-1.207210e+001
1.708928e+002	-1.117090e+000
1.710987e+002	-2.687697e+000
1.705620e+002	-3.478885e+001
1.705966e+002	-4.340395e+001
1.708406e+002	-4.340851e+001
1.717892e+002	-1.444856e+001
1.726617e+002	1.138110e+001
1.724868e+002	-5.846275e+000
1.726546e+002	-8.982028e+000
1.725940e+002	-2.151220e+001
1.731236e+002	-9.774167e+000
1.731011e+002	-2.073831e+001
1.731356e+002	-2.935429e+001
1.737415e+002	-1.448509e+001
1.746901e+002	1.447575e+001
1.746294e+002	1.945572e+000
1.747592e+002	-2.756199e+000
1.753079e+002	9.764834e+000
1.754567e+002	5.846072e+000
1.748248e+002	-3.016928e+001
1.748022e+002	-4.113341e+001
1.747416e+002	-5.366359e+001
1.754617e+002	-3.409717e+001
1.755343e+002	-4.114712e+001
1.755308e+002	-5.132913e+001
1.762318e+002	-3.254483e+001
1.765901e+002	-2.785218e+001
1.771579e+002	-1.454902e+001
1.773448e+002	-1.690175e+001
1.777983e+002	-8.294899e+000
1.780423e+002	-8.299464e+000
1.779435e+002	-2.239568e+001
1.783780e+002	-1.457185e+001
1.789839e+002	2.982294e-001
1.785424e+002	-2.788872e+001
1.785388e+002	-3.807074e+001
1.789352e+002	-3.181206e+001
1.789888e+002	-3.964501e+001
1.792900e+002	-3.730141e+001
1.798577e+002	-2.399736e+001
1.800446e+002	-2.635098e+001
1.798316e+002	-4.514351e+001
1.810278e+002	-6.006104e+000
1.812718e+002	-6.010669e+000
1.807351e+002	-3.811184e+001
1.813599e+002	-2.245961e+001
1.817563e+002	-1.620092e+001
1.813910e+002	-4.125671e+001
1.817683e+002	-3.578104e+001
1.826217e+002	-1.073529e+001
1.831514e+002	1.002722e+000
1.831097e+002	-1.074442e+001
1.829539e+002	-2.718879e+001
1.834074e+002	-1.858194e+001
1.838228e+002	-1.154025e+001
1.840668e+002	-1.154482e+001
1.845965e+002	1.931948e-001
1.848595e+002	9.707661e-001
1.849132e+002	-6.862191e+000
1.845478e+002	-3.191708e+001
1.848680e+002	-2.879047e+001
1.854167e+002	-1.626943e+001
1.859083e+002	-6.097431e+000
1.860571e+002	-1.001620e+001
1.858822e+002	-2.724358e+001
1.857644e+002	-4.212192e+001
1.857228e+002	-5.386908e+001
1.867857e+002	-2.021102e+001
1.865537e+002	-3.978657e+001
1.871976e+002	-2.335223e+001
1.876130e+002	-1.631052e+001
1.876094e+002	-2.649254e+001
1.882153e+002	-1.162245e+001
1.886307e+002	-4.581630e+000
1.888938e+002	-3.803186e+000
1.890045e+002	-9.287978e+000
1.890962e+002	-1.555490e+001
1.893974e+002	-1.321132e+001
1.894700e+002	-2.026125e+001
1.895998e+002	-2.496304e+001
1.902627e+002	-7.744786e+000
1.907734e+002	3.210217e+000
1.903319e+002	-2.497673e+001
1.908806e+002	-1.245570e+001
1.909532e+002	-1.950653e+001
1.909687e+002	-2.890463e+001
1.910033e+002	-3.752061e+001
1.917424e+002	-1.717118e+001
1.917960e+002	-2.500413e+001
1.919829e+002	-2.735775e+001
1.922460e+002	-2.657930e+001
1.925281e+002	-2.501784e+001
1.927721e+002	-2.502241e+001
1.934161e+002	-8.587166e+000
1.934697e+002	-1.642012e+001
1.929710e+002	-4.695613e+001
1.931579e+002	-4.930886e+001
1.937638e+002	-3.443967e+001
1.940649e+002	-3.209518e+001
1.946898e+002	-1.644296e+001
1.949148e+002	-1.723053e+001
1.949493e+002	-2.584651e+001
1.958218e+002	-1.685047e-002
1.958373e+002	-9.415850e+000
1.956053e+002	-2.899140e+001
1.960397e+002	-2.116757e+001
1.964170e+002	-1.569191e+001
1.969467e+002	-3.953885e+000
1.968289e+002	-1.883311e+001
1.970539e+002	-1.962070e+001
1.970123e+002	-3.136785e+001
1.972754e+002	-3.058939e+001
1.982621e+002	-6.251404e-002
1.977825e+002	-2.981551e+001
1.977789e+002	-3.999664e+001
1.985371e+002	-1.886508e+001
1.985336e+002	-2.904620e+001
1.991014e+002	-1.574214e+001
1.991359e+002	-2.435811e+001
1.994561e+002	-2.123150e+001
1.997763e+002	-1.810488e+001
1.995823e+002	-3.611441e+001
1.998645e+002	-3.455383e+001
2.004513e+002	-2.046676e+001
2.013427e+002	6.145031e+000
2.015487e+002	4.574436e+000
2.009929e+002	-2.830884e+001
2.015226e+002	-1.657082e+001
2.015952e+002	-2.362165e+001
2.018012e+002	-2.519136e+001
2.020452e+002	-2.519593e+001
2.019655e+002	-3.850913e+001
2.028760e+002	-1.111430e+001
2.028344e+002	-2.286147e+001
2.028118e+002	-3.382560e+001
2.035700e+002	-1.269316e+001
2.032808e+002	-3.461775e+001
2.034297e+002	-3.853652e+001
2.038832e+002	-2.992968e+001
2.035750e+002	-5.263641e+001
2.042569e+002	-3.463603e+001
2.046533e+002	-2.837735e+001
2.050306e+002	-2.290257e+001
2.054461e+002	-1.586087e+001
2.057282e+002	-1.430029e+001
2.058389e+002	-1.978509e+001
2.057211e+002	-3.466342e+001
2.057557e+002	-4.327940e+001
2.063234e+002	-2.997535e+001
2.069483e+002	-1.432312e+001
2.069067e+002	-2.607028e+001
2.069413e+002	-3.468626e+001
2.073377e+002	-2.842757e+001
2.075436e+002	-2.999818e+001
2.078067e+002	-2.921972e+001
2.085268e+002	-9.653310e+000
2.086375e+002	-1.513810e+001
2.086340e+002	-2.531922e+001
2.088970e+002	-2.454078e+001
2.088745e+002	-3.550581e+001
2.092137e+002	-3.159618e+001
2.096101e+002	-2.533750e+001
2.096447e+002	-3.395348e+001
2.100220e+002	-2.847780e+001
2.102660e+002	-2.848238e+001
2.106433e+002	-2.300760e+001
2.118395e+002	1.613068e+001
2.114361e+002	-1.049112e+001
2.113374e+002	-2.458644e+001
2.112386e+002	-3.868265e+001
2.115207e+002	-3.712118e+001
2.115743e+002	-4.495414e+001
2.118184e+002	-4.495871e+001
2.123099e+002	-3.478673e+001
2.125159e+002	-3.635644e+001
2.128932e+002	-3.088166e+001
2.132705e+002	-2.540600e+001
2.132289e+002	-3.715315e+001
2.139871e+002	-1.602070e+001
2.146882e+002	2.762688e+000
2.142657e+002	-2.464124e+001
2.144335e+002	-2.777788e+001
2.145443e+002	-3.326178e+001
2.145217e+002	-4.422593e+001
2.152228e+002	-2.544253e+001
2.152573e+002	-3.405850e+001
2.157299e+002	-2.466864e+001
2.160120e+002	-2.310806e+001
2.164464e+002	-1.528423e+001
2.165572e+002	-2.076814e+001
2.167250e+002	-2.390478e+001
2.169119e+002	-2.625751e+001
2.180129e+002	8.965680e+000
2.179903e+002	-1.998442e+000
2.182343e+002	-2.003007e+000
2.184022e+002	-5.138759e+000
2.183796e+002	-1.610289e+001
2.187951e+002	-9.062085e+000
2.183916e+002	-3.568390e+001
2.185595e+002	-3.881965e+001
2.190511e+002	-2.864677e+001
2.193332e+002	-2.708619e+001
2.195963e+002	-2.630774e+001
2.199926e+002	-2.004995e+001
2.200653e+002	-2.709989e+001
2.205569e+002	-1.692701e+001
2.210104e+002	-8.320175e+000
2.214448e+002	-4.963478e-001
2.213651e+002	-1.380953e+001
2.215711e+002	-1.538014e+001
2.217008e+002	-2.008192e+001
2.216592e+002	-3.182907e+001
2.217890e+002	-3.652996e+001
2.220902e+002	-3.418637e+001
2.224865e+002	-2.792857e+001
2.227686e+002	-2.636711e+001
2.232602e+002	-1.619423e+001
2.229711e+002	-3.811883e+001
2.238054e+002	-1.385519e+001
2.238019e+002	-2.403721e+001
2.241221e+002	-2.090971e+001
2.242138e+002	-2.717752e+001
2.246102e+002	-2.091884e+001
2.251398e+002	-9.180816e+000
2.255171e+002	-3.706039e+000
2.254184e+002	-1.780136e+001
2.255101e+002	-2.406917e+001
2.257922e+002	-2.250771e+001
2.260743e+002	-2.094624e+001
2.259565e+002	-3.582547e+001
2.265053e+002	-2.330442e+001
2.267302e+002	-2.409201e+001
2.273742e+002	-7.656768e+000
2.275420e+002	-1.079252e+001
2.279384e+002	-4.533839e+000
2.286395e+002	1.424956e+001
2.287502e+002	8.764753e+000
2.292418e+002	1.893763e+001
2.283433e+002	-2.803817e+001
2.286253e+002	-2.647671e+001
2.290598e+002	-1.865288e+001
2.288849e+002	-3.588026e+001
2.297383e+002	-1.083362e+001
2.296776e+002	-2.336379e+001
2.295218e+002	-3.980816e+001
2.300324e+002	-2.885227e+001
2.305240e+002	-1.868027e+001
2.310346e+002	-7.725270e+000
2.304598e+002	-4.139157e+001
2.306467e+002	-4.374520e+001
2.312335e+002	-2.965811e+001
2.311157e+002	-4.453645e+001
2.319120e+002	-2.183886e+001
2.316038e+002	-4.454558e+001
2.324762e+002	-1.871681e+001
2.325679e+002	-2.498373e+001
2.330024e+002	-1.715991e+001
2.330750e+002	-2.421074e+001
2.327859e+002	-4.613445e+001
2.329347e+002	-5.005323e+001
2.337690e+002	-2.578959e+001
2.342416e+002	-1.639972e+001
2.349236e+002	1.600651e+000
