    nm         	pN
0.000000e+000	6.579290e+002
-3.787560e-002	6.451781e+002
-2.582281e-001	6.241769e+002
-3.790430e-001	6.076760e+002
-3.173933e-001	5.994250e+002
-2.225657e-001	5.926740e+002
-2.936193e-001	5.784230e+002
-4.476195e-001	5.604217e+002
-5.518473e-001	5.446708e+002
-4.238467e-001	5.394197e+002
-3.456075e-001	5.319187e+002
-4.332469e-001	5.169178e+002
-6.204141e-001	4.974169e+002
-6.085368e-001	4.869155e+002
-3.312459e-001	4.884143e+002
-3.027705e-001	4.786633e+002
-4.401732e-001	4.614124e+002
-5.278132e-001	4.464115e+002
-4.495752e-001	4.389105e+002
-3.879249e-001	4.306594e+002
-5.253374e-001	4.134081e+002
-6.129775e-001	3.984072e+002
-8.001441e-001	3.789064e+002
-7.716699e-001	3.691554e+002
-7.597822e-001	3.586544e+002
-8.142567e-001	3.451530e+002
-9.350722e-001	3.286521e+002
-8.900091e-001	3.196511e+002
-8.615343e-001	3.099001e+002
-9.491743e-001	2.948992e+002
-1.070000e+000	2.783979e+002
-1.058113e+000	2.678969e+002
-9.632863e-001	2.611459e+002
-8.518728e-001	2.551448e+002
-9.395122e-001	2.401439e+002
-9.773885e-001	2.273929e+002
-1.131390e+000	2.093916e+002
-1.119503e+000	1.988906e+002
-9.251501e-001	1.966395e+002
-8.966747e-001	1.868885e+002
-9.843153e-001	1.718876e+002
-9.060773e-001	1.643865e+002
-9.605413e-001	1.508856e+002
-9.320757e-001	1.411341e+002
-9.533642e-001	1.291332e+002
-1.024416e+000	1.148823e+002
-1.095469e+000	1.006313e+002
-1.083582e+000	9.013035e+001
-1.055106e+000	8.037934e+001
-1.092993e+000	6.762796e+001
-1.097694e+000	5.637698e+001
-9.862796e-001	5.037590e+001
-1.007568e+000	3.837494e+001
-9.459185e-001	3.012391e+001
-1.000382e+000	1.662297e+001
-1.005094e+000	5.371556e+000
-8.605033e-001	8.704519e-001
-8.983801e-001	-1.188049e+001
-9.362557e-001	-2.463143e+001
-9.243699e-001	-3.513243e+001
-9.456583e-001	-4.713339e+001
-9.337714e-001	-5.763438e+001
-9.053058e-001	-6.738583e+001
-1.009534e+000	-8.313672e+001
-1.063998e+000	-9.663765e+001
-1.035523e+000	-1.063887e+002
-1.106576e+000	-1.206396e+002
-9.785726e-001	-1.258907e+002
-9.501082e-001	-1.356421e+002
-9.713967e-001	-1.476431e+002
-9.429225e-001	-1.573941e+002
-9.476226e-001	-1.686451e+002
-9.191485e-001	-1.783961e+002
-9.404370e-001	-1.903970e+002
-8.953744e-001	-1.993981e+002
-9.332598e-001	-2.121494e+002
-1.037488e+000	-2.279003e+002
-1.158303e+000	-2.444012e+002
-9.473626e-001	-2.459024e+002
-6.866588e-001	-2.451536e+002
-7.577111e-001	-2.594045e+002
-8.121849e-001	-2.729059e+002
-8.168850e-001	-2.841568e+002
-6.059462e-001	-2.856580e+002
-3.618283e-001	-2.856592e+002
-2.504148e-001	-2.916603e+002
-2.717032e-001	-3.036612e+002
-9.393876e-002	-3.066624e+002
-4.887624e-002	-3.156634e+002
1.277341e-002	-3.239144e+002
3.730037e-001	-3.186657e+002
3.517177e-001	-3.306667e+002
4.631312e-001	-3.366677e+002
4.750072e-001	-3.471692e+002
5.864207e-001	-3.531702e+002
7.310109e-001	-3.576713e+002
7.594863e-001	-3.674223e+002
9.206612e-001	-3.711735e+002
1.164779e+000	-3.711746e+002
1.325956e+000	-3.749258e+002
1.304668e+000	-3.869267e+002
1.648311e+000	-3.824280e+002
2.025129e+000	-3.764293e+002
2.086778e+000	-3.846804e+002
2.380660e+000	-3.824316e+002
2.392546e+000	-3.929326e+002
2.686428e+000	-3.906838e+002
3.146183e+000	-3.809352e+002
3.854758e+000	-3.599367e+002
4.563333e+000	-3.389383e+002
4.807448e+000	-3.389395e+002
4.786160e+000	-3.509405e+002
4.963924e+000	-3.539416e+002
5.174865e+000	-3.554428e+002
5.402394e+000	-3.561939e+002
5.530394e+000	-3.614450e+002
5.708161e+000	-3.644461e+002
5.852749e+000	-3.689473e+002
6.080278e+000	-3.696984e+002
6.025815e+000	-3.831994e+002
6.236756e+000	-3.847005e+002
6.348167e+000	-3.907016e+002
6.360056e+000	-4.012026e+002
6.355344e+000	-4.124540e+002
6.533109e+000	-4.154552e+002
6.959702e+000	-4.072060e+002
7.120870e+000	-4.109576e+002
8.210973e+000	-3.727091e+002
8.770257e+000	-3.584605e+002
8.765558e+000	-3.697115e+002
8.727680e+000	-3.824625e+002
9.004972e+000	-3.809637e+002
9.066624e+000	-3.892147e+002
9.045333e+000	-4.012157e+002
9.339215e+000	-3.989669e+002
1.154070e+001	-3.104693e+002
1.311185e+001	-2.504712e+002
1.353843e+001	-2.422225e+002
1.379914e+001	-2.414737e+002
1.387738e+001	-2.489748e+002
1.375656e+001	-2.654756e+002
1.376844e+001	-2.759771e+002
1.402914e+001	-2.752283e+002
1.457185e+001	-2.617293e+002
1.453396e+001	-2.744807e+002
1.452926e+001	-2.857317e+002
1.457432e+001	-2.947327e+002
1.451986e+001	-3.082336e+002
1.471421e+001	-3.104847e+002
1.492515e+001	-3.119859e+002
1.501998e+001	-3.187370e+002
1.509822e+001	-3.262380e+002
1.520963e+001	-3.322391e+002
1.482340e+001	-3.607402e+002
1.488505e+001	-3.689912e+002
1.506281e+001	-3.719924e+002
1.509129e+001	-3.817434e+002
1.538517e+001	-3.794946e+002
1.546341e+001	-3.869956e+002
1.552506e+001	-3.952466e+002
1.552036e+001	-4.064976e+002
1.578106e+001	-4.057489e+002
1.585929e+001	-4.132503e+002
1.565554e+001	-4.335012e+002
1.563425e+001	-4.455021e+002
1.577883e+001	-4.500032e+002
1.592343e+001	-4.545043e+002
1.581920e+001	-4.702552e+002
1.596379e+001	-4.747563e+002
1.599225e+001	-4.845078e+002
1.605390e+001	-4.927588e+002
1.626484e+001	-4.942599e+002
1.634308e+001	-5.017610e+002
1.632179e+001	-5.137620e+002
1.658250e+001	-5.130132e+002
1.656121e+001	-5.250141e+002
1.642380e+001	-5.422650e+002
1.650203e+001	-5.497665e+002
1.658027e+001	-5.572675e+002
1.665851e+001	-5.647686e+002
1.680310e+001	-5.692697e+002
1.714674e+001	-5.647710e+002
1.717522e+001	-5.745220e+002
1.700464e+001	-5.932728e+002
1.709946e+001	-6.000239e+002
1.712794e+001	-6.097749e+002
1.710664e+001	-6.217763e+002
1.725123e+001	-6.262774e+002
1.727970e+001	-6.360284e+002
1.714230e+001	-6.532793e+002
1.751912e+001	-6.472806e+002
1.751442e+001	-6.585315e+002
1.757607e+001	-6.667826e+002
1.757137e+001	-6.780335e+002
1.759983e+001	-6.877849e+002
1.769466e+001	-6.945360e+002
1.856912e+001	-6.660373e+002
1.984168e+001	-6.195394e+002
2.429913e+001	-4.290428e+002
2.646744e+001	-3.420452e+002
2.714285e+001	-3.225463e+002
2.692250e+001	-3.435475e+002
2.710026e+001	-3.465487e+002
2.757662e+001	-3.360496e+002
2.780414e+001	-3.368008e+002
2.847954e+001	-3.173024e+002
2.852461e+001	-3.263033e+002
2.885166e+001	-3.225546e+002
2.924507e+001	-3.158059e+002
2.932331e+001	-3.233070e+002
2.936837e+001	-3.323080e+002
2.959590e+001	-3.330592e+002
2.927602e+001	-3.585603e+002
2.955331e+001	-3.570615e+002
2.976425e+001	-3.585627e+002
2.969320e+001	-3.728136e+002
2.997049e+001	-3.713148e+002
3.026437e+001	-3.690661e+002
3.019332e+001	-3.833170e+002
3.037108e+001	-3.863181e+002
3.031662e+001	-3.998190e+002
3.022897e+001	-4.148204e+002
3.029062e+001	-4.230714e+002
3.013663e+001	-4.410723e+002
3.069592e+001	-4.268237e+002
3.075757e+001	-4.350748e+002
3.110121e+001	-4.305760e+002
3.111310e+001	-4.410770e+002
3.124110e+001	-4.463281e+002
3.136910e+001	-4.515792e+002
3.129805e+001	-4.658302e+002
3.119381e+001	-4.815814e+002
3.158722e+001	-4.748323e+002
3.229580e+001	-4.538339e+002
3.320343e+001	-4.238357e+002
3.381249e+001	-4.073367e+002
3.384095e+001	-4.170882e+002
3.415142e+001	-4.140894e+002
3.427942e+001	-4.193405e+002
3.429131e+001	-4.298415e+002
3.455201e+001	-4.290927e+002
3.471319e+001	-4.328438e+002
3.469190e+001	-4.448447e+002
3.468720e+001	-4.560957e+002
3.491473e+001	-4.568469e+002
3.487685e+001	-4.695979e+002
3.497168e+001	-4.763490e+002
3.501673e+001	-4.853504e+002
3.542672e+001	-4.778518e+002
3.552155e+001	-4.846028e+002
3.564955e+001	-4.898539e+002
3.551215e+001	-5.071047e+002
3.562356e+001	-5.131058e+002
3.583450e+001	-5.146070e+002
3.566392e+001	-5.333578e+002
3.600757e+001	-5.288591e+002
3.601945e+001	-5.393601e+002
3.618063e+001	-5.431112e+002
3.620909e+001	-5.528626e+002
3.612146e+001	-5.678635e+002
3.613334e+001	-5.783645e+002
3.617841e+001	-5.873655e+002
3.637276e+001	-5.896167e+002
3.628512e+001	-6.046176e+002
3.636336e+001	-6.121187e+002
3.625912e+001	-6.278700e+002
3.648665e+001	-6.286212e+002
3.641560e+001	-6.428721e+002
3.657677e+001	-6.466233e+002
3.648913e+001	-6.616241e+002
3.661713e+001	-6.668752e+002
3.651290e+001	-6.826261e+002
3.660772e+001	-6.893776e+002
3.670255e+001	-6.961287e+002
3.699643e+001	-6.938799e+002
3.704149e+001	-7.028809e+002
3.692067e+001	-7.193818e+002
3.688280e+001	-7.321327e+002
3.697762e+001	-7.388838e+002
3.702269e+001	-7.478848e+002
3.726680e+001	-7.478860e+002
3.739481e+001	-7.531371e+002
3.727398e+001	-7.696384e+002
3.740198e+001	-7.748895e+002
3.729776e+001	-7.906403e+002
3.722670e+001	-8.048913e+002
3.735470e+001	-8.101424e+002
3.733341e+001	-8.221434e+002
3.742823e+001	-8.288949e+002
3.744012e+001	-8.393959e+002
3.756812e+001	-8.446470e+002
3.767953e+001	-8.506481e+002
3.799000e+001	-8.476492e+002
3.800189e+001	-8.581503e+002
3.803036e+001	-8.679013e+002
3.812519e+001	-8.746524e+002
3.815367e+001	-8.844033e+002
3.790014e+001	-9.069046e+002
3.806132e+001	-9.106556e+002
3.802344e+001	-9.234066e+002
3.821779e+001	-9.256578e+002
3.832920e+001	-9.316589e+002
3.822498e+001	-9.474097e+002
3.833639e+001	-9.534108e+002
3.871321e+001	-9.474120e+002
3.874168e+001	-9.571631e+002
4.003083e+001	-9.099151e+002
4.556649e+001	-6.706691e+002
4.955947e+001	-5.011725e+002
5.068275e+001	-4.614241e+002
5.112592e+001	-4.524254e+002
5.170180e+001	-4.374269e+002
5.166392e+001	-4.501778e+002
5.159287e+001	-4.644287e+002
5.162134e+001	-4.741798e+002
5.163322e+001	-4.846812e+002
5.174463e+001	-4.906823e+002
5.167358e+001	-5.049332e+002
5.208357e+001	-4.974345e+002
5.206229e+001	-5.094355e+002
5.204100e+001	-5.214364e+002
5.206947e+001	-5.311874e+002
5.214771e+001	-5.386885e+002
5.234206e+001	-5.409396e+002
5.256959e+001	-5.416908e+002
5.266441e+001	-5.484423e+002
5.236113e+001	-5.731930e+002
5.247254e+001	-5.791941e+002
5.266689e+001	-5.814452e+002
5.276172e+001	-5.881963e+002
5.292290e+001	-5.919474e+002
5.301773e+001	-5.986985e+002
5.294667e+001	-6.129494e+002
5.317420e+001	-6.137006e+002
5.343490e+001	-6.129518e+002
5.336384e+001	-6.272031e+002
5.344208e+001	-6.347042e+002
5.373596e+001	-6.324554e+002
5.398008e+001	-6.324566e+002
5.404172e+001	-6.407077e+002
5.433561e+001	-6.384589e+002
5.584041e+001	-5.814607e+002
5.789260e+001	-4.997129e+002
5.863436e+001	-4.772142e+002
5.876235e+001	-4.824657e+002
5.870789e+001	-4.959667e+002
5.900177e+001	-4.937178e+002
5.914636e+001	-4.982190e+002
5.925777e+001	-5.042201e+002
5.941895e+001	-5.079712e+002
5.979577e+001	-5.019724e+002
6.003989e+001	-5.019736e+002
6.040011e+001	-4.967249e+002
6.064423e+001	-4.967262e+002
6.092152e+001	-4.952273e+002
6.090023e+001	-5.072283e+002
6.111117e+001	-5.087294e+002
6.123918e+001	-5.139805e+002
6.140035e+001	-5.177316e+002
6.137906e+001	-5.297326e+002
6.187199e+001	-5.184840e+002
6.249763e+001	-5.012356e+002
6.287445e+001	-4.952369e+002
6.258776e+001	-5.192376e+002
6.286505e+001	-5.177387e+002
6.302623e+001	-5.214899e+002
6.308787e+001	-5.297409e+002
6.348128e+001	-5.229923e+002
6.402398e+001	-5.094937e+002
6.400269e+001	-5.214947e+002
6.431316e+001	-5.184959e+002
6.437481e+001	-5.267469e+002
6.475163e+001	-5.207482e+002
6.484645e+001	-5.274993e+002
6.514033e+001	-5.252505e+002
6.540104e+001	-5.245017e+002
6.579445e+001	-5.177531e+002
6.580633e+001	-5.282541e+002
6.591775e+001	-5.342551e+002
6.611210e+001	-5.365062e+002
6.604103e+001	-5.507576e+002
6.641786e+001	-5.447585e+002
6.639657e+001	-5.567599e+002
6.610988e+001	-5.807606e+002
6.637057e+001	-5.800118e+002
6.654834e+001	-5.830129e+002
6.642752e+001	-5.995138e+002
6.673800e+001	-5.965151e+002
6.714799e+001	-5.890164e+002
6.697741e+001	-6.077672e+002
6.712200e+001	-6.122683e+002
6.729977e+001	-6.152695e+002
6.759364e+001	-6.130207e+002
6.798705e+001	-6.062720e+002
6.818140e+001	-6.085231e+002
6.822646e+001	-6.175246e+002
6.840422e+001	-6.205257e+002
6.856540e+001	-6.242769e+002
6.882610e+001	-6.235281e+002
6.908680e+001	-6.227793e+002
6.926457e+001	-6.257804e+002
6.891153e+001	-6.527811e+002
6.917223e+001	-6.520323e+002
6.928364e+001	-6.580334e+002
6.972682e+001	-6.490347e+002
7.026951e+001	-6.355361e+002
7.031457e+001	-6.445372e+002
7.080751e+001	-6.332886e+002
7.125067e+001	-6.242900e+002
7.124597e+001	-6.355409e+002
7.140715e+001	-6.392921e+002
7.131951e+001	-6.542929e+002
7.192856e+001	-6.377944e+002
7.184092e+001	-6.527953e+002
7.172011e+001	-6.692962e+002
7.199740e+001	-6.677975e+002
7.239080e+001	-6.610487e+002
7.248563e+001	-6.677998e+002
7.267998e+001	-6.700510e+002
7.284116e+001	-6.738021e+002
7.286963e+001	-6.835531e+002
7.329621e+001	-6.753044e+002
7.354033e+001	-6.753056e+002
7.341951e+001	-6.918069e+002
7.353092e+001	-6.978080e+002
7.364233e+001	-7.038091e+002
7.395280e+001	-7.008103e+002
7.414715e+001	-7.030615e+002
7.422539e+001	-7.105625e+002
7.441975e+001	-7.128136e+002
7.449798e+001	-7.203148e+002
7.467575e+001	-7.233159e+002
7.478716e+001	-7.293169e+002
7.493176e+001	-7.338180e+002
7.514269e+001	-7.353192e+002
7.503846e+001	-7.510700e+002
7.534893e+001	-7.480713e+002
7.534422e+001	-7.593228e+002
7.530635e+001	-7.720737e+002
7.543435e+001	-7.773248e+002
7.547941e+001	-7.863258e+002
7.534200e+001	-8.035767e+002
7.542025e+001	-8.110777e+002
7.561460e+001	-8.133288e+002
7.560990e+001	-8.245798e+002
7.565495e+001	-8.335813e+002
7.565025e+001	-8.448323e+002
7.576166e+001	-8.508333e+002
7.588967e+001	-8.560844e+002
7.618355e+001	-8.538357e+002
7.705800e+001	-8.253374e+002
7.799881e+001	-7.938388e+002
7.844198e+001	-7.848401e+002
7.842069e+001	-7.968411e+002
7.853211e+001	-8.028421e+002
7.857717e+001	-8.118431e+002
7.858905e+001	-8.223441e+002
7.881658e+001	-8.230953e+002
7.912705e+001	-8.200966e+002
7.925505e+001	-8.253481e+002
7.998022e+001	-8.035992e+002
8.266274e+001	-6.933520e+002
8.552775e+001	-5.748546e+002
9.365112e+001	-2.186102e+002
9.785975e+001	-3.936345e+001
9.876739e+001	-9.365204e+000
9.899491e+001	-1.011639e+001
9.915609e+001	-1.386750e+001
9.930068e+001	-1.836860e+001
9.971068e+001	-1.086994e+001
9.987185e+001	-1.462105e+001
1.003814e+002	-2.622458e+000
1.006421e+002	-1.873668e+000
1.003222e+002	-2.737437e+001
1.012132e+002	1.873874e+000
1.012085e+002	-9.377083e+000
1.010048e+002	-2.962789e+001
1.014811e+002	-1.912928e+001
1.021068e+002	-1.880787e+000
1.020191e+002	-1.688170e+001
1.022467e+002	-1.763287e+001
1.020429e+002	-3.788368e+001
1.024363e+002	-3.113499e+001
1.027302e+002	-2.888622e+001
1.035217e+002	-4.137880e+000
1.037990e+002	-2.639087e+000
1.035787e+002	-2.363989e+001
1.041711e+002	-7.891373e+000
1.047304e+002	6.357169e+000
1.044935e+002	-1.539360e+001
1.047708e+002	-1.389482e+001
1.047827e+002	-2.439581e+001
1.051429e+002	-1.914709e+001
1.053206e+002	-2.214822e+001
1.054652e+002	-2.664933e+001
1.059250e+002	-1.690070e+001
1.066004e+002	2.597736e+000
1.062639e+002	-2.365296e+001
1.065578e+002	-2.140419e+001
1.073162e+002	1.844185e+000
1.076100e+002	4.092946e+000
1.076219e+002	-6.408032e+000
1.078163e+002	-8.659173e+000
1.083590e+002	4.839378e+000
1.083045e+002	-8.661554e+000
1.082666e+002	-2.141250e+001
1.087098e+002	-1.241386e+001
1.086553e+002	-2.591479e+001
1.089160e+002	-2.516599e+001
1.094753e+002	-1.091744e+001
1.096863e+002	-1.241861e+001
1.102455e+002	1.829924e+000
1.104399e+002	-4.212056e-001
1.109494e+002	1.157781e+001
1.108784e+002	-2.673537e+000
1.110395e+002	-6.424662e+000
1.110183e+002	-1.842562e+001
1.116771e+002	3.228228e-001
1.117885e+002	-5.678241e+000
1.117008e+002	-2.067914e+001
1.123265e+002	-3.430659e+000
1.128858e+002	1.081832e+001
1.127650e+002	-5.682991e+000
1.129593e+002	-7.934133e+000
1.139167e+002	2.431450e+001
1.141774e+002	2.506330e+001
1.137082e+002	-7.187712e+000
1.135377e+002	-2.593855e+001
1.143458e+002	-4.402161e-001
1.146065e+002	3.085736e-001
1.148008e+002	-1.942557e+000
1.147298e+002	-1.619348e+001
1.149739e+002	-1.619467e+001
1.153009e+002	-1.244593e+001
1.156612e+002	-7.197212e+000
1.157062e+002	-1.619823e+001
1.160167e+002	-1.319948e+001
1.160783e+002	-2.145051e+001
1.164552e+002	-1.545181e+001
1.161519e+002	-4.020253e+001
1.166282e+002	-2.970392e+001
1.172207e+002	-1.395541e+001
1.177800e+002	2.931340e-001
1.175265e+002	-2.220762e+001
1.176379e+002	-2.820870e+001
1.180313e+002	-2.146001e+001
1.178607e+002	-4.021085e+001
1.189010e+002	-4.212708e+000
1.194769e+002	1.078625e+001
1.202021e+002	3.253465e+001
1.197661e+002	1.783594e+000
1.196287e+002	-1.546725e+001
1.203207e+002	4.781168e+000
1.210624e+002	2.728000e+001
1.211904e+002	2.202891e+001
1.207876e+002	-7.222162e+000
1.206834e+002	-2.297306e+001
1.210934e+002	-1.547438e+001
1.217356e+002	2.524086e+000
1.215153e+002	-1.847670e+001
1.218589e+002	-1.397798e+001
1.216385e+002	-3.497877e+001
1.221315e+002	-2.373017e+001
1.221102e+002	-3.573113e+001
1.223709e+002	-3.498233e+001
1.229302e+002	-2.073378e+001
1.235890e+002	-1.985327e+000
1.239161e+002	1.763405e+000
1.242099e+002	4.012177e+000
1.246697e+002	1.376124e+001
1.243830e+002	-1.023992e+001
1.246769e+002	-7.991152e+000
1.245561e+002	-2.449203e+001
1.245016e+002	-3.799297e+001
1.251770e+002	-1.849452e+001
1.253879e+002	-1.999568e+001
1.252671e+002	-3.649656e+001
1.259591e+002	-1.624813e+001
1.265018e+002	-2.749568e+000
1.268786e+002	3.249116e+000
1.267910e+002	-1.175178e+001
1.270517e+002	-1.100297e+001
1.274949e+002	-2.004338e+000
1.270755e+002	-3.200495e+001
1.277177e+002	-1.400649e+001
1.285921e+002	1.449222e+001
1.287533e+002	1.074111e+001
1.291633e+002	1.823978e+001
1.287605e+002	-1.101130e+001
1.289383e+002	-1.401242e+001
1.288838e+002	-2.751336e+001
1.292938e+002	-2.001468e+001
1.295213e+002	-2.076586e+001
1.301304e+002	-4.267359e+000
1.308058e+002	1.523152e+001
1.310499e+002	1.523033e+001
1.308295e+002	-5.770890e+000
1.308912e+002	-1.402193e+001
1.316495e+002	9.226877e+000
1.314624e+002	-1.027437e+001
1.317563e+002	-8.025602e+000
1.319340e+002	-1.102674e+001
1.320122e+002	-1.852778e+001
1.323891e+002	-1.252909e+001
1.323512e+002	-2.528003e+001
1.330929e+002	-2.781637e+000
1.337518e+002	1.596725e+001
1.336641e+002	9.659048e-001
1.332281e+002	-2.978470e+001
1.340528e+002	-3.536378e+000
1.341642e+002	-9.537453e+000
1.348065e+002	8.461458e+000
1.348847e+002	9.599646e-001
1.349795e+002	-5.791091e+000
1.349582e+002	-1.779205e+001
1.349038e+002	-3.129298e+001
1.357119e+002	-5.794650e+000
1.355745e+002	-2.304552e+001
1.354205e+002	-4.104636e+001
1.363613e+002	-9.548144e+000
1.369869e+002	7.700777e+000
1.368163e+002	-1.105050e+001
1.366292e+002	-3.055131e+001
1.365747e+002	-4.405224e+001
1.369349e+002	-3.880353e+001
1.370795e+002	-4.330463e+001
1.379042e+002	-1.705632e+001
1.385299e+002	1.921532e-001
1.383925e+002	-1.705869e+001
1.385204e+002	-2.230978e+001
1.388807e+002	-1.706107e+001
1.393073e+002	-8.812413e+000
1.393026e+002	-2.006339e+001
1.393310e+002	-2.981439e+001
1.398074e+002	-1.931578e+001
1.401344e+002	-1.556704e+001
1.401961e+002	-2.381807e+001
1.410540e+002	3.930207e+000
1.409497e+002	-1.182068e+001
1.408953e+002	-2.532161e+001
1.404427e+002	-5.682221e+001
1.404877e+002	-6.582367e+001
1.412295e+002	-4.332483e+001
1.427675e+002	1.517331e+001
1.426467e+002	-1.327996e+000
1.426751e+002	-1.107900e+001
1.427036e+002	-2.083000e+001
1.428814e+002	-2.383114e+001
1.429430e+002	-3.208217e+001
1.432701e+002	-2.833343e+001
1.439289e+002	-9.584974e+000
1.441896e+002	-8.836173e+000
1.442844e+002	-1.558723e+001
1.446944e+002	-8.088562e+000
1.449053e+002	-9.589724e+000
1.449670e+002	-1.784075e+001
1.454765e+002	-5.842170e+000
1.457372e+002	-5.093369e+000
1.455335e+002	-2.534418e+001
1.455288e+002	-3.659516e+001
1.463037e+002	-1.259680e+001
1.466308e+002	-8.848053e+000
1.471735e+002	4.650498e+000
1.473014e+002	-6.005859e-001
1.472967e+002	-1.185156e+001
1.476902e+002	-5.102869e+000
1.483158e+002	1.214605e+001
1.489083e+002	2.789457e+001
1.485884e+002	2.393417e+000
1.483349e+002	-2.010734e+001
1.492923e+002	1.214130e+001
1.496027e+002	1.514005e+001
1.497639e+002	1.138893e+001
1.497094e+002	-2.112437e+000
1.500697e+002	3.136266e+000
1.498659e+002	-1.711453e+001
1.502427e+002	-1.111582e+001
1.503044e+002	-1.936686e+001
1.506812e+002	-1.336816e+001
1.509087e+002	-1.411934e+001
1.509870e+002	-2.162038e+001
1.519610e+002	1.137824e+001
1.523212e+002	1.662696e+001
1.522999e+002	4.625548e+000
1.521127e+002	-1.487526e+001
1.525725e+002	-5.126629e+000
1.525512e+002	-1.712759e+001
1.529944e+002	-8.128952e+000
1.528901e+002	-2.387985e+001
1.536816e+002	8.684948e-001
1.536770e+002	-1.038247e+001
1.534068e+002	-3.363322e+001
1.538334e+002	-2.538457e+001
1.545586e+002	-3.636157e+000
1.547364e+002	-6.637290e+000
1.550468e+002	-3.638538e+000
1.554568e+002	3.860117e+000
1.558005e+002	8.359298e+000
1.552152e+002	-2.914162e+001
1.558076e+002	-1.339311e+001
1.561181e+002	-1.039435e+001
1.563954e+002	-8.895562e+000
1.564405e+002	-1.789658e+001
1.567178e+002	-1.639780e+001
1.572770e+002	-2.149256e+000
1.574548e+002	-5.150389e+000
1.579146e+002	4.598228e+000
1.580923e+002	1.597095e+000
1.581374e+002	-7.403912e+000
1.584644e+002	-3.655168e+000
1.586090e+002	-8.156272e+000
1.587204e+002	-1.415735e+001
1.591139e+002	-7.408661e+000
1.594575e+002	-2.909938e+000
1.595191e+002	-1.116096e+001
1.593983e+002	-2.766185e+001
1.598249e+002	-1.941319e+001
1.603013e+002	-8.914572e+000
1.603629e+002	-1.716561e+001
1.601592e+002	-3.741642e+001
1.610170e+002	-9.668123e+000
1.613772e+002	-4.419408e+000
1.615550e+002	-7.420542e+000
1.609697e+002	-4.492103e+001
1.615124e+002	-3.142246e+001
1.623537e+002	-4.424158e+000
1.626144e+002	-3.675369e+000
1.628254e+002	-5.176519e+000
1.620742e+002	-5.017687e+001
1.626335e+002	-3.592832e+001
1.635577e+002	-5.180089e+000
1.640009e+002	3.818548e+000
1.635483e+002	-2.768204e+001
1.642569e+002	-6.683620e+000
1.643185e+002	-1.493466e+001
1.645626e+002	-1.493584e+001
1.649063e+002	-1.043711e+001
1.652002e+002	-8.188341e+000
1.655106e+002	-5.189589e+000
1.655225e+002	-1.569058e+001
1.650036e+002	-5.019112e+001
1.657785e+002	-2.619276e+001
1.664705e+002	-5.944330e+000
1.661672e+002	-3.069505e+001
1.660464e+002	-4.719593e+001
1.664896e+002	-3.819729e+001
1.670489e+002	-2.394874e+001
1.673925e+002	-1.945001e+001
1.675039e+002	-2.545109e+001
1.676817e+002	-2.845222e+001
1.681249e+002	-1.945357e+001
1.682363e+002	-2.545465e+001
1.692434e+002	9.043949e+000
1.691392e+002	-6.707380e+000
1.693999e+002	-5.958580e+000
1.695943e+002	-8.209732e+000
1.694569e+002	-2.546059e+001
1.697010e+002	-2.546178e+001
1.704427e+002	-2.963387e+000
1.705375e+002	-9.714453e+000
1.709144e+002	-3.715747e+000
1.712912e+002	2.282936e+000
1.715685e+002	3.781717e+000
1.718292e+002	4.530518e+000
1.713268e+002	-2.922002e+001
1.717037e+002	-2.322133e+001
1.725615e+002	4.526959e+000
1.724905e+002	-9.723953e+000
1.728010e+002	-6.725201e+000
1.732773e+002	3.773408e+000
1.735546e+002	5.272189e+000
1.738319e+002	6.770970e+000
1.736447e+002	-1.272984e+001
1.738888e+002	-1.273103e+001
1.740002e+002	-1.873210e+001
1.743439e+002	-1.423338e+001
1.747373e+002	-7.484692e+000
1.746331e+002	-2.323557e+001
1.747445e+002	-2.923665e+001
1.753369e+002	-1.348814e+001
1.758631e+002	-7.395648e-001
1.762896e+002	7.509528e+000
1.764176e+002	2.257986e+000
1.767447e+002	6.006729e+000
1.767897e+002	-2.994277e+000
1.765196e+002	-2.624503e+001
1.768301e+002	-2.324628e+001
1.774557e+002	-5.997779e+000
1.778989e+002	3.000847e+000
1.775790e+002	-2.249984e+001
1.775909e+002	-3.300085e+001
1.785151e+002	-2.252607e+000
1.791739e+002	1.649629e+001
1.787877e+002	-1.200479e+001
1.793304e+002	1.493745e+000
1.792096e+002	-1.500712e+001
1.788897e+002	-4.050782e+001
1.795153e+002	-2.325934e+001
1.794774e+002	-3.601029e+001
1.792073e+002	-5.926104e+001
1.801150e+002	-2.926279e+001
1.808567e+002	-6.764400e+000
1.812003e+002	-2.265677e+000
1.811127e+002	-1.726658e+001
1.814729e+002	-1.201787e+001
1.815346e+002	-2.026889e+001
1.817123e+002	-2.327002e+001
1.824873e+002	7.283256e-001
1.826650e+002	-2.272796e+000
1.825608e+002	-1.802369e+001
1.825229e+002	-3.077464e+001
1.831983e+002	-1.127619e+001
1.836746e+002	-7.775742e-001
1.838192e+002	-5.278679e+000
1.835491e+002	-2.852943e+001
1.839259e+002	-2.253073e+001
1.845184e+002	-6.782221e+000
1.845966e+002	-1.428327e+001
1.850730e+002	-3.784647e+000
1.849687e+002	-1.953554e+001
1.854119e+002	-1.053689e+001
1.861371e+002	1.121194e+001
1.863646e+002	1.046076e+001
1.861608e+002	-9.790472e+000
1.864879e+002	-6.041740e+000
1.864500e+002	-1.879268e+001
1.868600e+002	-1.129401e+001
1.872202e+002	-6.045300e+000
1.870994e+002	-2.254617e+001
1.876089e+002	-1.054759e+001
1.879028e+002	-8.298822e+000
1.881137e+002	-9.799983e+000
1.884242e+002	-6.801220e+000
1.887512e+002	-3.052487e+000
1.894432e+002	1.719639e+001
1.889077e+002	-1.805458e+001
1.892514e+002	-1.355585e+001
1.898770e+002	3.692628e+000
1.894576e+002	-2.630799e+001
1.899837e+002	-1.355942e+001
1.899790e+002	-2.481039e+001
1.901236e+002	-2.931149e+001
1.905502e+002	-2.106283e+001
1.913914e+002	5.935460e+000
1.914199e+002	-3.815538e+000
1.914649e+002	-1.281656e+001
1.917588e+002	-1.056778e+001
1.916878e+002	-2.481871e+001
1.918987e+002	-2.631987e+001
1.927400e+002	6.784247e-001
1.926523e+002	-1.432247e+001
1.921666e+002	-4.732304e+001
1.927591e+002	-3.157451e+001
1.936501e+002	-2.326256e+000
1.935459e+002	-1.807715e+001
1.936407e+002	-2.482821e+001
1.939014e+002	-2.407941e+001
1.943280e+002	-1.583075e+001
1.944891e+002	-1.958187e+001
1.947664e+002	-1.808309e+001
1.952262e+002	-8.334450e+000
1.951717e+002	-2.183539e+001
1.960462e+002	6.662870e+000
1.963732e+002	1.041206e+001
1.958211e+002	-2.558889e+001
1.959325e+002	-3.158996e+001
1.969231e+002	2.158207e+000
1.969184e+002	-9.092762e+000
1.971459e+002	-9.843933e+000
1.974729e+002	-6.095189e+000
1.975678e+002	-1.284626e+001
1.978948e+002	-9.097513e+000
1.979067e+002	-1.959850e+001
1.982503e+002	-1.509977e+001
1.984115e+002	-1.885089e+001
1.987054e+002	-1.660212e+001
1.991817e+002	-6.103510e+000
1.988619e+002	-3.160421e+001
1.987079e+002	-4.960506e+001
1.990349e+002	-4.585633e+001
1.997932e+002	-2.260794e+001
2.003194e+002	-9.859372e+000
2.008621e+002	3.639179e+000
2.011228e+002	4.387968e+000
2.012342e+002	-1.613095e+000
2.011631e+002	-1.586401e+001
2.014570e+002	-1.361525e+001
2.017011e+002	-1.361642e+001
2.019286e+002	-1.436761e+001
2.029192e+002	1.938101e+001
2.030472e+002	1.412991e+001
2.025614e+002	-1.887108e+001
2.030378e+002	-8.372471e+000
2.033648e+002	-4.623728e+000
2.033601e+002	-1.587471e+001
2.040189e+002	2.873748e+000
2.045119e+002	1.412279e+001
2.041920e+002	-1.137835e+001
2.046352e+002	-2.379705e+000
2.050120e+002	3.618978e+000
2.045096e+002	-3.013156e+001
2.050357e+002	-1.738299e+001
2.049315e+002	-3.313388e+001
2.052917e+002	-2.788517e+001
2.049553e+002	-5.413586e+001
2.053985e+002	-4.513722e+001
2.060573e+002	-2.638876e+001
2.066497e+002	-1.064024e+001
2.064459e+002	-3.089105e+001
2.067398e+002	-2.864228e+001
2.068347e+002	-3.539334e+001
2.077921e+002	-3.145136e+000
2.079698e+002	-6.146269e+000
2.073514e+002	-4.514672e+001
2.074960e+002	-4.964783e+001
2.083041e+002	-2.414949e+001
2.088302e+002	-1.140092e+001
2.087259e+002	-2.715182e+001
2.097829e+002	9.596740e+000
2.099440e+002	5.845181e+000
2.099393e+002	-5.405789e+000
2.104488e+002	6.592791e+000
2.103778e+002	-7.658121e+000
2.104892e+002	-1.365920e+001
2.111314e+002	4.339269e+000
2.115248e+002	1.108840e+001
2.119017e+002	1.708710e+001
2.120628e+002	1.333598e+001
2.116434e+002	-1.666508e+001
2.120700e+002	-8.416421e+000
2.125132e+002	5.822164e-001
2.126412e+002	-4.668868e+000
2.129848e+002	-1.701441e-001
2.130630e+002	-7.671191e+000
2.137550e+002	1.257768e+001
2.137503e+002	1.326256e+000
2.138120e+002	-6.924759e+000
2.143381e+002	5.823801e+000
2.145822e+002	5.822611e+000
2.144780e+002	-9.928273e+000
2.146060e+002	-1.517936e+001
2.148833e+002	-1.368057e+001
2.147127e+002	-3.243141e+001
2.154544e+002	-9.933022e+000
2.152838e+002	-2.868386e+001
2.154948e+002	-3.018502e+001
2.157223e+002	-3.093619e+001
2.160162e+002	-2.868742e+001
2.166750e+002	-9.938962e+000
2.166869e+002	-2.043995e+001
2.169476e+002	-1.969115e+001
2.172415e+002	-1.744239e+001
2.171538e+002	-3.244329e+001
2.182771e+002	7.305209e+000
2.186705e+002	1.405389e+001
2.185663e+002	-1.697435e+000
2.183459e+002	-2.269822e+001
2.186896e+002	-1.819950e+001
2.194645e+002	5.798851e+000
2.196754e+002	4.297689e+000
2.196375e+002	-8.453240e+000
2.198983e+002	-7.704451e+000
2.199101e+002	-1.820544e+001
2.200879e+002	-2.120657e+001
2.203984e+002	-1.820781e+001
2.203605e+002	-3.095876e+001
2.216496e+002	1.628960e+001
2.211639e+002	-1.671141e+001
2.205288e+002	-5.646184e+001
2.213701e+002	-2.946354e+001
2.219957e+002	-1.221505e+001
2.223560e+002	-6.966339e+000
2.231309e+002	1.703246e+001
2.223134e+002	-3.096826e+001
2.220433e+002	-5.421901e+001
2.229509e+002	-2.422076e+001
2.230126e+002	-3.247180e+001
2.233230e+002	-2.947305e+001
2.243468e+002	5.775090e+000
2.243587e+002	-4.725888e+000
2.245364e+002	-7.727020e+000
2.249464e+002	-2.283428e-001
2.248754e+002	-1.447927e+001
2.254015e+002	-1.730695e+000
2.260769e+002	1.776819e+001
2.256409e+002	-1.298285e+001
2.258850e+002	-1.298404e+001
2.257642e+002	-2.948492e+001
2.265391e+002	-5.486557e+000
2.270486e+002	6.512011e+000
2.277572e+002	2.751088e+001
2.275203e+002	5.759651e+000
2.274658e+002	-7.741269e+000
2.271625e+002	-3.249199e+001
2.277218e+002	-1.824345e+001
2.277337e+002	-2.874444e+001
2.278119e+002	-3.624549e+001
2.286034e+002	-1.149714e+001
2.290964e+002	-2.485436e-001
2.294566e+002	5.000160e+000
2.297173e+002	5.748961e+000
2.300278e+002	8.748159e+000
2.299733e+002	-4.753207e+000
2.302174e+002	-4.754397e+000
2.302956e+002	-1.225544e+001
2.304071e+002	-1.825652e+001
2.306678e+002	-1.750772e+001
2.312436e+002	-2.509184e+000
2.314380e+002	-4.760338e+000
2.309522e+002	-3.776091e+001
2.321584e+002	5.737081e+000
2.323030e+002	1.235977e+000
2.325637e+002	1.984778e+000
2.327581e+002	-2.663637e-001
2.328363e+002	-7.767410e+000
2.332629e+002	4.812356e-001
2.336895e+002	8.730339e+000
2.332867e+002	-2.052073e+001
2.333649e+002	-2.802178e+001
2.338081e+002	-1.902313e+001
2.338365e+002	-2.877414e+001
2.347110e+002	-2.758632e-001
2.350878e+002	5.722831e+000
2.352656e+002	2.721699e+000
