    nm         	pN
0.000000e+000	5.729294e+002
1.382959e-001	5.689091e+002
1.494002e-001	5.600577e+002
2.029168e-001	5.528172e+002
1.504377e-001	5.415507e+002
1.827613e-001	5.335052e+002
3.138803e-003	5.174095e+002
-4.934175e-002	5.061430e+002
-3.821407e-002	4.972924e+002
-1.118628e-001	4.852219e+002
-1.007585e-001	4.763704e+002
-1.744087e-001	4.642998e+002
-1.209154e-001	4.570584e+002
-2.500922e-002	4.514280e+002
7.288799e-003	4.433816e+002
-1.087496e-001	4.297010e+002
-5.523223e-002	4.224605e+002
-2.293422e-002	4.144141e+002
-5.419473e-002	4.039535e+002
-8.547863e-002	3.934921e+002
-5.315650e-002	3.854466e+002
-2.085703e-002	3.774002e+002
-5.211827e-002	3.669396e+002
-1.981953e-002	3.588932e+002
-7.227523e-002	3.476276e+002
-1.671199e-001	3.347520e+002
-9.243146e-002	3.283157e+002
-1.660816e-001	3.162451e+002
-2.821207e-001	3.025644e+002
-2.498220e-001	2.945180e+002
-4.796682e-002	2.929118e+002
4.793942e-002	2.872814e+002
-2.573486e-002	2.752099e+002
-9.938429e-002	2.631393e+002
-2.467325e-002	2.567038e+002
-1.356823e-002	2.478524e+002
3.994909e-002	2.406119e+002
7.224783e-002	2.325656e+002
6.218177e-002	2.229100e+002
5.209161e-002	2.132536e+002
8.441373e-002	2.052081e+002
9.551802e-002	1.963567e+002
2.186786e-002	1.842860e+002
-9.393389e-003	1.738255e+002
1.288784e-001	1.698042e+002
1.399834e-001	1.609528e+002
2.749858e-003	1.464671e+002
-1.344837e-001	1.319814e+002
-5.979602e-002	1.255451e+002
3.610949e-002	1.199146e+002
6.840896e-002	1.118683e+002
1.595399e-002	1.006027e+002
-3.650171e-002	8.933707e+001
-6.778635e-002	7.887561e+001
-5.665867e-002	7.002509e+001
-2.435993e-002	6.197871e+001
-3.442672e-002	5.232316e+001
-1.080769e-001	4.025254e+001
-5.458222e-002	3.301118e+001
-1.065630e-003	2.577071e+001
-5.354472e-002	1.450423e+001
-1.695838e-001	8.235545e-001
-7.370168e-002	-4.807743e+000
1.493487e-001	-5.608903e+000
1.816708e-001	-1.365441e+001
-1.914613e-002	-3.055517e+001
-2.921292e-002	-4.021071e+001
2.362029e-001	-3.940272e+001
1.837472e-001	-5.066832e+001
1.736805e-001	-6.032386e+001
2.695626e-001	-6.595518e+001
4.714185e-001	-6.756137e+001
5.884950e-001	-7.238764e+001
6.208172e-001	-8.043314e+001
6.743118e-001	-8.767451e+001
7.278284e-001	-9.491499e+001
6.541782e-001	-1.069856e+002
7.500603e-001	-1.126169e+002
8.671369e-001	-1.174432e+002
8.782661e-001	-1.262937e+002
8.469814e-001	-1.367552e+002
9.004980e-001	-1.439957e+002
9.963801e-001	-1.496270e+002
1.007508e+000	-1.584775e+002
1.039808e+000	-1.665239e+002
9.025730e-001	-1.810096e+002
9.772622e-001	-1.874459e+002
1.009584e+000	-1.954914e+002
1.020689e+000	-2.043428e+002
1.074207e+000	-2.115833e+002
1.106505e+000	-2.196297e+002
1.181216e+000	-2.260651e+002
1.277099e+000	-2.316964e+002
1.627316e+000	-2.276675e+002
2.676904e+000	-1.970744e+002
3.069510e+000	-1.914354e+002
3.864765e+000	-1.705027e+002
4.723625e+000	-1.471540e+002
5.709631e+000	-1.189761e+002
5.763147e+000	-1.262165e+002
6.219313e+000	-1.181633e+002
7.184146e+000	-9.078951e+001
7.449585e+000	-8.998063e+001
7.566664e+000	-9.480691e+001
7.556573e+000	-1.044633e+002
8.097539e+000	-9.318915e+001
8.066256e+000	-1.036506e+002
8.098578e+000	-1.116961e+002
7.791789e+000	-1.326220e+002
8.269173e+000	-1.237629e+002
8.428638e+000	-1.269791e+002
8.460937e+000	-1.350255e+002
8.366092e+000	-1.479011e+002
8.652726e+000	-1.462872e+002
8.685024e+000	-1.543336e+002
8.802124e+000	-1.591590e+002
8.792035e+000	-1.688154e+002
8.909136e+000	-1.736408e+002
8.814268e+000	-1.865174e+002
8.952562e+000	-1.905377e+002
9.196807e+000	-1.905339e+002
9.356272e+000	-1.937501e+002
9.261428e+000	-2.066258e+002
9.336116e+000	-2.130621e+002
9.559164e+000	-2.138633e+002
9.506710e+000	-2.251289e+002
9.411842e+000	-2.380054e+002
9.189854e+000	-2.557103e+002
9.518852e+000	-2.524873e+002
9.720708e+000	-2.540934e+002
1.151208e+001	-1.953254e+002
1.334582e+001	-1.349483e+002
1.411990e+001	-1.148197e+002
1.550858e+001	-7.134721e+001
1.628266e+001	-5.121862e+001
1.631498e+001	-5.926412e+001
1.696190e+001	-4.396569e+001
1.763001e+001	-2.786222e+001
1.774709e+001	-3.268850e+001
1.820328e+001	-2.463440e+001
1.762096e+001	-5.602561e+001
1.788640e+001	-5.521673e+001
1.849095e+001	-4.152745e+001
1.879875e+001	-3.910941e+001
1.914897e+001	-3.508043e+001
1.918129e+001	-4.312593e+001
1.934076e+001	-4.634217e+001
1.958500e+001	-4.633830e+001
2.014714e+001	-3.425997e+001
2.043377e+001	-3.264606e+001
2.023296e+001	-4.954681e+001
2.071034e+001	-4.068769e+001
2.074264e+001	-4.873408e+001
2.073257e+001	-5.838963e+001
2.137949e+001	-4.309119e+001
2.132701e+001	-5.435768e+001
2.146531e+001	-5.837805e+001
2.206983e+001	-4.468965e+001
2.261078e+001	-3.341634e+001
2.251593e+001	-4.629198e+001
2.273898e+001	-4.709316e+001
2.298323e+001	-4.708929e+001
2.286719e+001	-6.076997e+001
2.302665e+001	-6.398621e+001
2.310134e+001	-7.042254e+001
2.294291e+001	-8.571326e+001
2.346268e+001	-7.524408e+001
2.415199e+001	-5.833559e+001
2.462935e+001	-4.947735e+001
2.451331e+001	-6.315802e+001
2.437608e+001	-7.764372e+001
2.481105e+001	-7.039553e+001
2.501290e+001	-7.200172e+001
2.496045e+001	-8.326730e+001
2.486560e+001	-9.614295e+001
2.504627e+001	-9.855416e+001
2.565079e+001	-8.486578e+001
2.578906e+001	-8.888704e+001
2.573661e+001	-1.001526e+002
2.600205e+001	-9.934375e+001
2.618271e+001	-1.017550e+002
2.649053e+001	-9.933603e+001
2.633211e+001	-1.146268e+002
2.676710e+001	-1.073777e+002
2.684179e+001	-1.138140e+002
2.700126e+001	-1.170302e+002
2.690641e+001	-1.299059e+002
2.687515e+001	-1.403665e+002
2.716176e+001	-1.387534e+002
2.755437e+001	-1.331144e+002
2.735355e+001	-1.500152e+002
2.755540e+001	-1.516214e+002
2.777845e+001	-1.524225e+002
2.783197e+001	-1.596630e+002
2.801263e+001	-1.620742e+002
2.899863e+001	-1.338963e+002
3.030256e+001	-9.364297e+001
3.109781e+001	-7.271025e+001
3.178712e+001	-5.580177e+001
3.196780e+001	-5.821209e+001
3.174579e+001	-7.591788e+001
3.199003e+001	-7.591403e+001
3.170444e+001	-9.603490e+001
3.249972e+001	-7.510128e+001
3.287110e+001	-7.026816e+001
3.294582e+001	-7.670361e+001
3.266022e+001	-9.682447e+001
3.303163e+001	-9.199047e+001
3.329707e+001	-9.118158e+001
3.364726e+001	-8.715349e+001
3.412465e+001	-7.829436e+001
3.400861e+001	-9.197503e+001
3.442238e+001	-8.553186e+001
3.447590e+001	-9.277234e+001
3.486848e+001	-8.713419e+001
3.502797e+001	-9.034955e+001
3.476357e+001	-1.096654e+002
3.532571e+001	-9.758704e+001
3.573951e+001	-9.114300e+001
3.566584e+001	-1.032145e+002
3.582533e+001	-1.064298e+002
3.674775e+001	-8.066699e+001
3.741586e+001	-6.456352e+001
3.763891e+001	-6.536469e+001
3.754406e+001	-7.824033e+001
3.789428e+001	-7.421135e+001
3.779941e+001	-8.708788e+001
3.761979e+001	-1.031836e+002
3.790642e+001	-1.015697e+002
3.770561e+001	-1.184705e+002
3.833133e+001	-1.039771e+002
3.935974e+001	-7.418819e+001
4.019739e+001	-5.164542e+001
4.092908e+001	-3.312689e+001
4.053754e+001	-5.727199e+001
4.061223e+001	-6.370833e+001
4.100484e+001	-5.806930e+001
4.137622e+001	-5.323618e+001
4.185360e+001	-4.437705e+001
4.163159e+001	-6.208284e+001
4.132480e+001	-8.300873e+001
4.171741e+001	-7.736970e+001
4.196165e+001	-7.736583e+001
4.214231e+001	-7.977706e+001
4.274684e+001	-6.608866e+001
4.307586e+001	-6.286471e+001
4.295982e+001	-7.654537e+001
4.324646e+001	-7.493146e+001
4.376621e+001	-6.446318e+001
4.362897e+001	-7.894888e+001
4.383083e+001	-8.055506e+001
4.375718e+001	-9.262568e+001
4.374709e+001	-1.022821e+002
4.460595e+001	-7.893343e+001
4.472303e+001	-8.375972e+001
4.481893e+001	-8.939015e+001
4.544465e+001	-7.489673e+001
4.571009e+001	-7.408785e+001
4.595434e+001	-7.408399e+001
4.634692e+001	-6.844584e+001
4.697264e+001	-5.395243e+001
4.719569e+001	-5.475360e+001
4.746113e+001	-5.394472e+001
4.723912e+001	-7.165050e+001
4.748336e+001	-7.164665e+001
4.804552e+001	-5.956743e+001
4.797185e+001	-7.163892e+001
4.798298e+001	-8.048945e+001
4.826961e+001	-7.887554e+001
4.802640e+001	-9.738636e+001
4.814348e+001	-1.022126e+002
4.853609e+001	-9.657361e+001
4.878033e+001	-9.656976e+001
4.919413e+001	-9.012570e+001
4.884495e+001	-1.126616e+002
4.930112e+001	-1.046084e+002
4.941822e+001	-1.094338e+002
4.968366e+001	-1.086249e+002
4.990671e+001	-1.094261e+002
4.991781e+001	-1.182775e+002
5.033161e+001	-1.118335e+002
5.057586e+001	-1.118296e+002
5.094727e+001	-1.069956e+002
5.074645e+001	-1.238964e+002
5.086353e+001	-1.287226e+002
5.121374e+001	-1.246937e+002
5.143679e+001	-1.254948e+002
5.163865e+001	-1.271010e+002
5.160737e+001	-1.375625e+002
5.168208e+001	-1.439979e+002
5.213824e+001	-1.359447e+002
5.242487e+001	-1.343308e+002
5.338971e+001	-1.069570e+002
5.424855e+001	-8.360921e+001
5.417489e+001	-9.567983e+001
5.429197e+001	-1.005061e+002
5.510844e+001	-7.876748e+001
5.552222e+001	-7.232432e+001
5.538499e+001	-8.681000e+001
5.550209e+001	-9.163540e+001
5.595825e+001	-8.358218e+001
5.599058e+001	-9.162769e+001
5.591690e+001	-1.036992e+002
5.577967e+001	-1.181849e+002
5.619347e+001	-1.117408e+002
5.611982e+001	-1.238114e+002
5.678793e+001	-1.077080e+002
5.720171e+001	-1.012648e+002
5.710686e+001	-1.141405e+002
5.722394e+001	-1.189668e+002
5.763774e+001	-1.125227e+002
5.752170e+001	-1.262034e+002
5.753281e+001	-1.350548e+002
5.801019e+001	-1.261957e+002
5.812727e+001	-1.310219e+002
5.828673e+001	-1.342382e+002
5.814950e+001	-1.487239e+002
5.856330e+001	-1.422798e+002
5.893469e+001	-1.374467e+002
5.911537e+001	-1.398570e+002
5.916886e+001	-1.470984e+002
5.949789e+001	-1.438744e+002
6.137402e+001	-8.188723e+001
6.210571e+001	-6.336870e+001
6.237115e+001	-6.255981e+001
6.206436e+001	-8.348570e+001
6.239338e+001	-8.026174e+001
6.306149e+001	-6.415829e+001
6.298784e+001	-7.622891e+001
6.302014e+001	-8.427529e+001
6.307366e+001	-9.151577e+001
6.350863e+001	-8.426758e+001
6.388004e+001	-7.943357e+001
6.423026e+001	-7.540458e+001
6.458045e+001	-7.137649e+001
6.482469e+001	-7.137263e+001
6.492060e+001	-7.700306e+001
6.486812e+001	-8.826954e+001
6.504880e+001	-9.067986e+001
6.474201e+001	-1.116058e+002
6.479551e+001	-1.188471e+002
6.544242e+001	-1.035487e+002
6.555953e+001	-1.083741e+002
6.571899e+001	-1.115903e+002
6.562414e+001	-1.244660e+002
6.601672e+001	-1.188278e+002
6.621858e+001	-1.204340e+002
6.724700e+001	-9.064512e+001
6.882642e+001	-3.992739e+001
6.938856e+001	-2.784906e+001
6.956923e+001	-3.026027e+001
6.996183e+001	-2.462124e+001
7.035441e+001	-1.898309e+001
7.066224e+001	-1.656417e+001
7.056740e+001	-2.943982e+001
7.053614e+001	-3.990038e+001
7.145856e+001	-1.413751e+001
7.233862e+001	1.001618e+001
7.256166e+001	9.215017e+000
7.242441e+001	-5.271554e+000
7.213883e+001	-2.539153e+001
7.183205e+001	-4.631741e+001
7.241538e+001	-3.343406e+001
7.314707e+001	-1.491553e+001
7.320057e+001	-2.215688e+001
7.327527e+001	-2.859233e+001
7.394339e+001	-1.248887e+001
7.414524e+001	-1.409506e+001
7.421993e+001	-2.053140e+001
7.463373e+001	-1.408734e+001
7.508992e+001	-6.033240e+000
7.476194e+001	-2.776415e+001
7.502737e+001	-2.695526e+001
7.525043e+001	-2.775644e+001
7.500721e+001	-4.626725e+001
7.565414e+001	-3.096881e+001
7.644941e+001	-1.003521e+001
7.639693e+001	-2.130168e+001
7.695910e+001	-9.222457e+000
7.677947e+001	-2.531820e+001
7.685416e+001	-3.175454e+001
7.720438e+001	-2.772556e+001
7.732145e+001	-3.255184e+001
7.731138e+001	-4.220739e+001
7.742847e+001	-4.703367e+001
7.773629e+001	-4.461475e+001
7.802292e+001	-4.300084e+001
7.845789e+001	-3.575265e+001
7.914720e+001	-1.884416e+001
7.937025e+001	-1.964533e+001
7.942377e+001	-2.688580e+001
8.013427e+001	-9.172290e+000
8.042090e+001	-7.558380e+000
8.045320e+001	-1.560476e+001
8.018880e+001	-3.492061e+001
8.081452e+001	-2.042720e+001
8.097401e+001	-2.364254e+001
8.143018e+001	-1.558932e+001
8.192875e+001	-5.925170e+000
8.208822e+001	-9.141411e+000
8.233246e+001	-9.137555e+000
8.187731e+001	-3.569861e+001
8.229112e+001	-2.925455e+001
8.274728e+001	-2.120135e+001
8.294916e+001	-2.280664e+001
8.327816e+001	-1.958357e+001
8.345881e+001	-2.199478e+001
8.346994e+001	-3.084531e+001
8.403208e+001	-1.876698e+001
8.465781e+001	-4.273555e+000
8.445699e+001	-2.117432e+001
8.446812e+001	-3.002484e+001
8.498787e+001	-1.955656e+001
8.506257e+001	-2.599201e+001
8.528563e+001	-2.679317e+001
8.589015e+001	-1.310479e+001
8.590126e+001	-2.195619e+001
8.597597e+001	-2.839165e+001
8.634738e+001	-2.355764e+001
8.667638e+001	-2.033456e+001
8.668751e+001	-2.918508e+001
8.705891e+001	-2.435108e+001
8.776941e+001	-6.637572e+000
8.780172e+001	-1.468396e+001
8.802477e+001	-1.548512e+001
8.780275e+001	-3.319092e+001
8.825894e+001	-2.513680e+001
8.846080e+001	-2.674300e+001
8.887458e+001	-2.029983e+001
8.886451e+001	-2.995537e+001
8.868489e+001	-4.605112e+001
8.909868e+001	-3.960707e+001
8.917338e+001	-4.604341e+001
8.982029e+001	-3.074497e+001
9.061557e+001	-9.811356e+000
9.105054e+001	-2.563165e+000
9.099809e+001	-1.382876e+001
9.069129e+001	-3.475465e+001
9.044809e+001	-5.326547e+001
9.090428e+001	-4.521136e+001
9.172075e+001	-2.347273e+001
9.230408e+001	-1.058937e+001
9.199729e+001	-3.151525e+001
9.236870e+001	-2.668125e+001
9.259175e+001	-2.748242e+001
9.264524e+001	-3.472378e+001
9.314383e+001	-2.505962e+001
9.347283e+001	-2.183656e+001
9.346276e+001	-3.149209e+001
9.341030e+001	-4.275770e+001
9.352738e+001	-4.758398e+001
9.396238e+001	-4.033491e+001
9.454570e+001	-2.745154e+001
9.421773e+001	-4.918246e+001
9.499180e+001	-2.905387e+001
9.510888e+001	-3.388015e+001
9.518359e+001	-4.031561e+001
9.542784e+001	-4.031175e+001
9.560850e+001	-4.272296e+001
9.595872e+001	-3.869397e+001
9.669039e+001	-2.017634e+001
9.638362e+001	-4.110133e+001
9.677620e+001	-3.546319e+001
9.742312e+001	-2.016476e+001
9.813362e+001	-2.451240e+000
9.808116e+001	-1.371684e+001
9.836780e+001	-1.210293e+001
9.816698e+001	-2.900370e+001
9.879270e+001	-1.451029e+001
9.869785e+001	-2.738593e+001
9.900568e+001	-2.496700e+001
9.924993e+001	-2.496313e+001
9.949417e+001	-2.495928e+001
9.950528e+001	-3.381068e+001
9.987669e+001	-2.897668e+001
9.988779e+001	-3.782809e+001
1.002380e+002	-3.379911e+001
1.003127e+002	-4.023456e+001
1.007689e+002	-3.218134e+001
1.014582e+002	-1.527286e+001
1.016812e+002	-1.607402e+001
1.018831e+002	-1.768021e+001
1.022545e+002	-1.284620e+001
1.023504e+002	-1.847751e+001
1.026158e+002	-1.766863e+001
1.028177e+002	-1.927483e+001
1.033587e+002	-8.000619e+000
1.041751e+002	1.373711e+001
1.043134e+002	9.716730e+000
1.038582e+002	-1.684431e+001
1.036786e+002	-3.294006e+001
1.048130e+002	8.730468e-001
1.042307e+002	-3.051726e+001
1.044961e+002	-2.970838e+001
1.045496e+002	-3.694975e+001
1.045820e+002	-4.499524e+001
1.050805e+002	-3.533197e+001
1.052612e+002	-3.774318e+001
1.057597e+002	-2.807904e+001
1.061523e+002	-2.244001e+001
1.064601e+002	-2.002195e+001
1.067044e+002	-2.001810e+001
1.064612e+002	-3.852802e+001
1.065359e+002	-4.496436e+001
1.072676e+002	-2.644583e+001
1.071516e+002	-4.012650e+001
1.075653e+002	-3.368332e+001
1.079579e+002	-2.804429e+001
1.077571e+002	-4.494506e+001
1.075775e+002	-6.104080e+001
1.086059e+002	-3.125282e+001
1.090409e+002	-2.400373e+001
1.094971e+002	-1.595052e+001
1.099956e+002	-6.286374e+000
1.099432e+002	-1.755285e+001
1.098483e+002	-3.042849e+001
1.099866e+002	-3.444976e+001
1.106971e+002	-1.673624e+001
1.106870e+002	-2.639179e+001
1.110584e+002	-2.155868e+001
1.114510e+002	-1.591965e+001
1.116741e+002	-1.672081e+001
1.118971e+002	-1.752198e+001
1.119506e+002	-2.476245e+001
1.124492e+002	-1.509919e+001
1.125239e+002	-2.153553e+001
1.127469e+002	-2.233580e+001
1.129276e+002	-2.474702e+001
1.138924e+002	2.625893e+000
1.139671e+002	-3.810431e+000
1.136391e+002	-2.554045e+001
1.140317e+002	-1.990232e+001
1.141276e+002	-2.553274e+001
1.141811e+002	-3.277411e+001
1.148704e+002	-1.586562e+001
1.151359e+002	-1.505673e+001
1.148927e+002	-3.356754e+001
1.154336e+002	-2.229335e+001
1.157414e+002	-1.987531e+001
1.160069e+002	-1.906641e+001
1.158696e+002	-3.355211e+001
1.165377e+002	-1.744865e+001
1.168668e+002	-1.422470e+001
1.170262e+002	-1.744094e+001
1.167618e+002	-3.675677e+001
1.171756e+002	-3.031271e+001
1.179073e+002	-1.179418e+001
1.183847e+002	-2.935936e+000
1.184806e+002	-8.566361e+000
1.184705e+002	-1.822279e+001
1.187147e+002	-1.821894e+001
1.190014e+002	-1.660503e+001
1.192668e+002	-1.579615e+001
1.195534e+002	-1.418224e+001
1.198189e+002	-1.337336e+001
1.196393e+002	-2.946910e+001
1.200319e+002	-2.383006e+001
1.205728e+002	-1.255675e+001
1.205839e+002	-2.140816e+001
1.207858e+002	-2.301346e+001
1.210936e+002	-2.059542e+001
1.213378e+002	-2.059156e+001
1.213490e+002	-2.944208e+001
1.218475e+002	-1.977881e+001
1.220282e+002	-2.218914e+001
1.221029e+002	-2.862548e+001
1.224955e+002	-2.298645e+001
1.228245e+002	-1.976338e+001
1.230476e+002	-2.056454e+001
1.235461e+002	-1.090040e+001
1.238328e+002	-9.286487e+000
1.236108e+002	-2.699227e+001
1.241517e+002	-1.571896e+001
1.243748e+002	-1.652013e+001
1.248309e+002	-8.466013e+000
1.251388e+002	-6.047089e+000
1.248956e+002	-2.455790e+001
1.255001e+002	-1.086952e+001
1.252993e+002	-2.777028e+001
1.252468e+002	-3.903588e+001
1.256818e+002	-3.178769e+001
1.259684e+002	-3.017378e+001
1.260219e+002	-3.741514e+001
1.262873e+002	-3.660626e+001
1.267859e+002	-2.694210e+001
1.273693e+002	-1.405873e+001
1.276771e+002	-1.163981e+001
1.278366e+002	-1.485604e+001
1.284199e+002	-1.972683e+000
1.283250e+002	-1.484833e+001
1.282302e+002	-2.772397e+001
1.280506e+002	-4.381972e+001
1.284432e+002	-3.818068e+001
1.292808e+002	-1.563791e+001
1.295887e+002	-1.321898e+001
1.297481e+002	-1.643521e+001
1.303950e+002	-1.136777e+000
1.302366e+002	-1.642750e+001
1.303537e+002	-2.125379e+001
1.305132e+002	-2.446914e+001
1.305667e+002	-3.171050e+001
1.306625e+002	-3.734180e+001
1.308432e+002	-3.975213e+001
1.313630e+002	-2.928385e+001
1.315860e+002	-3.008501e+001
1.318303e+002	-3.008115e+001
1.320745e+002	-3.007729e+001
1.325943e+002	-1.960900e+001
1.324358e+002	-3.489972e+001
1.326801e+002	-3.489586e+001
1.330939e+002	-2.845181e+001
1.334441e+002	-2.442282e+001
1.335188e+002	-3.085916e+001
1.334875e+002	-4.131973e+001
1.343252e+002	-1.877696e+001
1.345694e+002	-1.877310e+001
1.343050e+002	-3.808806e+001
1.349731e+002	-2.198459e+001
1.356413e+002	-5.881129e+000
1.359279e+002	-4.268116e+000
1.362569e+002	-1.044152e+000
1.359925e+002	-2.036000e+001
1.362155e+002	-2.116116e+001
1.365446e+002	-1.793721e+001
1.364497e+002	-3.081284e+001
1.366940e+002	-3.080899e+001
1.369170e+002	-3.161016e+001
1.380090e+002	5.929013e-001
1.380201e+002	-8.257608e+000
1.377345e+002	-2.837847e+001
1.381271e+002	-2.273945e+001
1.389436e+002	-1.001707e+000
1.393786e+002	6.247367e+000
1.397500e+002	1.108137e+001
1.395704e+002	-5.014356e+000
1.389457e+002	-3.801472e+001
1.394866e+002	-2.674141e+001
1.403667e+002	-2.588593e+000
1.407169e+002	1.440373e+000
1.407068e+002	-8.215164e+000
1.406119e+002	-2.109169e+001
1.408986e+002	-1.947778e+001
1.409945e+002	-2.510821e+001
1.414718e+002	-1.624996e+001
1.412498e+002	-3.395576e+001
1.418543e+002	-2.026738e+001
1.420562e+002	-2.187267e+001
1.424700e+002	-1.542950e+001
1.426295e+002	-1.864574e+001
1.430645e+002	-1.139667e+001
1.429908e+002	-2.346729e+001
1.434258e+002	-1.621910e+001
1.439244e+002	-6.554941e+000
1.436600e+002	-2.587078e+001
1.441373e+002	-1.701253e+001
1.447207e+002	-4.129179e+000
1.447954e+002	-1.056462e+001
1.449760e+002	-1.297583e+001
1.454958e+002	-2.507546e+000
1.457188e+002	-3.308718e+000
1.455816e+002	-1.779440e+001
1.459106e+002	-1.457045e+001
1.458582e+002	-2.583605e+001
1.458905e+002	-3.388244e+001
1.456896e+002	-5.078319e+001
1.462942e+002	-3.709481e+001
1.470259e+002	-1.857628e+001
1.470582e+002	-2.662177e+001
1.474932e+002	-1.937358e+001
1.485428e+002	1.122031e+001
1.482784e+002	-8.095515e+000
1.486286e+002	-4.067420e+000
1.485973e+002	-1.452800e+001
1.489051e+002	-1.210906e+001
1.489162e+002	-2.096048e+001
1.491181e+002	-2.256577e+001
1.491080e+002	-3.222221e+001
1.497973e+002	-1.531372e+001
1.499992e+002	-1.691991e+001
1.504766e+002	-8.060780e+000
1.506148e+002	-1.208205e+001
1.511134e+002	-2.418777e+000
1.506159e+002	-3.058900e+001
1.507965e+002	-3.300022e+001
1.514011e+002	-1.931184e+001
1.518573e+002	-1.125772e+001
1.516140e+002	-2.976854e+001
1.517523e+002	-3.378980e+001
1.518270e+002	-4.022525e+001
1.522196e+002	-3.458711e+001
1.532056e+002	-6.408282e+000
1.536830e+002	2.449951e+000
1.536306e+002	-8.815640e+000
1.540443e+002	-2.372465e+000
1.539283e+002	-1.605314e+001
1.545752e+002	-7.546999e-001
1.538869e+002	-3.617015e+001
1.539193e+002	-4.421564e+001
1.552655e+002	-2.353176e+000
1.556158e+002	1.675790e+000
1.561355e+002	1.214409e+001
1.555956e+002	-1.763617e+001
1.555008e+002	-3.051181e+001
1.558298e+002	-2.728786e+001
1.560104e+002	-2.969907e+001
1.565938e+002	-1.681571e+001
1.566473e+002	-2.405619e+001
1.572730e+002	-9.562765e+000
1.580259e+002	9.760771e+000
1.576767e+002	-1.277515e+001
1.579634e+002	-1.116124e+001
1.583983e+002	-3.913050e+000
1.587062e+002	-1.494114e+000
1.588444e+002	-5.514498e+000
1.596397e+002	1.541822e+001
1.590786e+002	-1.516706e+001
1.594076e+002	-1.194311e+001
1.593128e+002	-2.481876e+001
1.593663e+002	-3.206012e+001
1.593562e+002	-4.171566e+001
1.597488e+002	-3.607752e+001
1.608832e+002	-2.264407e+000
1.609579e+002	-8.699859e+000
1.608206e+002	-2.318555e+001
1.608317e+002	-3.203695e+001
1.610336e+002	-3.364315e+001
1.616593e+002	-1.914974e+001
1.618400e+002	-2.156006e+001
1.622114e+002	-1.672695e+001
1.624980e+002	-1.511304e+001
1.628694e+002	-1.027903e+001
1.628805e+002	-1.913044e+001
1.630400e+002	-2.234578e+001
1.633055e+002	-2.153690e+001
1.631894e+002	-3.521846e+001
1.639211e+002	-1.669993e+001
1.643773e+002	-8.645825e+000
1.644944e+002	-1.347211e+001
1.650353e+002	-2.198793e+000
1.655551e+002	8.270365e+000
1.653755e+002	-7.825364e+000
1.656621e+002	-6.211454e+000
1.652493e+002	-3.116247e+001
1.653876e+002	-3.518372e+001
1.663524e+002	-7.809931e+000
1.666815e+002	-4.585967e+000
1.666926e+002	-1.343737e+001
1.671276e+002	-6.188298e+000
1.675201e+002	-5.501495e-001
1.674041e+002	-1.423082e+001
1.676483e+002	-1.422697e+001
1.677019e+002	-2.146743e+001
1.675858e+002	-3.514899e+001
1.673214e+002	-5.446394e+001
1.679895e+002	-3.836048e+001
1.688484e+002	-1.501269e+001
1.689231e+002	-2.144815e+001
1.690401e+002	-2.627443e+001
1.691996e+002	-2.949067e+001
1.700373e+002	-6.947013e+000
1.700908e+002	-1.418836e+001
1.700807e+002	-2.384391e+001
1.710031e+002	1.918942e+000
1.711202e+002	-2.907340e+000
1.714492e+002	3.166110e-001
1.711001e+002	-2.221843e+001
1.708781e+002	-3.992422e+001
1.717157e+002	-1.738145e+001
1.721719e+002	-9.327348e+000
1.724797e+002	-6.908411e+000
1.722577e+002	-2.461421e+001
1.723748e+002	-2.944049e+001
1.722164e+002	-4.473122e+001
1.727997e+002	-3.184785e+001
1.734890e+002	-1.493937e+001
1.732246e+002	-3.425521e+001
1.742954e+002	-2.857160e+000
1.750059e+002	1.485633e+001
1.747627e+002	-3.654477e+000
1.748162e+002	-1.089494e+001
1.752724e+002	-2.841727e+000
1.753683e+002	-8.472153e+000
1.751251e+002	-2.698296e+001
1.752633e+002	-3.100423e+001
1.757619e+002	-2.134008e+001
1.757730e+002	-3.019149e+001
1.765047e+002	-1.167295e+001
1.768761e+002	-6.838943e+000
1.766965e+002	-2.293468e+001
1.768559e+002	-2.615093e+001
1.776300e+002	-6.022350e+000
1.782981e+002	1.008110e+001
1.780973e+002	-6.819654e+000
1.780872e+002	-1.647609e+001
1.787129e+002	-1.982677e+000
1.785757e+002	-1.646836e+001
1.789471e+002	-1.163436e+001
1.790853e+002	-1.565563e+001
1.794144e+002	-1.243166e+001
1.793619e+002	-2.369727e+001
1.797757e+002	-1.725409e+001
1.800199e+002	-1.725023e+001
1.803489e+002	-1.402627e+001
1.808051e+002	-5.972170e+000
1.806679e+002	-2.045875e+001
1.806790e+002	-2.930927e+001
1.806901e+002	-3.815979e+001
1.808284e+002	-4.218106e+001
1.815389e+002	-2.446755e+001
1.821010e+002	-1.238922e+001
1.824512e+002	-8.360227e+000
1.828438e+002	-2.722091e+000
1.827066e+002	-1.720778e+001
1.826753e+002	-2.766835e+001
1.831739e+002	-1.800508e+001
1.836513e+002	-9.145953e+000
1.841286e+002	-2.877210e-001
1.839278e+002	-1.718849e+001
1.840661e+002	-2.120886e+001
1.848401e+002	-1.081170e+000
1.849572e+002	-5.906569e+000
1.853498e+002	-2.684201e-001
1.853397e+002	-9.923969e+000
1.853720e+002	-1.797035e+001
1.856375e+002	-1.716146e+001
1.854366e+002	-3.406223e+001
1.856809e+002	-3.405838e+001
1.858192e+002	-3.807875e+001
1.859574e+002	-4.210002e+001
1.866044e+002	-2.680158e+001
1.871029e+002	-1.713831e+001
1.881313e+002	1.264966e+001
1.877185e+002	-1.230045e+001
1.875389e+002	-2.839619e+001
1.881011e+002	-1.631785e+001
1.880910e+002	-2.597340e+001
1.889286e+002	-3.430626e+000
1.892153e+002	-1.816716e+000
1.897562e+002	9.457469e+000
1.896614e+002	-3.419048e+000
1.893546e+002	-2.434405e+001
1.896624e+002	-2.192512e+001
1.900550e+002	-1.628698e+001
1.897906e+002	-3.560282e+001
1.903104e+002	-2.513364e+001
1.907665e+002	-1.708042e+001
1.906081e+002	-3.237114e+001
1.908311e+002	-3.317231e+001
1.910118e+002	-3.558352e+001
1.916587e+002	-2.028508e+001
1.923904e+002	-1.766549e+000
1.924863e+002	-7.396975e+000
1.921159e+002	-3.073793e+001
1.922542e+002	-3.475920e+001
1.924772e+002	-3.556036e+001
1.929758e+002	-2.589621e+001
1.934320e+002	-1.784300e+001
1.938670e+002	-1.059391e+001
1.944503e+002	2.289429e+000
1.941435e+002	-1.863644e+001
1.944937e+002	-1.460746e+001
1.943141e+002	-3.070320e+001
1.948550e+002	-1.942989e+001
1.950993e+002	-1.942603e+001
1.953647e+002	-1.861715e+001
1.955665e+002	-2.022334e+001
1.960863e+002	-9.754153e+000
1.962246e+002	-1.377542e+001
1.970622e+002	8.768223e+000
1.975608e+002	1.843148e+001
1.966818e+002	-2.422827e+001
1.966929e+002	-3.307968e+001
1.973822e+002	-1.617120e+001
1.977960e+002	-9.727142e+000
1.979978e+002	-1.133333e+001
1.984752e+002	-2.475096e+000
1.985287e+002	-9.715563e+000
1.987518e+002	-1.051674e+001
1.986993e+002	-2.178233e+001
1.989436e+002	-2.177847e+001
1.991878e+002	-2.177460e+001
1.993049e+002	-2.660090e+001
1.992736e+002	-3.706146e+001
1.995602e+002	-3.544845e+001
2.006522e+002	-3.245389e+000
2.006209e+002	-1.370595e+001
2.010135e+002	-8.066920e+000
2.016604e+002	7.231505e+000
2.017987e+002	3.210237e+000
2.017250e+002	-8.860369e+000
2.015454e+002	-2.495611e+001
2.018532e+002	-2.253717e+001
2.025002e+002	-7.238737e+000
2.022781e+002	-2.494453e+001
2.027767e+002	-1.528127e+001
2.028726e+002	-2.091169e+001
2.030956e+002	-2.171286e+001
2.033399e+002	-2.170900e+001
2.035417e+002	-2.331519e+001
2.035740e+002	-3.136157e+001
2.042209e+002	-1.606313e+001
2.040837e+002	-3.054883e+001
2.042644e+002	-3.296004e+001
2.048477e+002	-2.007668e+001
2.055370e+002	-3.168197e+000
2.057601e+002	-3.968473e+000
2.059407e+002	-6.379686e+000
2.056339e+002	-2.730558e+001
2.055815e+002	-3.857117e+001
2.056350e+002	-4.581253e+001
2.061971e+002	-3.373419e+001
2.070560e+002	-1.038551e+001
2.071942e+002	-1.440678e+001
2.076504e+002	-6.352675e+000
2.078311e+002	-8.763889e+000
2.080965e+002	-7.955006e+000
2.082984e+002	-9.561193e+000
2.085214e+002	-1.036235e+001
2.087445e+002	-1.116352e+001
2.087768e+002	-1.920990e+001
2.086819e+002	-3.208555e+001
2.087778e+002	-3.771597e+001
2.090433e+002	-3.690709e+001
2.096478e+002	-2.321871e+001
2.100192e+002	-1.838559e+001
2.107085e+002	-1.477096e+000
2.108256e+002	-6.302495e+000
2.107731e+002	-1.756898e+001
2.107630e+002	-2.722453e+001
2.110920e+002	-2.400057e+001
2.109972e+002	-3.687621e+001
2.111991e+002	-3.848240e+001
2.117612e+002	-2.640407e+001
2.127896e+002	3.383908e+000
2.128007e+002	-5.466601e+000
2.127270e+002	-1.753810e+001
2.130772e+002	-1.350913e+001
2.134698e+002	-7.870093e+000
2.131843e+002	-2.799096e+001
2.138312e+002	-1.269252e+001
2.140542e+002	-1.349369e+001
2.140653e+002	-2.234421e+001
2.142884e+002	-2.314537e+001
2.145538e+002	-2.233649e+001
2.143318e+002	-4.004229e+001
2.149363e+002	-2.635389e+001
2.153078e+002	-2.151988e+001
2.154248e+002	-2.634618e+001
2.155419e+002	-3.117246e+001
2.159557e+002	-2.472840e+001
2.158185e+002	-3.921410e+001
2.166773e+002	-1.586630e+001
2.168368e+002	-1.908254e+001
2.168479e+002	-2.793307e+001
2.172617e+002	-2.148902e+001
2.166370e+002	-5.448938e+001
2.173263e+002	-3.758089e+001
2.180156e+002	-2.067241e+001
2.186201e+002	-6.984018e+000
2.187160e+002	-1.261534e+001
2.188755e+002	-1.583157e+001
2.189290e+002	-2.307205e+001
2.186222e+002	-4.399794e+001
2.192055e+002	-3.111457e+001
2.195558e+002	-2.708559e+001
2.197788e+002	-2.788675e+001
2.203621e+002	-1.500340e+001
2.206064e+002	-1.499953e+001
2.206599e+002	-2.224001e+001
2.207982e+002	-2.626127e+001
2.214239e+002	-1.176786e+001
2.213502e+002	-2.383847e+001
2.217640e+002	-1.739531e+001
2.217963e+002	-2.544081e+001
2.226128e+002	-3.702177e+000
2.225391e+002	-1.577368e+001
2.225502e+002	-2.462420e+001
2.234727e+002	1.138643e+000
2.236109e+002	-2.882600e+000
2.236009e+002	-1.253815e+001
2.236756e+002	-1.897449e+001
2.239410e+002	-1.816560e+001
2.241005e+002	-2.138095e+001
2.244295e+002	-1.815788e+001
2.241863e+002	-3.666781e+001
2.243245e+002	-4.068907e+001
2.248655e+002	-2.941576e+001
2.251309e+002	-2.860688e+001
2.251844e+002	-3.584824e+001
2.258525e+002	-1.974478e+001
2.259060e+002	-2.698525e+001
2.258324e+002	-3.905586e+001
2.266064e+002	-1.892817e+001
2.266600e+002	-2.616864e+001
2.273917e+002	-7.650109e+000
2.276995e+002	-5.231184e+000
2.281133e+002	1.211979e+000
2.282727e+002	-2.004249e+000
2.278600e+002	-2.695437e+001
2.280407e+002	-2.936559e+001
2.282637e+002	-3.016675e+001
2.286351e+002	-2.533275e+001
2.284555e+002	-4.142849e+001
2.288269e+002	-3.659448e+001
2.295373e+002	-1.888186e+001
2.297180e+002	-2.129219e+001
2.296232e+002	-3.416872e+001
2.301217e+002	-2.450457e+001
2.303236e+002	-2.611075e+001
2.304619e+002	-3.013202e+001
2.310452e+002	-1.724865e+001
2.311835e+002	-2.126904e+001
2.315761e+002	-1.563089e+001
2.317779e+002	-1.723707e+001
2.316619e+002	-3.091774e+001
2.323512e+002	-1.400927e+001
2.325318e+002	-1.642048e+001
2.324794e+002	-2.768607e+001
2.329567e+002	-1.882783e+001
2.330950e+002	-2.284821e+001
2.332121e+002	-2.767449e+001
2.338590e+002	-1.237606e+001
2.335310e+002	-3.410697e+001
2.337329e+002	-3.571316e+001
