    nm         	nN
0.000000e+000	3.268441e-001
-1.033789e-002	3.171782e-001
-6.421050e-002	3.058588e-001
-1.616405e-001	2.928850e-001
-1.502125e-001	2.840458e-001
-2.258510e-001	2.718997e-001
-2.579804e-001	2.614061e-001
-2.900856e-001	2.509135e-001
-4.092588e-001	2.371138e-001
-3.543199e-001	2.299273e-001
-3.428922e-001	2.210882e-001
-4.402974e-001	2.081153e-001
-6.030283e-001	1.926612e-001
-5.262993e-001	1.863023e-001
-6.019386e-001	1.741562e-001
-6.340676e-001	1.636626e-001
-6.226396e-001	1.548235e-001
-5.677014e-001	1.476370e-001
-6.651072e-001	1.346641e-001
-5.884024e-001	1.283044e-001
-6.205073e-001	1.178117e-001
-6.526129e-001	1.073191e-001
-6.847426e-001	9.682553e-002
-5.644792e-001	9.212025e-002
-6.401426e-001	7.997317e-002
-7.593151e-001	6.617348e-002
-8.349544e-001	5.402730e-002
-8.235505e-001	4.518728e-002
-8.338883e-001	3.552142e-002
-9.095276e-001	2.337525e-002
-8.545897e-001	1.618875e-002
-9.955289e-001	1.562293e-003
-8.535230e-001	-2.317128e-003
-9.509289e-001	-1.529005e-002
-9.177576e-001	-2.330330e-002
-9.933968e-001	-3.544948e-002
-9.166675e-001	-4.180828e-002
-8.617296e-001	-4.899479e-002
-9.591355e-001	-6.196771e-002
-9.694983e-001	-7.163450e-002
-1.045137e+000	-8.378066e-002
-9.901747e-001	-9.096624e-002
-9.570035e-001	-9.897950e-002
-1.054409e+000	-1.119524e-001
-1.064772e+000	-1.216192e-001
-1.096877e+000	-1.321118e-001
-1.128983e+000	-1.426045e-001
-1.095812e+000	-1.506178e-001
-1.345586e+000	-1.693780e-001
-1.399458e+000	-1.806974e-001
-1.366286e+000	-1.887107e-001
-1.441926e+000	-2.008569e-001
-1.365196e+000	-2.072157e-001
-1.419093e+000	-2.185360e-001
-1.407664e+000	-2.273751e-001
-1.418026e+000	-2.370419e-001
-1.363064e+000	-2.442274e-001
-1.460471e+000	-2.572004e-001
-1.557901e+000	-2.701742e-001
-1.546472e+000	-2.790133e-001
-1.448000e+000	-2.845463e-001
-1.480105e+000	-2.950389e-001
-1.577511e+000	-3.080119e-001
-1.609641e+000	-3.185054e-001
-1.619979e+000	-3.281713e-001
-1.695619e+000	-3.403175e-001
-1.727747e+000	-3.508110e-001
-1.759854e+000	-3.613037e-001
-1.835493e+000	-3.734498e-001
-1.889389e+000	-3.847701e-001
-1.856192e+000	-3.927824e-001
-1.866556e+000	-4.024493e-001
-1.833360e+000	-4.104616e-001
-1.778423e+000	-4.176481e-001
-1.788760e+000	-4.273139e-001
-1.973234e+000	-4.435940e-001
-2.027130e+000	-4.549143e-001
-1.972168e+000	-4.620999e-001
-1.917229e+000	-4.692863e-001
-1.927569e+000	-4.789522e-001
-2.068508e+000	-4.935787e-001
-2.078871e+000	-5.032454e-001
-2.045677e+000	-5.112578e-001
-2.012505e+000	-5.192711e-001
-2.109909e+000	-5.322440e-001
-2.076714e+000	-5.402563e-001
-2.130609e+000	-5.515766e-001
-2.228016e+000	-5.645496e-001
-2.325423e+000	-5.775225e-001
-2.357551e+000	-5.880160e-001
-2.171987e+000	-5.902410e-001
-2.225885e+000	-6.015614e-001
-2.279757e+000	-6.128807e-001
-2.355397e+000	-6.250269e-001
-2.343993e+000	-6.338670e-001
-2.376097e+000	-6.443596e-001
-2.408202e+000	-6.548522e-001
-2.396798e+000	-6.636922e-001
-2.276557e+000	-6.683984e-001
-2.439266e+000	-6.838516e-001
-2.406071e+000	-6.918640e-001
-2.503478e+000	-7.048370e-001
-2.426772e+000	-7.111967e-001
-2.415368e+000	-7.200367e-001
-2.512772e+000	-7.330096e-001
-2.588411e+000	-7.451558e-001
-2.685818e+000	-7.581287e-001
-2.652646e+000	-7.661420e-001
-2.575917e+000	-7.725008e-001
-2.586281e+000	-7.821676e-001
-2.553086e+000	-7.901799e-001
-2.628748e+000	-8.023270e-001
-2.639089e+000	-8.119929e-001
-2.627658e+000	-8.208320e-001
-2.594487e+000	-8.288452e-001
-2.517781e+000	-8.352050e-001
-2.571653e+000	-8.465244e-001
-2.581993e+000	-8.561902e-001
-2.614124e+000	-8.666838e-001
-2.624461e+000	-8.763497e-001
-2.765399e+000	-8.909761e-001
-2.732228e+000	-8.989894e-001
-2.590223e+000	-9.028688e-001
-2.665862e+000	-9.150150e-001
-2.719734e+000	-9.263343e-001
-2.773606e+000	-9.376537e-001
-2.849272e+000	-9.498009e-001
-2.837844e+000	-9.586401e-001
-2.804670e+000	-9.666532e-001
-2.902077e+000	-9.796262e-001
-2.781836e+000	-9.843323e-001
-2.901010e+000	-9.981320e-001
-2.976649e+000	-1.010278e+000
-2.921711e+000	-1.017465e+000
-2.801447e+000	-1.022170e+000
-2.811813e+000	-1.031837e+000
-2.778616e+000	-1.039849e+000
-2.876022e+000	-1.052822e+000
-2.973452e+000	-1.065796e+000
-2.983789e+000	-1.075462e+000
-2.994153e+000	-1.085129e+000
-2.982725e+000	-1.093968e+000
-2.949531e+000	-1.101980e+000
-2.894589e+000	-1.109166e+000
-2.774354e+000	-1.113873e+000
-2.458210e+000	-1.111138e+000
-2.316205e+000	-1.115017e+000
-2.152409e+000	-1.118069e+000
-2.162773e+000	-1.127736e+000
-2.216645e+000	-1.139055e+000
-2.074637e+000	-1.142935e+000
-1.714964e+000	-1.138547e+000
-1.355291e+000	-1.134158e+000
-1.039173e+000	-1.131425e+000
-6.795003e-001	-1.127036e+000
-1.021801e-001	-1.114381e+000
2.325252e+000	-1.031454e+000
7.538651e+000	-8.427085e-001
1.007489e+001	-7.556483e-001
1.687723e+001	-5.065506e-001
2.217769e+001	-3.144977e-001
2.469217e+001	-2.282644e-001
2.524775e+001	-2.164353e-001
2.528092e+001	-2.244485e-001
2.524881e+001	-2.349411e-001
2.543435e+001	-2.371671e-001
2.518457e+001	-2.559274e-001
2.528305e+001	-2.614603e-001
2.525094e+001	-2.719530e-001
2.574122e+001	-2.626042e-001
2.640560e+001	-2.466422e-001
2.741824e+001	-2.174528e-001
2.786495e+001	-2.097585e-001
2.783285e+001	-2.202511e-001
2.808369e+001	-2.199967e-001
2.789922e+001	-2.362767e-001
2.797592e+001	-2.426364e-001
2.790028e+001	-2.547826e-001
2.780288e+001	-2.677555e-001
2.796665e+001	-2.708082e-001
2.815219e+001	-2.730341e-001
2.835949e+001	-2.744332e-001
2.869740e+001	-2.708718e-001
2.886117e+001	-2.739245e-001
2.891614e+001	-2.811101e-001
2.907991e+001	-2.841627e-001
2.937428e+001	-2.822548e-001
2.938569e+001	-2.910948e-001
2.935358e+001	-3.015874e-001
2.964796e+001	-2.996795e-001
2.974643e+001	-3.052125e-001
2.934431e+001	-3.297592e-001
2.950808e+001	-3.328119e-001
2.978069e+001	-3.317307e-001
3.027094e+001	-3.223828e-001
3.036944e+001	-3.279149e-001
3.094675e+001	-3.152599e-001
3.119760e+001	-3.150055e-001
3.118726e+001	-3.246714e-001
3.122043e+001	-3.326847e-001
3.099242e+001	-3.506182e-001
3.096032e+001	-3.611108e-001
3.118939e+001	-3.616832e-001
3.141846e+001	-3.622556e-001
3.121222e+001	-3.793623e-001
3.124539e+001	-3.873756e-001
3.151800e+001	-3.862944e-001
3.137706e+001	-4.009209e-001
3.143202e+001	-4.081065e-001
3.159580e+001	-4.111591e-001
3.191194e+001	-4.084245e-001
3.240219e+001	-3.990765e-001
3.391543e+001	-3.508726e-001
3.403570e+001	-3.555778e-001
3.396003e+001	-3.677249e-001
3.388440e+001	-3.798711e-001
3.461408e+001	-3.614288e-001
3.588792e+001	-3.223183e-001
3.583402e+001	-3.336386e-001
3.560604e+001	-3.515712e-001
3.576981e+001	-3.546239e-001
3.599888e+001	-3.551962e-001
3.577088e+001	-3.731297e-001
3.643526e+001	-3.571678e-001
3.655550e+001	-3.618739e-001
3.650163e+001	-3.731934e-001
3.666540e+001	-3.762460e-001
3.689448e+001	-3.768184e-001
3.729768e+001	-3.707767e-001
3.741792e+001	-3.754828e-001
3.740758e+001	-3.851487e-001
3.733192e+001	-3.972958e-001
3.723451e+001	-4.102687e-001
3.755066e+001	-4.075341e-001
3.793210e+001	-4.023191e-001
3.785643e+001	-4.144662e-001
3.775903e+001	-4.274391e-001
3.781399e+001	-4.346246e-001
3.776009e+001	-4.459449e-001
3.768445e+001	-4.580912e-001
3.791353e+001	-4.586635e-001
3.822967e+001	-4.559288e-001
3.850228e+001	-4.548477e-001
3.870958e+001	-4.562468e-001
3.893865e+001	-4.568192e-001
3.923303e+001	-4.549113e-001
3.935327e+001	-4.596175e-001
3.960411e+001	-4.593631e-001
3.987671e+001	-4.582819e-001
3.988814e+001	-4.671211e-001
4.013898e+001	-4.668667e-001
4.034629e+001	-4.682658e-001
4.033593e+001	-4.779325e-001
4.045619e+001	-4.826378e-001
4.048936e+001	-4.906511e-001
4.052255e+001	-4.986634e-001
4.051219e+001	-5.083302e-001
4.063246e+001	-5.130355e-001
4.070916e+001	-5.193952e-001
4.069882e+001	-5.290611e-001
4.064493e+001	-5.403815e-001
4.093930e+001	-5.384735e-001
4.084189e+001	-5.514464e-001
4.113627e+001	-5.495385e-001
4.138711e+001	-5.492841e-001
4.163795e+001	-5.490298e-001
4.160582e+001	-5.595233e-001
4.196549e+001	-5.551350e-001
4.206399e+001	-5.606671e-001
4.192303e+001	-5.752945e-001
4.202152e+001	-5.808265e-001
4.207646e+001	-5.880130e-001
4.210965e+001	-5.960254e-001
4.222989e+001	-6.007316e-001
4.252427e+001	-5.988237e-001
4.305805e+001	-5.878222e-001
4.315655e+001	-5.933543e-001
4.299384e+001	-6.088075e-001
4.320115e+001	-6.102067e-001
4.316902e+001	-6.207002e-001
4.409461e+001	-5.948170e-001
4.465016e+001	-5.829889e-001
4.479217e+001	-5.868683e-001
4.591363e+001	-5.535451e-001
4.905932e+001	-4.433365e-001
5.009372e+001	-4.133204e-001
5.180287e+001	-3.576755e-001
5.381673e+001	-2.904569e-001
5.482936e+001	-2.612675e-001
5.514550e+001	-2.585329e-001
5.465632e+001	-2.863866e-001
5.508127e+001	-2.795190e-001
5.524507e+001	-2.825708e-001
5.508234e+001	-2.980249e-001
5.489786e+001	-3.143049e-001
5.495282e+001	-3.214905e-001
5.500776e+001	-3.286770e-001
5.547627e+001	-3.201549e-001
5.529180e+001	-3.364349e-001
5.567324e+001	-3.312199e-001
5.568464e+001	-3.400600e-001
5.674081e+001	-3.092171e-001
5.831936e+001	-2.585328e-001
5.828725e+001	-2.690255e-001
5.805925e+001	-2.869590e-001
5.822302e+001	-2.900117e-001
5.853916e+001	-2.872770e-001
5.850705e+001	-2.977696e-001
5.873613e+001	-2.983420e-001
5.909578e+001	-2.939547e-001
5.865012e+001	-3.201549e-001
5.863979e+001	-3.298208e-001
5.921710e+001	-3.171658e-001
5.907617e+001	-3.317923e-001
5.863049e+001	-3.579935e-001
5.864192e+001	-3.668326e-001
5.858805e+001	-3.781520e-001
5.881712e+001	-3.787244e-001
5.941621e+001	-3.652427e-001
5.947114e+001	-3.724291e-001
5.987435e+001	-3.663874e-001
6.049520e+001	-3.520789e-001
6.035427e+001	-3.667054e-001
6.001742e+001	-3.887727e-001
5.996355e+001	-4.000921e-001
6.014909e+001	-4.023180e-001
6.053053e+001	-3.971030e-001
6.041136e+001	-4.109027e-001
6.031393e+001	-4.238766e-001
6.010769e+001	-4.409833e-001
6.007559e+001	-4.514760e-001
6.054409e+001	-4.429540e-001
6.033785e+001	-4.600607e-001
6.052339e+001	-4.622866e-001
6.090481e+001	-4.570725e-001
6.111214e+001	-4.584708e-001
6.094940e+001	-4.739249e-001
6.122201e+001	-4.728438e-001
6.116814e+001	-4.841631e-001
6.122310e+001	-4.913487e-001
6.121275e+001	-5.010155e-001
6.137652e+001	-5.040682e-001
6.156206e+001	-5.062941e-001
6.148642e+001	-5.184402e-001
6.143254e+001	-5.297596e-001
6.150925e+001	-5.361194e-001
6.189069e+001	-5.309044e-001
6.211976e+001	-5.314768e-001
6.278415e+001	-5.155147e-001
6.296969e+001	-5.177407e-001
6.326406e+001	-5.158328e-001
6.316665e+001	-5.288057e-001
6.333043e+001	-5.318583e-001
6.347243e+001	-5.357378e-001
6.337503e+001	-5.487107e-001
6.351704e+001	-5.525901e-001
6.363729e+001	-5.572954e-001
6.369223e+001	-5.644819e-001
6.588023e+001	-4.906491e-001
6.743701e+001	-4.407916e-001
6.757902e+001	-4.446710e-001
6.804753e+001	-4.361490e-001
6.795010e+001	-4.491228e-001
6.822270e+001	-4.480417e-001
6.797293e+001	-4.668020e-001
6.822377e+001	-4.665476e-001
6.849638e+001	-4.654664e-001
6.850780e+001	-4.743055e-001
6.847570e+001	-4.847981e-001
6.863947e+001	-4.878508e-001
6.867264e+001	-4.958641e-001
6.844463e+001	-5.137976e-001
6.841253e+001	-5.242902e-001
6.848924e+001	-5.306500e-001
6.869654e+001	-5.320491e-001
6.855560e+001	-5.466755e-001
6.982944e+001	-5.075650e-001
7.378046e+001	-3.667680e-001
7.453191e+001	-3.474989e-001
7.476098e+001	-3.480713e-001
7.475062e+001	-3.577381e-001
7.508853e+001	-3.541766e-001
7.540466e+001	-3.514419e-001
7.539433e+001	-3.611078e-001
7.542750e+001	-3.691211e-001
7.552597e+001	-3.746540e-001
7.514562e+001	-3.983740e-001
7.528762e+001	-4.022534e-001
7.521199e+001	-4.143996e-001
7.559341e+001	-4.091855e-001
7.595308e+001	-4.047973e-001
7.624745e+001	-4.028894e-001
7.632418e+001	-4.092482e-001
7.624852e+001	-4.213953e-001
7.667349e+001	-4.145268e-001
7.648902e+001	-4.308068e-001
7.643515e+001	-4.421262e-001
7.640302e+001	-4.526197e-001
7.647974e+001	-4.589785e-001
7.673059e+001	-4.587241e-001
7.693789e+001	-4.601233e-001
7.688400e+001	-4.714436e-001
7.700426e+001	-4.761488e-001
7.668918e+001	-4.973895e-001
7.678766e+001	-5.029224e-001
7.686439e+001	-5.092812e-001
7.709346e+001	-5.098536e-001
7.751841e+001	-5.029860e-001
7.779102e+001	-5.019048e-001
7.812893e+001	-4.983434e-001
7.800975e+001	-5.121431e-001
7.806469e+001	-5.193296e-001
7.825023e+001	-5.215555e-001
7.819636e+001	-5.328749e-001
7.820778e+001	-5.417140e-001
7.821919e+001	-5.505540e-001
7.833943e+001	-5.552602e-001
7.839439e+001	-5.624458e-001
7.853640e+001	-5.663253e-001
7.876547e+001	-5.668976e-001
7.901631e+001	-5.666432e-001
7.909304e+001	-5.730020e-001
8.095453e+001	-5.115707e-001
8.954163e+001	-1.946828e-001
9.286143e+001	-7.786097e-002
9.332994e+001	-6.933892e-002
9.405962e+001	-5.089663e-002
9.478931e+001	-3.245434e-002
9.562783e+001	-9.878209e-003
9.500805e+001	-4.269256e-002
9.541123e+001	-3.665173e-002
9.533559e+001	-4.879791e-002
9.589115e+001	-3.696973e-002
9.638142e+001	-2.762092e-002
9.628399e+001	-4.059478e-002
9.627365e+001	-5.026065e-002
9.643743e+001	-5.331331e-002
9.655768e+001	-5.801860e-002
9.698264e+001	-5.115100e-002
9.764702e+001	-3.518900e-002
9.820260e+001	-2.335990e-002
9.784399e+001	-4.625401e-002
9.798600e+001	-5.013344e-002
9.823684e+001	-4.987905e-002
9.868358e+001	-4.218378e-002
9.921737e+001	-3.118236e-002
1.000994e+002	-6.952698e-003
1.003067e+002	-8.351829e-003
9.975224e+001	-3.868593e-002
1.005907e+002	-1.611070e-002
1.005151e+002	-2.825687e-002
1.007659e+002	-2.800249e-002
1.016045e+002	-5.426354e-003
1.013329e+002	-2.501341e-002
1.015185e+002	-2.723931e-002
1.012252e+002	-4.765313e-002
1.016284e+002	-4.161138e-002
1.019445e+002	-3.887670e-002
1.023041e+002	-3.448941e-002
1.026856e+002	-2.927441e-002
1.032847e+002	-1.579270e-002
1.035137e+002	-1.636508e-002
1.035687e+002	-2.355067e-002
1.038631e+002	-2.164274e-002
1.033304e+002	-5.115006e-002
1.036682e+002	-4.758951e-002
1.044632e+002	-2.666692e-002
1.053235e+002	-3.264014e-003
1.054002e+002	-9.623749e-003
1.054552e+002	-1.680932e-002
1.051401e+002	-3.804991e-002
1.054563e+002	-3.531523e-002
1.059683e+002	-2.514057e-002
1.057620e+002	-4.224733e-002
1.057517e+002	-5.191320e-002
1.058502e+002	-5.744617e-002
1.063622e+002	-4.727150e-002
1.069178e+002	-3.544242e-002
1.071251e+002	-3.684155e-002
1.070930e+002	-4.733419e-002
1.074526e+002	-4.294690e-002
1.079429e+002	-3.359808e-002
1.080196e+002	-3.995781e-002
1.079440e+002	-5.210399e-002
1.084560e+002	-4.192933e-002
1.078797e+002	-7.309017e-002
1.081523e+002	-7.200901e-002
1.088167e+002	-5.604700e-002
1.091764e+002	-5.165878e-002
1.097972e+002	-3.735031e-002
1.098740e+002	-4.371002e-002
1.100595e+002	-4.593504e-002
1.102668e+002	-4.733416e-002
1.104524e+002	-4.956007e-002
1.106597e+002	-5.095921e-002
1.111499e+002	-4.161132e-002
1.115967e+002	-3.391604e-002
1.114557e+002	-4.854252e-002
1.117501e+002	-4.663459e-002
1.121750e+002	-3.976699e-002
1.122953e+002	-4.447227e-002
1.124373e+002	-4.835171e-002
1.130364e+002	-3.487000e-002
1.135049e+002	-2.634796e-002
1.131245e+002	-5.006884e-002
1.136148e+002	-4.072003e-002
1.135827e+002	-5.121357e-002
1.140512e+002	-4.269154e-002
1.142150e+002	-4.574422e-002
1.147487e+002	-3.474279e-002
1.151084e+002	-3.035457e-002
1.151851e+002	-3.671430e-002
1.153054e+002	-4.141959e-002
1.152515e+002	-5.273991e-002
1.154153e+002	-5.579165e-002
1.163626e+002	-2.908261e-002
1.162434e+002	-4.288231e-002
1.169731e+002	-2.444002e-002
1.171369e+002	-2.749269e-002
1.171701e+002	-3.550595e-002
1.177474e+002	-2.285008e-002
1.173235e+002	-4.822448e-002
1.174655e+002	-5.210391e-002
1.180864e+002	-3.779453e-002
1.182502e+002	-4.084719e-002
1.188057e+002	-2.901901e-002
1.187736e+002	-3.951166e-002
1.182409e+002	-6.901896e-002
1.188400e+002	-5.553726e-002
1.195044e+002	-3.957525e-002
1.198205e+002	-3.684056e-002
1.208984e+002	-5.170937e-003
1.201263e+002	-4.377265e-002
1.204860e+002	-3.938445e-002
1.209327e+002	-3.169009e-002
1.214447e+002	-2.151452e-002
1.217391e+002	-1.960660e-002
1.215982e+002	-3.423306e-002
1.223061e+002	-1.661752e-002
1.224698e+002	-1.967019e-002
1.224595e+002	-2.933697e-002
1.231239e+002	-1.337496e-002
1.232441e+002	-1.808026e-002
1.232773e+002	-2.609351e-002
1.231799e+002	-3.906645e-002
1.231696e+002	-4.873231e-002
1.231810e+002	-5.757234e-002
1.237583e+002	-4.491739e-002
1.241615e+002	-3.887565e-002
1.241729e+002	-4.771475e-002
1.249461e+002	-2.761983e-002
1.252840e+002	-2.405840e-002
1.246207e+002	-5.852628e-002
1.247410e+002	-6.323158e-002
1.254271e+002	-4.644279e-002
1.262438e+002	-2.469434e-002
1.257547e+002	-5.254814e-002
1.269632e+002	-1.591792e-002
1.268440e+002	-2.971761e-002
1.265507e+002	-5.013143e-002
1.270192e+002	-4.161030e-002
1.276183e+002	-2.812767e-002
1.282174e+002	-1.464596e-002
1.281418e+002	-2.679214e-002
1.284796e+002	-2.323160e-002
1.282734e+002	-4.033834e-002
1.291337e+002	-1.693547e-002
1.290363e+002	-2.990840e-002
1.288518e+002	-4.618838e-002
1.291680e+002	-4.345371e-002
1.296582e+002	-3.410582e-002
1.294302e+002	-5.203933e-002
1.298116e+002	-4.682436e-002
1.307807e+002	-1.928854e-002
1.307704e+002	-2.895443e-002
1.305424e+002	-4.688796e-002
1.302926e+002	-6.564824e-002
1.306088e+002	-6.291354e-002
1.311643e+002	-5.108538e-002
1.320028e+002	-2.850923e-002
1.317748e+002	-4.644277e-002
1.320910e+002	-4.370807e-002
1.322547e+002	-4.676073e-002
1.331803e+002	-2.087757e-002
1.332353e+002	-2.806405e-002
1.331161e+002	-4.186374e-002
1.336499e+002	-3.086232e-002
1.334436e+002	-4.796909e-002
1.336292e+002	-5.019498e-002
1.342500e+002	-3.588651e-002
1.341526e+002	-4.885944e-002
1.341641e+002	-5.769855e-002
1.347849e+002	-4.339007e-002
1.350357e+002	-4.313569e-002
1.358307e+002	-2.221309e-002
1.361033e+002	-2.113193e-002
1.358318e+002	-4.071898e-002
1.363438e+002	-3.054432e-002
1.360070e+002	-5.261075e-002
1.364320e+002	-4.574316e-002
1.365957e+002	-4.879584e-002
1.374125e+002	-2.704646e-002
1.372280e+002	-4.332646e-002
1.370000e+002	-6.125998e-002
1.372726e+002	-6.017881e-002
1.385029e+002	-2.272185e-002
1.382096e+002	-4.313566e-002
1.387869e+002	-3.048071e-002
1.385589e+002	-4.841332e-002
1.386356e+002	-5.477304e-002
1.391259e+002	-4.542515e-002
1.394638e+002	-4.186372e-002
1.403459e+002	-1.763406e-002
1.404008e+002	-2.482054e-002
1.407822e+002	-1.960556e-002
1.405978e+002	-3.588555e-002
1.404786e+002	-4.968525e-002
1.404247e+002	-6.100556e-002
1.410238e+002	-4.752293e-002
1.416447e+002	-3.321446e-002
1.418520e+002	-3.461361e-002
1.419504e+002	-4.014657e-002
1.425278e+002	-2.749161e-002
1.428004e+002	-2.641046e-002
1.431600e+002	-2.202225e-002
1.423444e+002	-6.227659e-002
1.427476e+002	-5.623576e-002
1.434337e+002	-3.944698e-002
1.434016e+002	-4.993963e-002
1.439572e+002	-3.811144e-002
1.443821e+002	-3.124292e-002
1.442412e+002	-4.586939e-002
1.444485e+002	-4.726854e-002
1.448299e+002	-4.205356e-002
1.453420e+002	-3.187890e-002
1.456799e+002	-2.831744e-002
1.456913e+002	-3.715746e-002
1.459421e+002	-3.690308e-002
1.456706e+002	-5.649012e-002
1.460520e+002	-5.127514e-002
1.464987e+002	-4.357988e-002
1.467931e+002	-4.167195e-002
1.471528e+002	-3.728465e-002
1.470554e+002	-5.025759e-002
1.471103e+002	-5.744317e-002
1.479924e+002	-3.321443e-002
1.484826e+002	-2.386562e-002
1.479281e+002	-5.420061e-002
1.485490e+002	-3.989122e-002
1.486475e+002	-4.542418e-002
1.487024e+002	-5.261068e-002
1.498239e+002	-1.928752e-002
1.505971e+002	8.083053e-004
1.501732e+002	-2.456518e-002
1.500323e+002	-3.919163e-002
1.503919e+002	-3.480435e-002
1.509040e+002	-2.462877e-002
1.512854e+002	-1.941379e-002
1.509703e+002	-4.065438e-002
1.509817e+002	-4.949440e-002
1.511020e+002	-5.419969e-002
1.517229e+002	-3.989120e-002
1.518649e+002	-4.377064e-002
1.523986e+002	-3.276922e-002
1.527148e+002	-3.003453e-002
1.530309e+002	-2.729984e-002
1.525200e+002	-5.598039e-002
1.529885e+002	-4.745927e-002
1.533917e+002	-4.141753e-002
1.535119e+002	-4.612373e-002
1.542634e+002	-2.685466e-002
1.543836e+002	-3.156086e-002
1.549609e+002	-1.890499e-002
1.549288e+002	-2.939855e-002
1.554409e+002	-1.922298e-002
1.556264e+002	-2.144888e-002
1.551154e+002	-5.012943e-002
1.553228e+002	-5.152856e-002
1.563571e+002	-2.151248e-002
1.566733e+002	-1.877779e-002
1.569677e+002	-1.686986e-002
1.566961e+002	-3.645691e-002
1.567511e+002	-4.364342e-002
1.570672e+002	-4.090873e-002
1.571874e+002	-4.561492e-002
1.577212e+002	-3.461258e-002
1.576674e+002	-4.593198e-002
1.578094e+002	-4.981142e-002
1.584085e+002	-3.632971e-002
1.584199e+002	-4.516881e-002
1.585619e+002	-4.904824e-002
1.590304e+002	-4.052713e-002
1.595860e+002	-2.869803e-002
1.593144e+002	-4.828507e-002
1.593476e+002	-5.629833e-002
1.598596e+002	-4.612277e-002
1.603064e+002	-3.842841e-002
1.609054e+002	-2.494670e-002
1.610910e+002	-2.717169e-002
1.611895e+002	-3.270465e-002
1.615927e+002	-2.666290e-002
1.615823e+002	-3.632970e-002
1.617243e+002	-4.020912e-002
1.617793e+002	-4.739470e-002
1.623784e+002	-3.391299e-002
1.627598e+002	-2.869802e-002
1.631848e+002	-2.183042e-002
1.630656e+002	-3.563011e-002
1.627723e+002	-5.604393e-002
1.628055e+002	-6.405627e-002
1.637093e+002	-3.900076e-002
1.640254e+002	-3.626608e-002
1.643416e+002	-3.353140e-002
1.645706e+002	-3.410377e-002
1.651915e+002	-1.979529e-002
1.653553e+002	-2.284704e-002
1.650620e+002	-4.326086e-002
1.654652e+002	-3.722003e-002
1.655201e+002	-4.440562e-002
1.663151e+002	-2.348302e-002
1.664789e+002	-2.653568e-002
1.663597e+002	-4.033537e-002
1.663929e+002	-4.834862e-002
1.662084e+002	-6.462862e-002
1.665899e+002	-5.941364e-002
1.664054e+002	-7.569364e-002
1.673745e+002	-4.815782e-002
1.681477e+002	-2.806201e-002
1.680938e+002	-3.938140e-002
1.682141e+002	-4.408761e-002
1.681167e+002	-5.706053e-002
1.689552e+002	-3.448441e-002
1.696631e+002	-1.686888e-002
1.695657e+002	-2.984273e-002
1.702083e+002	-1.470749e-002
1.705462e+002	-1.114604e-002
1.703400e+002	-2.825278e-002
1.701337e+002	-4.535954e-002
1.704934e+002	-4.097132e-002
1.708966e+002	-3.492958e-002
1.709515e+002	-4.211608e-002
1.717030e+002	-2.284701e-002
1.718450e+002	-2.672644e-002
1.715299e+002	-4.796611e-002
1.717808e+002	-4.771172e-002
1.719663e+002	-4.993761e-002
1.721301e+002	-5.299029e-002
1.726203e+002	-4.364240e-002
1.733936e+002	-2.354657e-002
1.731003e+002	-4.396038e-002
1.734164e+002	-4.122569e-002
1.731666e+002	-5.998597e-002
1.737440e+002	-4.733011e-002
1.740819e+002	-4.376958e-002
1.747027e+002	-2.946019e-002
1.753671e+002	-1.349819e-002
1.750956e+002	-3.308523e-002
1.748023e+002	-5.349906e-002
1.748572e+002	-6.068554e-002
1.758046e+002	-3.397560e-002
1.757507e+002	-4.529499e-002
1.760233e+002	-4.421385e-002
1.765353e+002	-3.403917e-002
1.764814e+002	-4.535858e-002
1.765146e+002	-5.337183e-002
1.771572e+002	-3.823659e-002
1.774516e+002	-3.632869e-002
1.773542e+002	-4.930161e-002
1.781927e+002	-2.672550e-002
1.786830e+002	-1.737761e-002
1.785856e+002	-3.035053e-002
1.788799e+002	-2.844261e-002
1.791526e+002	-2.736146e-002
1.794252e+002	-2.628031e-002
1.798501e+002	-1.941271e-002
1.799921e+002	-2.329122e-002
1.802865e+002	-2.138421e-002
1.797973e+002	-4.923799e-002
1.800264e+002	-4.981037e-002
1.805602e+002	-3.880805e-002
1.810722e+002	-2.863340e-002
1.814536e+002	-2.341843e-002
1.815956e+002	-2.729785e-002
1.821512e+002	-1.546968e-002
1.818796e+002	-3.505674e-002
1.820652e+002	-3.728173e-002
1.817501e+002	-5.852231e-002
1.815874e+002	-7.397553e-002
1.824912e+002	-4.892003e-002
1.829379e+002	-4.122477e-002
1.833194e+002	-3.600980e-002
1.838749e+002	-2.418161e-002
1.839952e+002	-2.888782e-002
1.839195e+002	-4.103397e-002
1.839309e+002	-4.987400e-002
1.839423e+002	-5.871311e-002
1.839102e+002	-6.920575e-002
1.844440e+002	-5.820435e-002
1.848255e+002	-5.298938e-002
1.852939e+002	-4.446823e-002
1.857189e+002	-3.759975e-002
1.860133e+002	-3.569183e-002
1.861770e+002	-3.874450e-002
1.866020e+002	-3.187691e-002
1.866134e+002	-4.071601e-002
1.871690e+002	-2.888785e-002
1.875286e+002	-2.449963e-002
1.877359e+002	-2.589877e-002
1.878127e+002	-3.225760e-002
1.878241e+002	-4.109761e-002
1.878137e+002	-5.076350e-002
1.886087e+002	-2.984182e-002
1.886854e+002	-3.620062e-002
1.883921e+002	-5.661445e-002
1.892089e+002	-3.486510e-002
1.897644e+002	-2.303691e-002
1.897976e+002	-3.104927e-002
1.901790e+002	-2.583520e-002
1.902557e+002	-3.219401e-002
1.909419e+002	-1.540523e-002
1.910404e+002	-2.093821e-002
1.911171e+002	-2.729795e-002
1.910850e+002	-3.779058e-002
1.915099e+002	-3.092208e-002
1.915866e+002	-3.728181e-002
1.914239e+002	-5.273504e-002
1.915224e+002	-5.826800e-002
1.918821e+002	-5.387980e-002
1.922200e+002	-5.031835e-002
1.928408e+002	-3.600987e-002
1.930481e+002	-3.740901e-002
1.932119e+002	-4.046168e-002
1.937239e+002	-3.028615e-002
1.943883e+002	-1.432413e-002
1.940950e+002	-3.473794e-002
1.942588e+002	-3.779061e-002
1.939872e+002	-5.737764e-002
1.942598e+002	-5.629652e-002
1.948154e+002	-4.446741e-002
1.954145e+002	-3.098570e-002
1.960353e+002	-1.667725e-002
1.960467e+002	-2.551635e-002
1.961452e+002	-3.104932e-002
1.966137e+002	-2.252728e-002
1.971040e+002	-1.317938e-002
1.970501e+002	-2.449881e-002
1.969309e+002	-3.829941e-002
1.975300e+002	-2.481679e-002
1.977373e+002	-2.621595e-002
1.980534e+002	-2.348126e-002
1.980431e+002	-3.314804e-002
1.983592e+002	-3.041336e-002
1.985883e+002	-3.098573e-002
1.989697e+002	-2.577076e-002
1.989593e+002	-3.543755e-002
1.999502e+002	-7.074077e-003
1.997222e+002	-2.500760e-002
1.996030e+002	-3.880731e-002
1.994621e+002	-5.343376e-002
1.993647e+002	-6.640761e-002
2.008562e+002	-1.902947e-002
2.008893e+002	-2.704273e-002
2.006613e+002	-4.497626e-002
2.007163e+002	-5.216182e-002
2.016854e+002	-2.462604e-002
2.012179e+002	-5.165306e-002
2.012294e+002	-6.049308e-002
2.014367e+002	-6.189223e-002
2.020140e+002	-4.923726e-002
2.021560e+002	-5.311581e-002
2.024286e+002	-5.203466e-002
2.032018e+002	-3.193974e-002
2.034744e+002	-3.085859e-002
2.038341e+002	-2.647038e-002
2.038673e+002	-3.448273e-002
2.040963e+002	-3.505509e-002
2.044777e+002	-2.984103e-002
2.052945e+002	-8.091697e-003
2.051753e+002	-2.189139e-002
2.053391e+002	-2.494405e-002
2.055681e+002	-2.551644e-002
2.058190e+002	-2.526205e-002
2.060481e+002	-2.583442e-002
2.063424e+002	-2.392651e-002
2.067021e+002	-1.953829e-002
2.069094e+002	-2.093744e-002
2.071820e+002	-1.985629e-002
2.075199e+002	-1.629484e-002
2.075095e+002	-2.596164e-002
2.073904e+002	-3.976133e-002
2.076630e+002	-3.868018e-002
2.078050e+002	-4.255962e-002
2.083170e+002	-3.238405e-002
2.086985e+002	-2.716908e-002
2.088840e+002	-2.939499e-002
2.091784e+002	-2.748707e-002
2.093203e+002	-3.136652e-002
2.098977e+002	-1.871155e-002
2.098220e+002	-3.085773e-002
2.105082e+002	-1.406895e-002
2.106502e+002	-1.794838e-002
2.113363e+002	-1.159638e-003
2.113913e+002	-8.345224e-003
2.109456e+002	-3.454639e-002
2.110876e+002	-3.842581e-002
2.110555e+002	-4.891846e-002
2.108928e+002	-6.437167e-002
2.118401e+002	-3.766264e-002
2.117645e+002	-4.980881e-002
2.116671e+002	-6.278176e-002
2.122009e+002	-5.178034e-002
2.127347e+002	-4.077800e-002
2.128114e+002	-4.713774e-002
2.139111e+002	-1.464134e-002
2.140313e+002	-1.934754e-002
2.134551e+002	-5.050839e-002
2.143589e+002	-2.545197e-002
2.146097e+002	-2.519759e-002
2.146864e+002	-3.155732e-002
2.146543e+002	-4.204996e-002
2.145787e+002	-5.419612e-002
2.153736e+002	-3.327443e-002
2.156463e+002	-3.219328e-002
2.161801e+002	-2.119096e-002
2.161261e+002	-3.251127e-002
2.164423e+002	-2.977660e-002
2.167149e+002	-2.869544e-002
2.169875e+002	-2.761428e-002
2.170207e+002	-3.562663e-002
2.175327e+002	-2.545197e-002
2.177618e+002	-2.602435e-002
2.182520e+002	-1.667646e-002
2.185246e+002	-1.559530e-002
2.187537e+002	-1.616769e-002
2.185692e+002	-3.244767e-002
2.189071e+002	-2.888623e-002
2.190274e+002	-3.359151e-002
2.187123e+002	-5.483210e-002
2.191808e+002	-4.631097e-002
2.198670e+002	-2.952220e-002
2.194431e+002	-5.489571e-002
2.193892e+002	-6.621510e-002
2.199665e+002	-5.356016e-002
2.200650e+002	-5.909313e-002
2.208382e+002	-3.899730e-002
2.214373e+002	-2.551557e-002
2.214052e+002	-3.600821e-002
2.216125e+002	-3.740735e-002
2.216457e+002	-4.542061e-002
2.220489e+002	-3.937887e-002
2.218862e+002	-5.483211e-002
2.224852e+002	-4.135040e-002
2.226708e+002	-4.357629e-002
2.228998e+002	-4.414866e-002
2.233248e+002	-3.728017e-002
2.237280e+002	-3.123842e-002
2.238918e+002	-3.429109e-002
2.242950e+002	-2.824935e-002
2.244152e+002	-3.295555e-002
2.242961e+002	-4.675525e-002
2.248081e+002	-3.658060e-002
2.256031e+002	-1.565801e-002
2.258104e+002	-1.705714e-002
2.254300e+002	-4.077800e-002
2.254197e+002	-5.044388e-002
2.257793e+002	-4.605568e-002
2.262043e+002	-3.918809e-002
2.264116e+002	-4.058723e-002
2.269019e+002	-3.123843e-002
2.271527e+002	-3.098403e-002
2.274035e+002	-3.072965e-002
2.277850e+002	-2.551467e-002
2.274264e+002	-4.840879e-002
2.277207e+002	-4.650087e-002
2.276886e+002	-5.699352e-002
2.283530e+002	-4.103150e-002
2.287997e+002	-3.333714e-002
2.296818e+002	-9.107486e-003
2.299326e+002	-8.853088e-003
2.301835e+002	-8.598702e-003
2.299772e+002	-2.570547e-002
2.305545e+002	-1.305051e-002
2.304571e+002	-2.602345e-002
2.302291e+002	-4.395697e-002
2.305235e+002	-4.204904e-002
2.311226e+002	-2.856737e-002
2.316128e+002	-1.921947e-002
2.319290e+002	-1.648479e-002
2.317009e+002	-3.441831e-002
2.321259e+002	-2.754980e-002
2.327468e+002	-1.324133e-002
2.327800e+002	-2.125366e-002
2.326608e+002	-3.505428e-002
2.331510e+002	-2.570547e-002
2.333366e+002	-2.793137e-002
2.340010e+002	-1.196937e-002
2.337730e+002	-2.990289e-002
2.339803e+002	-3.130202e-002
2.341658e+002	-3.352793e-002
2.340684e+002	-4.650086e-002
2.348851e+002	-2.475153e-002
2.353536e+002	-1.622950e-002
2.348862e+002	-4.325742e-002
2.353112e+002	-3.638891e-002
2.351049e+002	-5.349568e-002
2.356170e+002	-4.332102e-002
2.360637e+002	-3.562574e-002
2.362710e+002	-3.702489e-002
2.368483e+002	-2.436992e-002
2.364027e+002	-5.057018e-002
2.360876e+002	-7.181076e-002
2.374050e+002	-3.104674e-002
2.373946e+002	-4.071352e-002
2.373407e+002	-5.203291e-002
2.377657e+002	-4.516533e-002
2.386042e+002	-2.258919e-002
2.384850e+002	-3.638891e-002
2.385399e+002	-4.357542e-002
2.389649e+002	-3.670690e-002
2.394117e+002	-2.901163e-002
2.395754e+002	-3.206430e-002
2.398262e+002	-3.180991e-002
2.398159e+002	-4.147670e-002
2.394355e+002	-6.519666e-002
