    nm         	pN
0.000000e+000	3.562068e+002
-8.327277e-002	3.514630e+002
-2.790977e-003	3.490918e+002
-2.056843e-002	3.452970e+002
7.629054e-002	3.431630e+002
-8.886814e-002	3.372328e+002
-9.026458e-002	3.336753e+002
-1.080420e-001	3.298805e+002
-1.258099e-001	3.260857e+002
-1.272121e-001	3.225281e+002
-1.613610e-001	3.184961e+002
-1.791327e-001	3.147013e+002
-2.624131e-001	3.099574e+002
-1.655542e-001	3.078235e+002
-2.488288e-001	3.030797e+002
-1.847281e-001	3.004711e+002
-2.188770e-001	2.964391e+002
-3.021516e-001	2.916953e+002
-3.363025e-001	2.876632e+002
-3.376970e-001	2.841057e+002
-3.390992e-001	2.805481e+002
-3.241185e-001	2.772279e+002
-3.582712e-001	2.731957e+002
-5.070469e-001	2.675029e+002
-6.394493e-001	2.620473e+002
-6.572268e-001	2.582524e+002
-6.258727e-001	2.551694e+002
-6.763968e-001	2.509001e+002
-5.959150e-001	2.485289e+002
-5.318143e-001	2.459204e+002
-6.478433e-001	2.407020e+002
-4.691080e-001	2.397543e+002
-5.032607e-001	2.357222e+002
-5.210286e-001	2.319275e+002
-5.388051e-001	2.281327e+002
-7.039542e-001	2.222026e+002
-6.889840e-001	2.188822e+002
-6.903785e-001	2.153247e+002
-7.736590e-001	2.105808e+002
-8.733060e-001	2.055998e+002
-9.893342e-001	2.003814e+002
-8.269732e-001	1.991965e+002
-8.283773e-001	1.956389e+002
-6.660172e-001	1.944540e+002
-7.820453e-001	1.892356e+002
-6.688139e-001	1.873389e+002
-7.029647e-001	1.833068e+002
-5.406047e-001	1.821219e+002
-4.928706e-001	1.792762e+002
-6.088997e-001	1.740579e+002
-5.447979e-001	1.714493e+002
-5.134457e-001	1.683663e+002
-4.984669e-001	1.650460e+002
-4.671138e-001	1.619630e+002
-5.012636e-001	1.579309e+002
-6.336660e-001	1.524753e+002
-4.058030e-001	1.522395e+002
-2.925726e-001	1.503427e+002
-4.086084e-001	1.451242e+002
-6.556357e-001	1.380079e+002
-5.424062e-001	1.361111e+002
-6.256781e-001	1.313674e+002
-7.089508e-001	1.266236e+002
-4.647126e-001	1.266250e+002
-6.134960e-001	1.209320e+002
-6.149001e-001	1.173744e+002
-5.507916e-001	1.147660e+002
-4.703098e-001	1.123947e+002
-4.717121e-001	1.088371e+002
-4.567255e-001	1.055170e+002
-4.417544e-001	1.021966e+002
-5.414005e-001	9.721560e+001
-3.135529e-001	9.697952e+001
-1.348118e-001	9.603195e+001
6.030451e-002	9.532162e+001
9.780354e-003	9.105230e+001
-4.074380e-002	8.678299e+001
2.853631e-001	8.797055e+001
1.529684e-001	8.251505e+001
2.825741e-001	8.085556e+001
3.139186e-001	7.777243e+001
6.727894e-001	7.943467e+001
6.222634e-001	7.516536e+001
7.846157e-001	7.398033e+001
7.504802e-001	6.994848e+001
7.818267e-001	6.686534e+001
7.968132e-001	6.354520e+001
9.591636e-001	6.236016e+001
9.905100e-001	5.927703e+001
1.005496e+000	5.595688e+001
1.069605e+000	5.334844e+001
1.035454e+000	4.931636e+001
1.034052e+000	4.575875e+001
1.180031e+000	4.433650e+001
1.014888e+000	3.840653e+001
1.078981e+000	3.579786e+001
1.126716e+000	3.295219e+001
1.223571e+000	3.081822e+001
1.254917e+000	2.773509e+001
1.417285e+000	2.655028e+001
1.596011e+000	2.560249e+001
1.758378e+000	2.441769e+001
1.707854e+000	2.014838e+001
1.804709e+000	1.801440e+001
1.852429e+000	1.516851e+001
1.883789e+000	1.208559e+001
1.980646e+000	9.951625e+000
2.061128e+000	7.580422e+000
2.272618e+000	7.107326e+000
2.172956e+000	2.126080e+000
2.777467e+000	7.347314e+000
3.103574e+000	8.534866e+000
3.184056e+000	6.163663e+000
3.215418e+000	3.080751e+000
3.639784e+000	5.691942e+000
3.933142e+000	6.405026e+000
4.259267e+000	7.592803e+000
4.110481e+000	1.899851e+000
4.109079e+000	-1.657750e+000
4.074928e+000	-5.689829e+000
4.270045e+000	-6.400159e+000
4.285031e+000	-9.720309e+000
4.512879e+000	-9.956392e+000
4.871750e+000	-8.294144e+000
4.984980e+000	-1.019088e+001
4.623320e+000	-1.896811e+001
4.589169e+000	-2.300019e+001
4.980787e+000	-2.086347e+001
5.061271e+000	-2.323468e+001
4.863363e+000	-2.963934e+001
5.254983e+000	-2.750261e+001
5.237205e+000	-3.129746e+001
5.350436e+000	-3.319419e+001
5.529177e+000	-3.414176e+001
5.609660e+000	-3.651297e+001
5.526372e+000	-4.125697e+001
5.655991e+000	-4.291625e+001
5.670962e+000	-4.623662e+001
5.833330e+000	-4.742142e+001
6.192186e+000	-4.575940e+001
6.436424e+000	-4.575802e+001
6.615165e+000	-4.670558e+001
6.466382e+000	-5.239854e+001
6.645123e+000	-5.334611e+001
6.643721e+000	-5.690371e+001
6.937079e+000	-5.619063e+001
7.099446e+000	-5.737543e+001
7.114418e+000	-6.069580e+001
7.342281e+000	-6.093166e+001
7.259010e+000	-6.567544e+001
7.290355e+000	-6.875858e+001
7.452722e+000	-6.994339e+001
7.451320e+000	-7.350099e+001
7.679183e+000	-7.373685e+001
7.645032e+000	-7.776893e+001
7.578133e+000	-8.227548e+001
7.642243e+000	-8.488392e+001
8.148477e+000	-8.108655e+001
8.441853e+000	-8.037325e+001
8.686090e+000	-8.037188e+001
9.012199e+000	-7.918431e+001
8.830665e+000	-8.535174e+001
9.025781e+000	-8.606207e+001
9.106262e+000	-8.843327e+001
9.366874e+000	-8.819467e+001
9.905875e+000	-8.392260e+001
9.937235e+000	-8.700551e+001
1.024697e+001	-8.605519e+001
1.065496e+001	-8.368124e+001
1.075182e+001	-8.581520e+001
1.127444e+001	-8.178037e+001
1.135493e+001	-8.415157e+001
1.161554e+001	-8.391296e+001
1.140126e+001	-9.055486e+001
1.164550e+001	-9.055348e+001
1.170960e+001	-9.316192e+001
1.195384e+001	-9.316055e+001
1.185418e+001	-9.814179e+001
1.209842e+001	-9.814042e+001
1.267018e+001	-9.339366e+001
1.263603e+001	-9.742573e+001
1.289664e+001	-9.718713e+001
1.309174e+001	-9.789768e+001
1.305759e+001	-1.019298e+002
1.289245e+001	-1.078597e+002
1.331681e+001	-1.052485e+002
1.369206e+001	-1.033490e+002
1.369065e+001	-1.069067e+002
1.440978e+001	-1.000248e+002
1.509616e+001	-9.361736e+001
1.535679e+001	-9.337852e+001
1.589579e+001	-8.910646e+001
1.656580e+001	-8.293628e+001
1.656439e+001	-8.649390e+001
1.671037e+001	-8.791615e+001
1.715113e+001	-8.506750e+001
1.744449e+001	-8.435442e+001
1.803261e+001	-7.937064e+001
1.907926e+001	-6.774337e+001
1.935625e+001	-6.726753e+001
1.986250e+001	-6.346994e+001
2.130216e+001	-4.614857e+001
2.236519e+001	-3.428406e+001
2.259305e+001	-3.451993e+001
2.277178e+001	-3.546771e+001
2.245924e+001	-4.353325e+001
2.301461e+001	-3.902394e+001
2.320973e+001	-3.973427e+001
2.273343e+001	-5.017239e+001
2.261741e+001	-5.539065e+001
2.304178e+001	-5.277945e+001
2.330239e+001	-5.254084e+001
2.371038e+001	-5.016689e+001
2.444590e+001	-4.304754e+001
2.500127e+001	-3.853825e+001
2.516363e+001	-3.972327e+001
2.504761e+001	-4.494153e+001
2.534096e+001	-4.422844e+001
2.543782e+001	-4.636241e+001
2.566568e+001	-4.659827e+001
2.564791e+001	-5.039312e+001
2.657993e+001	-4.042672e+001
2.654578e+001	-4.445880e+001
2.685551e+001	-4.350848e+001
2.716526e+001	-4.255794e+001
2.739312e+001	-4.279380e+001
2.737535e+001	-4.658864e+001
2.766871e+001	-4.587556e+001
2.814221e+001	-4.255243e+001
2.855020e+001	-4.017848e+001
2.846693e+001	-4.492226e+001
2.831815e+001	-5.061521e+001
2.838226e+001	-5.322365e+001
2.879025e+001	-5.084970e+001
2.865784e+001	-5.630542e+001
2.898396e+001	-5.511764e+001
2.942470e+001	-5.226921e+001
2.957068e+001	-5.369147e+001
2.943828e+001	-5.914697e+001
2.956789e+001	-6.080646e+001
2.973024e+001	-6.199149e+001
3.015462e+001	-5.938007e+001
3.038249e+001	-5.961593e+001
3.079048e+001	-5.724198e+001
3.034694e+001	-6.720562e+001
3.036190e+001	-7.052599e+001
3.057339e+001	-7.099909e+001
3.103052e+001	-6.791320e+001
3.111101e+001	-7.028440e+001
3.124061e+001	-7.194390e+001
3.177961e+001	-6.767183e+001
3.167995e+001	-7.265308e+001
3.190781e+001	-7.288894e+001
3.197192e+001	-7.549738e+001
3.215066e+001	-7.644495e+001
3.188724e+001	-8.379877e+001
3.244262e+001	-7.928947e+001
3.281786e+001	-7.738998e+001
3.486344e+001	-5.128977e+001
3.525506e+001	-4.915306e+001
3.513902e+001	-5.437153e+001
3.531776e+001	-5.531910e+001
3.590588e+001	-5.033533e+001
3.654314e+001	-4.463963e+001
3.614872e+001	-5.389156e+001
3.690061e+001	-4.653498e+001
3.666996e+001	-5.341411e+001
3.622641e+001	-6.337775e+001
3.648702e+001	-6.313914e+001
3.640375e+001	-6.788294e+001
3.717200e+001	-6.028934e+001
3.733437e+001	-6.147415e+001
3.772598e+001	-5.933742e+001
3.816672e+001	-5.648899e+001
3.868935e+001	-5.245416e+001
3.885170e+001	-5.363919e+001
3.901407e+001	-5.482400e+001
3.879979e+001	-6.146589e+001
3.955167e+001	-5.410954e+001
4.012341e+001	-4.936300e+001
3.972901e+001	-5.861471e+001
3.997324e+001	-5.861333e+001
4.025023e+001	-5.813748e+001
4.062547e+001	-5.623800e+001
4.088608e+001	-5.599939e+001
4.093382e+001	-5.884507e+001
4.053941e+001	-6.809678e+001
4.124216e+001	-6.145214e+001
4.163378e+001	-5.931541e+001
4.132124e+001	-6.738094e+001
4.161460e+001	-6.666786e+001
4.200622e+001	-6.453114e+001
4.243059e+001	-6.191994e+001
4.190517e+001	-7.306977e+001
4.242780e+001	-6.903493e+001
4.236090e+001	-7.354149e+001
4.304728e+001	-6.713408e+001
4.325877e+001	-6.760717e+001
4.368314e+001	-6.499598e+001
4.374725e+001	-6.760442e+001
4.394235e+001	-6.831497e+001
4.417021e+001	-6.855083e+001
4.369391e+001	-7.898895e+001
4.415104e+001	-7.590305e+001
4.426428e+001	-7.779979e+001
4.457401e+001	-7.684947e+001
4.503114e+001	-7.376359e+001
4.530812e+001	-7.328774e+001
4.543773e+001	-7.494723e+001
4.558372e+001	-7.636927e+001
4.510743e+001	-8.680739e+001
4.508965e+001	-9.060223e+001
4.525200e+001	-9.178726e+001
4.561088e+001	-9.012500e+001
4.590423e+001	-8.941192e+001
4.632862e+001	-8.680051e+001
4.678573e+001	-8.371485e+001
4.666971e+001	-8.893310e+001
4.632442e+001	-9.747311e+001
4.665053e+001	-9.628556e+001
4.674738e+001	-9.841952e+001
4.668049e+001	-1.029261e+002
4.746513e+001	-9.509503e+001
4.800413e+001	-9.082296e+001
4.854313e+001	-8.655089e+001
4.844346e+001	-9.153214e+001
4.829469e+001	-9.722487e+001
4.832604e+001	-1.003080e+002
4.855390e+001	-1.005439e+002
4.874902e+001	-1.012542e+002
4.869850e+001	-1.055235e+002
4.858246e+001	-1.107420e+002
4.863019e+001	-1.135877e+002
4.890718e+001	-1.131118e+002
4.915142e+001	-1.131104e+002
4.942840e+001	-1.126346e+002
4.965626e+001	-1.128705e+002
4.960574e+001	-1.171398e+002
5.052139e+001	-1.074106e+002
5.332022e+001	-7.039665e+001
5.444876e+001	-5.758299e+001
5.542990e+001	-4.690489e+001
5.608352e+001	-4.097217e+001
5.632776e+001	-4.097080e+001
5.644101e+001	-4.286731e+001
5.770054e+001	-2.815576e+001
5.765001e+001	-3.242507e+001
5.786149e+001	-3.289839e+001
5.838411e+001	-2.886356e+001
5.834996e+001	-3.289563e+001
5.895447e+001	-2.767440e+001
5.898582e+001	-3.075754e+001
5.916456e+001	-3.170511e+001
5.950706e+001	-3.028009e+001
5.948928e+001	-3.407494e+001
6.047042e+001	-2.339684e+001
6.102579e+001	-1.888754e+001
6.090976e+001	-2.410601e+001
6.141601e+001	-2.030842e+001
6.169301e+001	-1.983235e+001
6.195362e+001	-1.959374e+001
6.206685e+001	-2.149047e+001
6.275323e+001	-1.508306e+001
6.288284e+001	-1.674256e+001
6.248843e+001	-2.599427e+001
6.292917e+001	-2.314584e+001
6.351729e+001	-1.816207e+001
6.341764e+001	-2.314309e+001
6.380926e+001	-2.100637e+001
6.428277e+001	-1.768325e+001
6.444512e+001	-1.886827e+001
6.478761e+001	-1.744326e+001
6.486810e+001	-1.981446e+001
6.501408e+001	-2.123672e+001
6.519280e+001	-2.218452e+001
6.566631e+001	-1.886139e+001
6.594329e+001	-1.838555e+001
6.589277e+001	-2.265486e+001
6.577675e+001	-2.787312e+001
6.552970e+001	-3.498971e+001
6.610146e+001	-3.024295e+001
6.700072e+001	-2.075125e+001
6.747423e+001	-1.742812e+001
6.735819e+001	-2.264660e+001
6.719304e+001	-2.857679e+001
6.773203e+001	-2.430473e+001
6.804179e+001	-2.335418e+001
6.790938e+001	-2.880990e+001
6.792436e+001	-3.213005e+001
6.875812e+001	-2.358729e+001
6.857659e+001	-2.975472e+001
6.885357e+001	-2.927887e+001
6.877031e+001	-3.402265e+001
6.855602e+001	-4.066455e+001
6.906226e+001	-3.686718e+001
6.996153e+001	-2.737526e+001
7.032040e+001	-2.571301e+001
7.059739e+001	-2.523716e+001
7.113638e+001	-2.096509e+001
7.120050e+001	-2.357354e+001
7.131373e+001	-2.547027e+001
7.131232e+001	-2.902788e+001
7.145830e+001	-3.045014e+001
7.130953e+001	-3.614287e+001
7.147189e+001	-3.732789e+001
7.217464e+001	-3.068324e+001
7.253351e+001	-2.902100e+001
7.266311e+001	-3.068049e+001
7.284186e+001	-3.162806e+001
7.311884e+001	-3.115222e+001
7.334670e+001	-3.138807e+001
7.316518e+001	-3.755550e+001
7.367142e+001	-3.375790e+001
7.335888e+001	-4.182343e+001
7.373413e+001	-3.992395e+001
7.422400e+001	-3.636359e+001
7.432087e+001	-3.849756e+001
7.479435e+001	-3.517466e+001
7.505496e+001	-3.493605e+001
7.531558e+001	-3.469744e+001
7.493754e+001	-4.371191e+001
7.482152e+001	-4.893017e+001
7.526226e+001	-4.608174e+001
7.594864e+001	-3.967433e+001
7.599638e+001	-4.252001e+001
7.570021e+001	-5.034831e+001
7.623921e+001	-4.607624e+001
7.672909e+001	-4.251588e+001
7.661305e+001	-4.773436e+001
7.697192e+001	-4.607211e+001
7.719979e+001	-4.630797e+001
7.646148e+001	-6.054231e+001
7.677123e+001	-5.959176e+001
7.745761e+001	-5.318435e+001
7.791472e+001	-5.009869e+001
7.788057e+001	-5.413076e+001
7.814118e+001	-5.389215e+001
7.815617e+001	-5.721230e+001
7.794188e+001	-6.385442e+001
7.812061e+001	-6.480198e+001
7.908538e+001	-5.436112e+001
7.944426e+001	-5.269887e+001
8.044177e+001	-4.178353e+001
8.114453e+001	-3.513889e+001
8.174904e+001	-2.991766e+001
8.222253e+001	-2.659476e+001
8.204099e+001	-3.276218e+001
8.146645e+001	-4.462371e+001
8.185808e+001	-4.248699e+001
8.221693e+001	-4.082496e+001
8.182252e+001	-5.007668e+001
8.227965e+001	-4.699079e+001
8.260576e+001	-4.580323e+001
8.322665e+001	-4.034476e+001
8.370013e+001	-3.702186e+001
8.419001e+001	-3.346150e+001
8.409036e+001	-3.844253e+001
8.449835e+001	-3.606857e+001
8.479171e+001	-3.535549e+001
8.444643e+001	-4.389549e+001
8.442865e+001	-4.769033e+001
8.527878e+001	-3.891034e+001
8.519551e+001	-4.365413e+001
8.532512e+001	-4.531363e+001
8.542197e+001	-4.744759e+001
8.566621e+001	-4.744622e+001
8.617246e+001	-4.364862e+001
8.658046e+001	-4.127467e+001
8.652993e+001	-4.554398e+001
8.638115e+001	-5.123693e+001
8.651077e+001	-5.289621e+001
8.677138e+001	-5.265760e+001
8.716300e+001	-5.052088e+001
8.906117e+001	-2.655623e+001
9.017332e+001	-1.398002e+001
9.053219e+001	-1.231778e+001
9.138233e+001	-3.537783e+000
9.190496e+001	4.970426e-001
9.131403e+001	-1.160194e+001
9.167290e+001	-9.939691e+000
9.168789e+001	-1.325984e+001
9.170286e+001	-1.658021e+001
9.274951e+001	-4.952943e+000
9.310836e+001	-3.290916e+000
9.333623e+001	-3.526778e+000
9.308920e+001	-1.064314e+001
9.374283e+001	-4.710205e+000
9.403620e+001	-3.997120e+000
9.408393e+001	-6.842798e+000
9.411527e+001	-9.925935e+000
9.475253e+001	-4.230229e+000
9.519327e+001	-1.381801e+000
9.561764e+001	1.229387e+000
9.564900e+001	-1.853522e+000
9.509082e+001	-1.347803e+001
9.495842e+001	-1.893353e+001
9.559568e+001	-1.323783e+001
9.621655e+001	-7.779582e+000
9.650993e+001	-7.066277e+000
9.644302e+001	-1.157305e+001
9.696564e+001	-7.538219e+000
9.725902e+001	-6.824914e+000
9.747049e+001	-7.298231e+000
9.791125e+001	-4.449582e+000
9.854849e+001	1.245896e+000
9.803944e+001	-9.666683e+000
9.779242e+001	-1.678305e+001
9.790565e+001	-1.867979e+001
9.891954e+001	-7.527210e+000
9.909828e+001	-8.474778e+000
9.921151e+001	-1.037151e+001
9.979964e+001	-5.387741e+000
1.002404e+002	-2.539088e+000
1.003372e+002	-4.673057e+000
9.994282e+001	-1.392499e+001
1.001216e+002	-1.487256e+001
1.005623e+002	-1.202413e+001
1.005445e+002	-1.581897e+001
1.008051e+002	-1.558036e+001
1.012131e+002	-1.320618e+001
1.016211e+002	-1.083222e+001
1.019309e+002	-9.881907e+000
1.020605e+002	-1.154140e+001
1.022228e+002	-1.272621e+001
1.032204e+002	-1.810873e+000
1.033663e+002	-3.233133e+000
1.031357e+002	-1.011226e+001
1.029869e+002	-1.580521e+001
1.044593e+002	1.990848e+000
1.044579e+002	-1.566756e+000
1.039980e+002	-1.176763e+001
1.043896e+002	-9.630914e+000
1.046994e+002	-8.680372e+000
1.047307e+002	-1.176350e+001
1.051223e+002	-9.626785e+000
1.053011e+002	-1.057435e+001
1.058564e+002	-6.065052e+000
1.057732e+002	-1.080884e+001
1.056080e+002	-1.673903e+001
1.052791e+002	-2.504179e+001
1.060965e+002	-1.673627e+001
1.067010e+002	-1.151526e+001
1.066177e+002	-1.625905e+001
1.072386e+002	-1.080058e+001
1.074501e+002	-1.127390e+001
1.079563e+002	-7.476307e+000
1.080532e+002	-9.610275e+000
1.083629e+002	-8.659733e+000
1.086072e+002	-8.658358e+000
1.089333e+002	-7.470802e+000
1.094723e+002	-3.198735e+000
1.099130e+002	-3.500860e-001
1.092730e+002	-1.316078e+001
1.097137e+002	-1.031235e+001
1.099416e+002	-1.054821e+001
1.101694e+002	-1.078407e+001
1.101189e+002	-1.505339e+001
1.108544e+002	-7.934269e+000
1.114753e+002	-2.475800e+000
1.112774e+002	-8.880461e+000
1.115216e+002	-8.879082e+000
1.122244e+002	-2.234437e+000
1.124359e+002	-2.707533e+000
1.119596e+002	-1.314565e+001
1.128588e+002	-3.653947e+000
1.128574e+002	-7.211554e+000
1.131508e+002	-6.498249e+000
1.132641e+002	-8.394981e+000
1.133773e+002	-1.029172e+001
1.137525e+002	-8.392230e+000
1.137347e+002	-1.218707e+001
1.138807e+002	-1.360933e+001
1.143379e+002	-1.052345e+001
1.146967e+002	-8.861197e+000
1.151211e+002	-6.250007e+000
1.155127e+002	-4.113284e+000
1.160190e+002	-3.156919e-001
1.158047e+002	-6.957587e+000
1.163764e+002	-2.211048e+000
1.160148e+002	-1.098829e+001
1.163736e+002	-9.326260e+000
1.163722e+002	-1.288365e+001
1.167311e+002	-1.122162e+001
1.172210e+002	-7.661261e+000
1.169903e+002	-1.454039e+001
1.176603e+002	-8.370217e+000
1.178718e+002	-8.843313e+000
1.176248e+002	-1.595990e+001
1.182948e+002	-9.789726e+000
1.184408e+002	-1.121199e+001
1.188651e+002	-8.600571e+000
1.190766e+002	-9.073667e+000
1.196975e+002	-3.615423e+000
1.198926e+002	-4.325757e+000
1.204971e+002	8.952492e-001
1.207905e+002	1.608554e+000
1.204452e+002	-6.931444e+000
1.199198e+002	-1.808149e+001
1.204751e+002	-1.357218e+001
1.209978e+002	-9.537354e+000
1.207016e+002	-1.736543e+001
1.214862e+002	-9.534604e+000
1.217469e+002	-9.295991e+000
1.215981e+002	-1.498872e+001
1.227757e+002	-1.463570e+000
1.221193e+002	-1.451150e+001
1.225764e+002	-1.142584e+001
1.233938e+002	-3.120313e+000
1.231795e+002	-9.762208e+000
1.235384e+002	-8.099960e+000
1.236844e+002	-9.522220e+000
1.241088e+002	-6.910809e+000
1.249261e+002	1.394488e+000
1.245972e+002	-6.908055e+000
1.248906e+002	-6.194970e+000
1.249383e+002	-9.040648e+000
1.251334e+002	-9.751203e+000
1.252467e+002	-1.164793e+001
1.252453e+002	-1.520532e+001
1.254731e+002	-1.544140e+001
1.262414e+002	-7.847592e+000
1.263382e+002	-9.981561e+000
1.265334e+002	-1.069189e+001
1.266957e+002	-1.187692e+001
1.264323e+002	-1.923052e+001
1.276263e+002	-5.468131e+000
1.282145e+002	-4.841339e-001
1.286388e+002	2.127053e+000
1.285064e+002	-3.328657e+000
1.287507e+002	-3.327282e+000
1.284709e+002	-1.091812e+001
1.289771e+002	-7.120749e+000
1.293196e+002	-5.695735e+000
1.297112e+002	-3.559015e+000
1.294642e+002	-1.067538e+001
1.296266e+002	-1.186041e+001
1.300346e+002	-9.486451e+000
1.299185e+002	-1.470471e+001
1.304248e+002	-1.090711e+001
1.304070e+002	-1.470196e+001
1.307167e+002	-1.375164e+001
1.315833e+002	-4.734187e+000
1.318930e+002	-3.783869e+000
1.321372e+002	-3.782494e+000
1.320867e+002	-8.051807e+000
1.319216e+002	-1.398199e+001
1.327553e+002	-5.439238e+000
1.323445e+002	-1.492819e+001
1.322285e+002	-2.014667e+001
1.331278e+002	-1.065474e+001
1.337978e+002	-4.484569e+000
1.338127e+002	-7.804940e+000
1.343190e+002	-4.007344e+000
1.335643e+002	-1.847891e+001
1.343817e+002	-1.017339e+001
1.349862e+002	-4.952382e+000
1.351158e+002	-6.611659e+000
1.353764e+002	-6.373046e+000
1.357844e+002	-3.999089e+000
1.361105e+002	-2.811537e+000
1.356015e+002	-1.372412e+001
1.359276e+002	-1.253634e+001
1.372363e+002	2.886916e+000
1.370875e+002	-2.806033e+000
1.363492e+002	-1.704014e+001
1.369701e+002	-1.158190e+001
1.380003e+002	-1.918673e-001
1.377533e+002	-7.308454e+000
1.380139e+002	-7.069842e+000
1.384055e+002	-4.933122e+000
1.384696e+002	-7.541563e+000
1.386647e+002	-8.251893e+000
1.395149e+002	5.280928e-001
1.401194e+002	5.749324e+000
1.395940e+002	-5.400714e+000
1.395598e+002	-9.432793e+000
1.402953e+002	-2.313452e+000
1.404086e+002	-4.210187e+000
1.402761e+002	-9.665902e+000
1.406514e+002	-7.766416e+000
1.405517e+002	-1.274744e+001
1.410416e+002	-9.187301e+000
1.416297e+002	-4.203308e+000
1.416447e+002	-7.523678e+000
1.420527e+002	-5.149721e+000
1.424443e+002	-3.012998e+000
1.426722e+002	-3.248861e+000
1.427363e+002	-5.857301e+000
1.427021e+002	-9.889380e+000
1.423569e+002	-1.842938e+001
1.428304e+002	-1.510626e+001
1.434512e+002	-9.648017e+000
1.439902e+002	-5.375950e+000
1.440380e+002	-8.221628e+000
1.444623e+002	-5.610434e+000
1.447721e+002	-4.659891e+000
1.447871e+002	-7.980261e+000
1.451459e+002	-6.318013e+000
1.456030e+002	-3.232351e+000
1.459947e+002	-1.095628e+000
1.461243e+002	-2.755126e+000
1.461229e+002	-6.312509e+000
1.465473e+002	-3.701318e+000
1.464803e+002	-8.207869e+000
1.467246e+002	-8.206494e+000
1.469033e+002	-9.154282e+000
1.473932e+002	-5.593924e+000
1.474900e+002	-7.727893e+000
1.481109e+002	-2.269425e+000
1.485844e+002	1.053471e+000
1.488286e+002	1.054847e+000
1.485652e+002	-6.298754e+000
1.487440e+002	-7.246542e+000
1.489064e+002	-8.431348e+000
1.492816e+002	-6.531862e+000
1.488544e+002	-1.625826e+001
1.493934e+002	-1.198620e+001
1.498669e+002	-8.663077e+000
1.498000e+002	-1.316985e+001
1.495857e+002	-1.981175e+001
1.504523e+002	-1.079430e+001
1.509094e+002	-7.708630e+000
1.513337e+002	-5.097439e+000
1.515943e+002	-4.858826e+000
1.516093e+002	-8.178976e+000
1.521483e+002	-3.906908e+000
1.520323e+002	-9.125389e+000
1.515724e+002	-1.932605e+001
1.521441e+002	-1.457951e+001
1.526668e+002	-1.054468e+001
1.531402e+002	-7.221778e+000
1.536629e+002	-3.186948e+000
1.535632e+002	-8.167971e+000
1.531524e+002	-1.765714e+001
1.536914e+002	-1.338507e+001
1.549837e+002	1.801171e+000
1.553426e+002	3.463198e+000
1.551447e+002	-2.941456e+000
1.551597e+002	-6.261605e+000
1.553220e+002	-7.446632e+000
1.560411e+002	-5.647488e-001
1.557450e+002	-8.392824e+000
1.562185e+002	-5.069921e+000
1.564627e+002	-5.068545e+000
1.564941e+002	-8.151457e+000
1.563289e+002	-1.408165e+001
1.562620e+002	-1.858820e+001
1.569484e+002	-1.218079e+001
1.572581e+002	-1.123047e+001
1.567818e+002	-2.166858e+001
1.576320e+002	-1.288837e+001
1.580236e+002	-1.075165e+001
1.579731e+002	-1.502096e+001
1.582992e+002	-1.383340e+001
1.584779e+002	-1.478097e+001
1.592953e+002	-6.475450e+000
1.595068e+002	-6.948771e+000
1.592434e+002	-1.430237e+001
1.597005e+002	-1.121671e+001
1.605670e+002	-2.199258e+000
1.606148e+002	-5.045157e+000
1.602531e+002	-1.382240e+001
1.602517e+002	-1.738000e+001
1.609053e+002	-1.144706e+001
1.610022e+002	-1.358103e+001
1.616231e+002	-8.122568e+000
1.613597e+002	-1.547639e+001
1.618004e+002	-1.262774e+001
1.627324e+002	-2.661570e+000
1.628129e+002	-5.032776e+000
1.629753e+002	-6.217578e+000
1.628756e+002	-1.119882e+001
1.632836e+002	-8.824643e+000
1.640519e+002	-1.231055e+000
1.631825e+002	-1.736349e+001
1.631320e+002	-2.163281e+001
1.640477e+002	-1.190365e+001
1.641118e+002	-1.451209e+001
1.649292e+002	-6.206573e+000
1.651079e+002	-7.154361e+000
1.652703e+002	-8.339166e+000
1.656946e+002	-5.727972e+000
1.659225e+002	-5.963831e+000
1.658392e+002	-1.070762e+001
1.667548e+002	-9.786832e-001
1.669336e+002	-1.926251e+000
1.670140e+002	-4.297457e+000
1.672746e+002	-4.058845e+000
1.671095e+002	-9.989030e+000
1.671245e+002	-1.330940e+001
1.674997e+002	-1.140992e+001
1.682843e+002	-3.578869e+000
1.683321e+002	-6.424547e+000
1.691822e+002	2.355442e+000
1.694264e+002	2.356818e+000
1.681641e+002	-1.946995e+001
1.684902e+002	-1.828217e+001
1.686853e+002	-1.899250e+001
1.689950e+002	-1.804218e+001
1.695832e+002	-1.305841e+001
1.705479e+002	-2.617542e+000
1.709887e+002	2.311035e-001
1.712820e+002	9.441877e-001
1.716737e+002	3.080907e+000
1.710172e+002	-9.967020e+000
1.714907e+002	-6.643896e+000
1.718496e+002	-4.981869e+000
1.710458e+002	-2.016514e+001
1.718631e+002	-1.185963e+001
1.725986e+002	-4.740506e+000
1.729084e+002	-3.789964e+000
1.731526e+002	-3.788588e+000
1.729875e+002	-9.718778e+000
1.730188e+002	-1.280169e+001
1.731157e+002	-1.493566e+001
1.734582e+002	-1.351087e+001
1.739644e+002	-9.713274e+000
1.745198e+002	-5.203972e+000
1.744365e+002	-9.947757e+000
1.746807e+002	-9.946381e+000
1.751706e+002	-6.386024e+000
1.744159e+002	-2.085759e+001
1.748894e+002	-1.753469e+001
1.757068e+002	-9.229172e+000
1.766388e+002	7.372187e-001
1.772924e+002	6.670158e+000
1.770290e+002	-6.836625e-001
1.770113e+002	-4.478283e+000
1.769280e+002	-9.222292e+000
1.776143e+002	-2.814881e+000
1.772527e+002	-1.159212e+001
1.776115e+002	-9.929872e+000
1.785108e+002	-4.381738e-001
1.787550e+002	-4.367986e-001
1.784589e+002	-8.264871e+000
1.783592e+002	-1.324612e+001
1.783906e+002	-1.632903e+001
1.787986e+002	-1.395507e+001
1.792557e+002	-1.086941e+001
1.797783e+002	-6.834576e+000
1.800553e+002	-6.358509e+000
1.804633e+002	-3.984552e+000
1.805929e+002	-5.644049e+000
1.808535e+002	-5.405437e+000
1.809831e+002	-7.064934e+000
1.808834e+002	-1.204596e+001
1.808329e+002	-1.631527e+001
1.812245e+002	-1.417855e+001
1.813541e+002	-1.583805e+001
1.812217e+002	-2.129354e+001
1.817607e+002	-1.702147e+001
1.828074e+002	-5.394428e+000
1.827077e+002	-1.037545e+001
1.823624e+002	-1.891546e+001
1.828031e+002	-1.606703e+001
1.837352e+002	-6.100633e+000
1.837993e+002	-8.709077e+000
1.840271e+002	-8.945156e+000
1.844187e+002	-6.808437e+000
1.848759e+002	-3.722550e+000
1.853002e+002	-1.111356e+000
1.851023e+002	-7.516016e+000
1.854284e+002	-6.328240e+000
1.852141e+002	-1.297036e+001
1.858023e+002	-7.986362e+000
1.858664e+002	-1.059480e+001
1.859468e+002	-1.296623e+001
1.869444e+002	-2.050669e+000
1.873687e+002	5.605183e-001
1.872855e+002	-4.183263e+000
1.872840e+002	-7.740870e+000
1.876757e+002	-5.604151e+000
1.873959e+002	-1.319521e+001
1.880331e+002	-7.499507e+000
1.883101e+002	-7.023661e+000
1.884888e+002	-7.971229e+000
1.889787e+002	-4.410871e+000
1.886334e+002	-1.295110e+001
1.888776e+002	-1.294972e+001
1.898260e+002	-2.746089e+000
1.899393e+002	-4.642824e+000
1.901835e+002	-4.641449e+000
1.902640e+002	-7.012652e+000
1.905410e+002	-6.536585e+000
1.909981e+002	-3.450919e+000
1.905545e+002	-1.341456e+001
1.905204e+002	-1.744664e+001
1.906172e+002	-1.958061e+001
1.911071e+002	-1.602025e+001
1.920719e+002	-5.579383e+000
1.922997e+002	-5.815246e+000
1.919872e+002	-1.388078e+001
1.920840e+002	-1.601475e+001
1.924429e+002	-1.435250e+001
1.931948e+002	-6.996142e+000
1.929969e+002	-1.340080e+001
1.937651e+002	-5.806991e+000
1.936655e+002	-1.078823e+001
1.936968e+002	-1.387115e+001
1.942686e+002	-9.124611e+000
1.949058e+002	-3.428905e+000
1.953138e+002	-1.054948e+000
1.950340e+002	-8.645789e+000
1.953110e+002	-8.169939e+000
1.954406e+002	-9.829437e+000
1.954392e+002	-1.338704e+001
1.958963e+002	-1.030116e+001
1.963371e+002	-7.452729e+000
1.964667e+002	-9.112227e+000
1.967764e+002	-8.161684e+000
1.969879e+002	-8.634780e+000
1.970193e+002	-1.171792e+001
1.971980e+002	-1.266548e+001
1.971311e+002	-1.717226e+001
1.976537e+002	-1.313743e+001
1.979471e+002	-1.242412e+001
1.981422e+002	-1.313467e+001
1.982554e+002	-1.503141e+001
1.986470e+002	-1.289469e+001
1.996937e+002	-1.267421e+000
1.995940e+002	-6.248444e+000
1.995926e+002	-9.806047e+000
1.994275e+002	-1.573624e+001
2.002612e+002	-7.193481e+000
2.000142e+002	-1.430985e+001
2.003894e+002	-1.241036e+001
2.004863e+002	-1.454433e+001
2.004030e+002	-1.928834e+001
2.015970e+002	-5.525729e+000
2.019068e+002	-4.575408e+000
2.021674e+002	-4.336574e+000
2.027228e+002	1.727233e-001
2.019354e+002	-1.477331e+001
2.029492e+002	-3.620740e+000
2.029970e+002	-6.466418e+000
2.029137e+002	-1.121042e+001
2.030433e+002	-1.286992e+001
2.033530e+002	-1.191938e+001
2.039084e+002	-7.410080e+000
2.041526e+002	-7.408702e+000
2.040530e+002	-1.238972e+001
2.042972e+002	-1.238835e+001
2.043777e+002	-1.475955e+001
2.048021e+002	-1.214836e+001
2.048825e+002	-1.451957e+001
2.056344e+002	-7.163213e+000
2.058459e+002	-7.636309e+000
2.057135e+002	-1.309202e+001
2.058759e+002	-1.427683e+001
2.061528e+002	-1.380098e+001
2.066263e+002	-1.047786e+001
2.075747e+002	-2.744508e-001
2.078353e+002	-3.561730e-002
2.076702e+002	-5.965803e+000
2.075378e+002	-1.142152e+001
2.083388e+002	-3.353237e+000
2.088287e+002	2.071174e-001
2.086635e+002	-5.723065e+000
2.085802e+002	-1.046685e+001
2.093648e+002	-2.636024e+000
2.095927e+002	-2.871886e+000
2.093621e+002	-9.751015e+000
2.098847e+002	-5.716185e+000
2.100470e+002	-6.901211e+000
2.099801e+002	-1.140776e+001
2.097986e+002	-1.757519e+001
2.109435e+002	-4.524504e+000
2.109585e+002	-7.844654e+000
2.109571e+002	-1.140226e+001
2.106282e+002	-1.970503e+001
2.110853e+002	-1.661914e+001
2.114933e+002	-1.424518e+001
2.118521e+002	-1.258293e+001
2.122765e+002	-9.971743e+000
2.121932e+002	-1.471553e+001
2.130106e+002	-6.410010e+000
2.131894e+002	-7.357798e+000
2.130733e+002	-1.257605e+001
2.132357e+002	-1.376108e+001
2.137911e+002	-9.251779e+000
2.134621e+002	-1.755455e+001
2.133625e+002	-2.253557e+001
2.148185e+002	-4.976962e+000
2.159307e+002	7.599244e+000
2.156345e+002	-2.290480e-001
2.151746e+002	-1.042970e+001
2.153861e+002	-1.090302e+001
2.161216e+002	-3.783681e+000
2.161365e+002	-7.104051e+000
2.163317e+002	-7.814385e+000
2.166742e+002	-6.389371e+000
2.166891e+002	-9.709741e+000
2.169006e+002	-1.018284e+001
2.171612e+002	-9.944225e+000
2.170452e+002	-1.516270e+001
2.174041e+002	-1.350046e+001
2.176647e+002	-1.326184e+001
2.181382e+002	-9.938724e+000
2.187754e+002	-4.243018e+000
2.191670e+002	-2.106299e+000
2.195259e+002	-4.442717e-001
2.190168e+002	-1.135685e+001
2.194740e+002	-8.270968e+000
2.197182e+002	-8.269593e+000
2.192910e+002	-1.799600e+001
2.197809e+002	-1.443564e+001
2.199596e+002	-1.538343e+001
2.206788e+002	-8.501326e+000
2.208411e+002	-9.686352e+000
2.211673e+002	-8.498576e+000
2.214770e+002	-7.548254e+000
2.216885e+002	-8.021350e+000
2.222111e+002	-3.986521e+000
2.227501e+002	2.855391e-001
2.232727e+002	4.320369e+000
2.231894e+002	-4.236330e-001
2.233190e+002	-2.082910e+000
2.238089e+002	1.477224e+000
2.235946e+002	-5.164667e+000
2.236915e+002	-7.298637e+000
2.235263e+002	-1.322883e+001
2.239016e+002	-1.132934e+001
2.245388e+002	-5.633638e+000
2.243737e+002	-1.156382e+001
