    nm         	pN
0.000000e+000	5.811301e+002
4.701291e-002	5.746306e+002
-3.745057e-002	5.637961e+002
-1.438265e-001	5.522391e+002
-9.165475e-003	5.486294e+002
5.976157e-002	5.428523e+002
-2.791145e-003	5.327402e+002
-2.151559e-002	5.240732e+002
-3.031895e-001	5.067365e+002
-3.438280e-001	4.973469e+002
-1.434280e-001	4.959047e+002
-1.621541e-001	4.872376e+002
-9.323042e-002	4.814605e+002
-3.091652e-001	4.662912e+002
-1.745050e-001	4.626815e+002
-3.027909e-001	4.504021e+002
-3.215179e-001	4.417350e+002
-4.278964e-001	4.301779e+002
-3.808801e-001	4.236785e+002
-2.681307e-001	4.193463e+002
-3.087709e-001	4.099567e+002
4.501886e-002	4.135719e+002
-2.147434e-001	3.969576e+002
-3.211227e-001	3.854005e+002
-1.426342e-001	3.832358e+002
-3.804849e-001	3.673440e+002
-3.772961e-001	3.593995e+002
-4.398479e-001	3.492874e+002
-3.051835e-001	3.456778e+002
-3.019980e-001	3.377332e+002
-3.645465e-001	3.276213e+002
-5.804856e-001	3.124519e+002
-5.553851e-001	3.052298e+002
-5.960262e-001	2.958402e+002
-5.270992e-001	2.900631e+002
-6.553892e-001	2.777836e+002
-6.083772e-001	2.712840e+002
-4.518003e-001	2.683969e+002
-5.800870e-001	2.561175e+002
-6.426398e-001	2.460054e+002
-6.832767e-001	2.366159e+002
-7.896517e-001	2.250590e+002
-3.701272e-001	2.308415e+002
-3.450267e-001	2.236195e+002
-3.199262e-001	2.163974e+002
-2.510026e-001	2.106203e+002
-2.916394e-001	2.012307e+002
-3.761029e-001	1.903962e+002
-1.099621e-001	1.911216e+002
-1.286883e-001	1.824545e+002
-1.035912e-001	1.752323e+002
-1.661397e-001	1.651204e+002
-7.530438e-002	1.600657e+002
-5.020056e-002	1.528437e+002
-6.892668e-002	1.441767e+002
-6.574373e-002	1.362320e+002
1.346589e-001	1.347898e+002
6.372166e-003	1.225104e+002
-5.617634e-002	1.123985e+002
1.223113e-001	1.102338e+002
1.254942e-001	1.022890e+002
1.725055e-001	9.578944e+001
3.948230e-001	9.506986e+001
5.294824e-001	9.146005e+001
4.231098e-001	7.990320e+001
2.948231e-001	6.762380e+001
3.418360e-001	6.112420e+001
6.079701e-001	6.184928e+001
9.398483e-001	6.474205e+001
9.211221e-001	5.607498e+001
9.243118e-001	4.813049e+001
5.111582e-001	2.645872e+001
8.649454e-001	3.007381e+001
1.196824e+000	3.296658e+001
1.682087e+000	4.091658e+001
1.729098e+000	3.441699e+001
1.600812e+000	2.213757e+001
1.888862e+000	2.358522e+001
2.396039e+000	3.225778e+001
2.443051e+000	2.575818e+001
2.402417e+000	1.636879e+001
2.274124e+000	4.089170e+000
2.299227e+000	-3.132760e+000
3.091265e+000	1.493193e+001
3.445058e+000	1.854725e+001
3.360594e+000	7.712737e+000
3.100826e+000	-8.901776e+000
2.994454e+000	-2.045862e+001
3.216764e+000	-2.117842e+001
3.241870e+000	-2.840036e+001
3.573741e+000	-2.550783e+001
3.445455e+000	-3.778722e+001
3.426728e+000	-4.645429e+001
3.649039e+000	-4.717409e+001
3.739882e+000	-5.222857e+001
4.115583e+000	-4.789092e+001
4.074943e+000	-5.728053e+001
4.034308e+000	-6.666993e+001
4.344272e+000	-6.449973e+001
4.719973e+000	-6.016207e+001
4.547859e+000	-7.388658e+001
5.142688e+000	-6.232401e+001
5.167785e+000	-6.954618e+001
5.477749e+000	-6.737598e+001
5.656238e+000	-6.954066e+001
6.163416e+000	-6.086812e+001
6.298080e+000	-6.447771e+001
5.775359e+000	-8.976204e+001
6.435928e+000	-7.603202e+001
6.811629e+000	-7.169436e+001
7.055856e+000	-7.169162e+001
7.080953e+000	-7.891378e+001
6.799276e+000	-9.625064e+001
7.240714e+000	-8.974553e+001
7.397295e+000	-9.263257e+001
7.860643e+000	-8.540512e+001
8.126783e+000	-8.467980e+001
8.173796e+000	-9.117941e+001
7.760643e+000	-1.128512e+002
8.223997e+000	-1.056235e+002
8.446308e+000	-1.063433e+002
9.019223e+000	-9.550332e+001
1.027143e+001	-6.226623e+001
1.082243e+001	-5.214877e+001
1.091327e+001	-5.720348e+001
1.113559e+001	-5.792307e+001
1.148937e+001	-5.430796e+001
1.184316e+001	-5.069286e+001
1.116706e+001	-8.103444e+001
1.156467e+001	-7.597423e+001
1.224715e+001	-6.152187e+001
1.229416e+001	-6.802148e+001
1.273560e+001	-6.151638e+001
1.256349e+001	-7.524066e+001
1.243520e+001	-8.752028e+001
1.313959e+001	-7.234537e+001
1.393163e+001	-5.428045e+001
1.336509e+001	-8.100968e+001
1.365315e+001	-7.956180e+001
1.416032e+001	-7.088925e+001
1.464559e+001	-6.293924e+001
1.453921e+001	-7.449631e+001
1.502448e+001	-6.654608e+001
1.452367e+001	-9.110787e+001
1.472407e+001	-9.255000e+001
1.547229e+001	-7.593020e+001
1.525635e+001	-9.109961e+001
1.561014e+001	-8.748451e+001
1.563524e+001	-9.470645e+001
1.574799e+001	-9.903860e+001
1.590456e+001	-1.019259e+002
1.658704e+001	-8.747350e+001
1.617389e+001	-1.091450e+002
1.635238e+001	-1.113097e+002
1.696912e+001	-9.902484e+001
1.679700e+001	-1.127494e+002
1.728226e+001	-1.047994e+002
1.724163e+001	-1.141887e+002
1.763925e+001	-1.091285e+002
1.766434e+001	-1.163507e+002
1.771136e+001	-1.228503e+002
1.778029e+001	-1.286274e+002
1.815599e+001	-1.242897e+002
1.872890e+001	-1.134497e+002
1.943329e+001	-9.827499e+001
1.943648e+001	-1.062195e+002
1.998748e+001	-9.610203e+001
2.029744e+001	-9.393183e+001
2.104566e+001	-7.731179e+001
2.185961e+001	-5.852453e+001
2.173133e+001	-7.080393e+001
2.169069e+001	-8.019355e+001
2.195683e+001	-7.946824e+001
2.217914e+001	-8.018804e+001
2.275205e+001	-6.934803e+001
2.293054e+001	-7.151273e+001
2.282416e+001	-8.306980e+001
2.333134e+001	-7.439724e+001
2.355366e+001	-7.511683e+001
2.377597e+001	-7.583663e+001
2.391064e+001	-7.944622e+001
2.463694e+001	-6.354897e+001
2.573575e+001	-3.536934e+001
2.554173e+001	-4.981620e+001
2.615847e+001	-3.753129e+001
2.659991e+001	-3.102618e+001
2.634014e+001	-4.764049e+001
2.680349e+001	-4.041304e+001
2.737641e+001	-2.957303e+001
2.748916e+001	-3.390518e+001
2.727322e+001	-4.907460e+001
2.795570e+001	-3.462202e+001
2.787124e+001	-4.545653e+001
2.848798e+001	-3.317162e+001
2.875412e+001	-3.244631e+001
2.917364e+001	-2.666376e+001
2.972464e+001	-1.654631e+001
2.891706e+001	-5.122278e+001
2.907364e+001	-5.410982e+001
2.929595e+001	-5.482963e+001
2.995652e+001	-4.109961e+001
3.057326e+001	-2.881470e+001
3.059836e+001	-3.603686e+001
3.095215e+001	-3.242153e+001
3.106490e+001	-3.675369e+001
3.115574e+001	-4.180840e+001
3.192586e+001	-2.446603e+001
3.157845e+001	-4.397034e+001
3.191033e+001	-4.107759e+001
3.202308e+001	-4.540974e+001
3.329720e+001	-1.145031e+001
3.251153e+001	-4.540424e+001
3.301871e+001	-3.673168e+001
3.286851e+001	-4.973363e+001
3.324421e+001	-4.539598e+001
3.388286e+001	-3.238852e+001
3.362310e+001	-4.900304e+001
3.382350e+001	-5.044519e+001
3.520718e+001	-1.287319e+001
3.584583e+001	1.340417e-001
3.512590e+001	-3.165242e+001
3.493188e+001	-4.609928e+001
3.552671e+001	-3.453670e+001
3.546415e+001	-4.464887e+001
3.509483e+001	-6.487553e+001
3.606217e+001	-4.103081e+001
3.639404e+001	-3.813826e+001
3.569603e+001	-6.920217e+001
3.642233e+001	-5.330493e+001
3.686377e+001	-4.679981e+001
3.649444e+001	-6.702646e+001
3.684823e+001	-6.341137e+001
3.709246e+001	-6.340862e+001
3.775303e+001	-4.967859e+001
3.788768e+001	-5.328841e+001
3.835104e+001	-4.606075e+001
3.817893e+001	-5.978504e+001
3.802873e+001	-7.278701e+001
3.809765e+001	-7.856427e+001
3.856100e+001	-7.133660e+001
3.906818e+001	-6.266404e+001
3.935623e+001	-6.121639e+001
3.966619e+001	-5.904619e+001
4.001998e+001	-5.543109e+001
4.019848e+001	-5.759557e+001
4.070565e+001	-4.892323e+001
4.101561e+001	-4.675303e+001
4.090924e+001	-5.830988e+001
4.121920e+001	-5.613967e+001
4.122239e+001	-6.408417e+001
4.133514e+001	-6.841632e+001
4.201762e+001	-5.396396e+001
4.197698e+001	-6.335358e+001
4.226503e+001	-6.190572e+001
4.283794e+001	-5.106592e+001
4.301643e+001	-5.323062e+001
4.367700e+001	-3.950060e+001
4.372401e+001	-4.600020e+001
4.427501e+001	-3.588275e+001
4.462881e+001	-3.226742e+001
4.467582e+001	-3.876703e+001
4.481048e+001	-4.237685e+001
4.501088e+001	-4.381899e+001
4.569335e+001	-2.936663e+001
4.580610e+001	-3.369878e+001
4.569973e+001	-4.525563e+001
4.655751e+001	-2.502348e+001
4.684556e+001	-2.357560e+001
4.719935e+001	-1.996051e+001
4.737784e+001	-2.212521e+001
4.766589e+001	-2.067756e+001
4.709935e+001	-4.740656e+001
4.751887e+001	-4.162402e+001
4.741250e+001	-5.318108e+001
4.809498e+001	-3.872850e+001
4.838303e+001	-3.728086e+001
4.851769e+001	-4.089045e+001
4.878383e+001	-4.016536e+001
4.896232e+001	-4.233006e+001
4.837386e+001	-6.978163e+001
4.942886e+001	-4.304690e+001
5.002368e+001	-3.148454e+001
5.057469e+001	-2.136687e+001
5.057787e+001	-2.931159e+001
5.075636e+001	-3.147629e+001
5.100059e+001	-3.147355e+001
5.135438e+001	-2.785822e+001
5.122609e+001	-4.013784e+001
5.193048e+001	-2.496293e+001
5.237192e+001	-1.845783e+001
5.219981e+001	-3.218211e+001
5.255360e+001	-2.856701e+001
5.292930e+001	-2.422937e+001
5.297631e+001	-3.072897e+001
5.297950e+001	-3.867347e+001
5.374963e+001	-2.133110e+001
5.441019e+001	-7.601297e+000
5.360261e+001	-4.227777e+001
5.397831e+001	-3.794012e+001
5.389385e+001	-4.877463e+001
5.422573e+001	-4.588186e+001
5.475482e+001	-3.648675e+001
5.482374e+001	-4.226402e+001
5.539665e+001	-3.142401e+001
5.535602e+001	-4.081339e+001
5.560025e+001	-4.081064e+001
5.654568e+001	-1.768848e+001
5.668034e+001	-2.129807e+001
5.685883e+001	-2.346277e+001
5.605125e+001	-5.813926e+001
5.603252e+001	-6.680631e+001
5.678073e+001	-5.018649e+001
5.726600e+001	-4.223650e+001
5.751022e+001	-4.223374e+001
5.766680e+001	-4.512078e+001
5.784529e+001	-4.728548e+001
5.791421e+001	-5.306274e+001
5.868434e+001	-3.572038e+001
5.912578e+001	-2.921527e+001
5.923853e+001	-3.354743e+001
5.911025e+001	-4.582683e+001
5.983655e+001	-2.992935e+001
5.990547e+001	-3.570662e+001
6.008396e+001	-3.787132e+001
6.017480e+001	-4.292581e+001
6.055051e+001	-3.858815e+001
6.029074e+001	-5.520268e+001
5.983376e+001	-7.831934e+001
5.985886e+001	-8.554128e+001
6.078238e+001	-6.314167e+001
6.153059e+001	-4.652187e+001
6.157760e+001	-5.302147e+001
6.160271e+001	-6.024341e+001
6.127721e+001	-7.902516e+001
6.160908e+001	-7.613263e+001
6.279555e+001	-4.506299e+001
6.369716e+001	-2.338572e+001
6.400712e+001	-2.121552e+001
6.337483e+001	-5.011220e+001
6.375054e+001	-4.577454e+001
6.373181e+001	-5.444159e+001
6.355970e+001	-6.816589e+001
6.356289e+001	-7.611060e+001
6.422346e+001	-6.238059e+001
6.470871e+001	-5.443059e+001
6.493103e+001	-5.515039e+001
6.521908e+001	-5.370253e+001
6.552904e+001	-5.153232e+001
6.546650e+001	-6.164427e+001
6.608324e+001	-4.935937e+001
6.586730e+001	-6.452878e+001
6.622108e+001	-6.091368e+001
6.657488e+001	-5.729835e+001
6.673145e+001	-6.018561e+001
6.669081e+001	-6.957523e+001
6.702269e+001	-6.668247e+001
6.761751e+001	-5.512012e+001
6.768644e+001	-6.089717e+001
6.784302e+001	-6.378421e+001
6.758325e+001	-8.039873e+001
6.859442e+001	-5.510911e+001
6.813744e+001	-7.822577e+001
6.860080e+001	-7.099811e+001
6.895458e+001	-6.738301e+001
6.976853e+001	-4.859575e+001
6.942113e+001	-6.809985e+001
6.883267e+001	-9.555163e+001
7.008487e+001	-6.231454e+001
7.041675e+001	-5.942177e+001
7.096776e+001	-4.930432e+001
7.072990e+001	-6.519630e+001
7.064544e+001	-7.603079e+001
7.130600e+001	-6.230078e+001
7.155023e+001	-6.229803e+001
7.161916e+001	-6.807507e+001
7.164426e+001	-7.529723e+001
7.147214e+001	-8.902176e+001
7.160681e+001	-9.263135e+001
7.224546e+001	-7.962388e+001
7.334427e+001	-5.144426e+001
7.315025e+001	-6.589111e+001
7.293431e+001	-8.106052e+001
7.335384e+001	-7.527796e+001
7.302834e+001	-9.405973e+001
7.371082e+001	-7.960737e+001
7.439329e+001	-6.515501e+001
7.406779e+001	-8.393677e+001
7.501322e+001	-6.081460e+001
7.490684e+001	-7.237145e+001
7.449369e+001	-9.404322e+001
7.458453e+001	-9.909792e+001
7.520127e+001	-8.681302e+001
7.564271e+001	-8.030791e+001
7.630327e+001	-6.657789e+001
7.584630e+001	-8.969455e+001
7.606861e+001	-9.041436e+001
7.637858e+001	-8.824415e+001
7.703914e+001	-7.451413e+001
7.708616e+001	-8.101374e+001
7.724272e+001	-8.390099e+001
7.733356e+001	-8.895571e+001
7.777500e+001	-8.245059e+001
7.832601e+001	-7.233292e+001
7.830728e+001	-8.099998e+001
7.881446e+001	-7.232742e+001
7.866426e+001	-8.532938e+001
7.890849e+001	-8.532662e+001
7.862681e+001	-1.026635e+002
7.880529e+001	-1.048282e+002
7.935630e+001	-9.471074e+001
8.008260e+001	-7.881326e+001
8.034874e+001	-7.808817e+001
8.026427e+001	-8.892268e+001
8.042085e+001	-9.180972e+001
8.092803e+001	-8.313716e+001
8.097504e+001	-8.963676e+001
8.146031e+001	-8.168675e+001
8.111289e+001	-1.011911e+002
8.085313e+001	-1.178054e+002
8.153560e+001	-1.033530e+002
8.186748e+001	-1.004603e+002
8.226510e+001	-9.540026e+001
8.242167e+001	-9.828730e+001
8.288502e+001	-9.105986e+001
8.286629e+001	-9.972691e+001
8.311052e+001	-9.972416e+001
8.383683e+001	-8.382670e+001
8.425636e+001	-7.804414e+001
8.456632e+001	-7.587393e+001
8.520497e+001	-6.286648e+001
8.615040e+001	-3.974430e+001
8.617550e+001	-4.696624e+001
8.609104e+001	-5.780075e+001
8.602849e+001	-6.791270e+001
8.640419e+001	-6.357505e+001
8.688946e+001	-5.562505e+001
8.671734e+001	-6.934956e+001
8.702730e+001	-6.717936e+001
8.720579e+001	-6.934407e+001
8.788827e+001	-5.489171e+001
8.826397e+001	-5.055405e+001
8.837672e+001	-5.488620e+001
8.798548e+001	-7.583540e+001
8.805441e+001	-8.161245e+001
8.902175e+001	-5.776774e+001
8.992335e+001	-3.609046e+001
8.964168e+001	-5.342732e+001
8.960104e+001	-6.281694e+001
8.993292e+001	-5.992417e+001
9.006758e+001	-6.353376e+001
9.009268e+001	-7.075593e+001
9.097237e+001	-4.980122e+001
9.080026e+001	-6.352551e+001
9.130743e+001	-5.485318e+001
9.104767e+001	-7.146748e+001
9.118234e+001	-7.507708e+001
9.175525e+001	-6.423707e+001
9.213095e+001	-5.989941e+001
9.211222e+001	-6.856646e+001
9.220306e+001	-7.362118e+001
9.271024e+001	-6.494862e+001
9.284490e+001	-6.855821e+001
9.341782e+001	-5.771820e+001
9.372778e+001	-5.554799e+001
9.395009e+001	-5.626780e+001
9.401902e+001	-6.204485e+001
9.424133e+001	-6.276465e+001
9.450747e+001	-6.203934e+001
9.475170e+001	-6.203658e+001
9.462341e+001	-7.431599e+001
9.521823e+001	-6.275364e+001
9.533098e+001	-6.708579e+001
9.544374e+001	-7.141795e+001
9.577561e+001	-6.852518e+001
9.577880e+001	-7.646968e+001
9.573816e+001	-8.585929e+001
9.677125e+001	-5.984711e+001
9.793580e+001	-2.950004e+001
9.846489e+001	-2.010514e+001
9.866529e+001	-2.154729e+001
9.875613e+001	-2.660199e+001
9.902227e+001	-2.587668e+001
9.955136e+001	-1.648156e+001
9.997088e+001	-1.069901e+001
9.973303e+001	-2.659098e+001
1.006785e+002	-3.468818e+000
1.007036e+002	-1.069076e+001
1.008382e+002	-1.430035e+001
1.009948e+002	-1.718761e+001
1.011295e+002	-2.079720e+001
1.018119e+002	-6.344846e+000
1.013111e+002	-3.090663e+001
1.017307e+002	-2.512385e+001
1.028295e+002	3.055540e+000
1.024602e+002	-1.717110e+001
1.019155e+002	-4.317778e+001
1.024227e+002	-3.450521e+001
1.030175e+002	-2.294264e+001
1.026920e+002	-4.172462e+001
1.035498e+002	-2.149224e+001
1.039474e+002	-1.643203e+001
1.032275e+002	-4.821872e+001
1.037128e+002	-4.026850e+001
1.043076e+002	-2.870615e+001
1.046614e+002	-2.509083e+001
1.049713e+002	-2.292062e+001
1.052156e+002	-2.291788e+001
1.055036e+002	-2.147023e+001
1.063395e+002	-1.960405e+000
1.065618e+002	-2.680217e+000
1.068279e+002	-1.954906e+000
1.070283e+002	-3.397273e+000
1.074259e+002	1.662930e+000
1.073415e+002	-9.171557e+000
1.072570e+002	-2.000607e+001
1.071287e+002	-3.228548e+001
1.066937e+002	-5.467980e+001
1.080554e+002	-1.783037e+001
1.090885e+002	8.181800e+000
1.091136e+002	9.596384e-001
1.090730e+002	-8.429738e+000
1.081777e+002	-4.599623e+001
1.086630e+002	-3.804601e+001
1.092359e+002	-2.720600e+001
1.094363e+002	-2.864835e+001
1.096806e+002	-2.864561e+001
1.101001e+002	-2.286283e+001
1.105853e+002	-1.491283e+001
1.110925e+002	-6.240273e+000
1.112929e+002	-7.682639e+000
1.115591e+002	-6.957329e+000
1.111678e+002	-2.790654e+001
1.110614e+002	-3.946360e+001
1.114152e+002	-3.584828e+001
1.124702e+002	-9.113765e+000
1.129336e+002	-1.886105e+000
1.131340e+002	-3.328472e+000
1.126332e+002	-2.789003e+001
1.130089e+002	-2.355237e+001
1.130997e+002	-2.860707e+001
1.132782e+002	-3.077177e+001
1.136539e+002	-2.643413e+001
1.138324e+002	-2.859882e+001
1.140985e+002	-2.787351e+001
1.145619e+002	-2.064585e+001
1.143460e+002	-3.581526e+001
1.147436e+002	-3.075527e+001
1.150316e+002	-2.930740e+001
1.156484e+002	-1.702249e+001
1.161555e+002	-8.349928e+000
1.160272e+002	-2.062934e+001
1.158770e+002	-3.363129e+001
1.168663e+002	-9.064229e+000
1.169133e+002	-1.556383e+001
1.172014e+002	-1.411597e+001
1.174894e+002	-1.266832e+001
1.172516e+002	-2.856029e+001
1.177587e+002	-1.988773e+001
1.178277e+002	-2.566478e+001
1.179185e+002	-3.071949e+001
1.186229e+002	-1.554457e+001
1.192615e+002	-2.537105e+000
1.190894e+002	-1.626141e+001
1.188297e+002	-3.287593e+001
1.192711e+002	-2.637083e+001
1.197783e+002	-1.769826e+001
1.207018e+002	4.701554e+000
1.207050e+002	-3.243152e+000
1.202918e+002	-2.491471e+001
1.205799e+002	-2.346706e+001
1.209775e+002	-1.840685e+001
1.210245e+002	-2.490645e+001
1.213345e+002	-2.273624e+001
1.214253e+002	-2.779095e+001
1.220421e+002	-1.550604e+001
1.218480e+002	-2.995290e+001
1.221799e+002	-2.706013e+001
1.229281e+002	-1.044033e+001
1.230847e+002	-1.332759e+001
1.231974e+002	-1.765974e+001
1.232883e+002	-2.271423e+001
1.240803e+002	-4.649526e+000
1.240178e+002	-1.476147e+001
1.243277e+002	-1.259127e+001
1.245939e+002	-1.186596e+001
1.242903e+002	-2.992538e+001
1.246879e+002	-2.486517e+001
1.256552e+002	-1.020659e+000
1.254612e+002	-1.546752e+001
1.258807e+002	-9.684746e+000
1.254457e+002	-3.207908e+001
1.255146e+002	-3.785611e+001
1.259122e+002	-3.279612e+001
1.262879e+002	-2.845847e+001
1.268170e+002	-1.906336e+001
1.274338e+002	-6.778445e+000
1.271083e+002	-2.556020e+001
1.273963e+002	-2.411256e+001
1.273776e+002	-3.277961e+001
1.281477e+002	-1.543724e+001
1.284796e+002	-1.254449e+001
1.286581e+002	-1.470919e+001
1.284641e+002	-2.915604e+001
1.286425e+002	-3.132074e+001
1.290840e+002	-2.481563e+001
1.294378e+002	-2.120053e+001
1.295067e+002	-2.697758e+001
1.302987e+002	-8.912874e+000
1.298637e+002	-3.130698e+001
1.294724e+002	-5.225641e+001
1.306151e+002	-2.263167e+001
1.312318e+002	-1.034676e+001
1.313226e+002	-1.540147e+001
1.311505e+002	-2.912576e+001
1.318330e+002	-1.467340e+001
1.319677e+002	-1.828300e+001
1.322557e+002	-1.683535e+001
1.329820e+002	-9.381044e-001
1.330509e+002	-6.715154e+000
1.331856e+002	-1.032475e+001
1.331231e+002	-2.043669e+001
1.329729e+002	-3.343866e+001
1.333486e+002	-2.910100e+001
1.336804e+002	-2.620846e+001
1.335741e+002	-3.776530e+001
1.340374e+002	-3.053785e+001
1.344569e+002	-2.475509e+001
1.346793e+002	-2.547490e+001
1.349892e+002	-2.330468e+001
1.350362e+002	-2.980429e+001
1.353243e+002	-2.835664e+001
1.359848e+002	-1.462662e+001
1.363386e+002	-1.101153e+001
1.360570e+002	-2.834839e+001
1.362135e+002	-3.123543e+001
1.365454e+002	-2.834289e+001
1.368335e+002	-2.689501e+001
1.368586e+002	-3.411717e+001
1.376725e+002	-1.532991e+001
1.378291e+002	-1.821695e+001
1.375912e+002	-3.410892e+001
1.384929e+002	-1.243165e+001
1.388028e+002	-1.026145e+001
1.388498e+002	-1.676105e+001
1.389845e+002	-2.037064e+001
1.386809e+002	-3.843007e+001
1.391442e+002	-3.120240e+001
1.398486e+002	-1.602749e+001
1.398518e+002	-2.397220e+001
1.401180e+002	-2.324689e+001
1.398801e+002	-3.913886e+001
1.401901e+002	-3.696866e+001
1.405219e+002	-3.407590e+001
1.405251e+002	-4.202040e+001
1.416020e+002	-1.456333e+001
1.421750e+002	-3.723313e+000
1.419590e+002	-1.889273e+001
1.414582e+002	-4.345450e+001
1.421188e+002	-2.972448e+001
1.428889e+002	-1.238211e+001
1.431331e+002	-1.237937e+001
1.431801e+002	-1.887897e+001
1.434025e+002	-1.959877e+001
1.438001e+002	-1.453856e+001
1.439567e+002	-1.742582e+001
1.440037e+002	-2.392542e+001
1.442041e+002	-2.536757e+001
1.447989e+002	-1.380499e+001
1.444296e+002	-3.403186e+001
1.445642e+002	-3.764146e+001
1.447427e+002	-3.980616e+001
1.452061e+002	-3.257872e+001
1.462391e+002	-6.566544e+000
1.458479e+002	-2.751575e+001
1.458730e+002	-3.473791e+001
1.469061e+002	-8.725735e+000
1.466682e+002	-2.461748e+001
1.468248e+002	-2.750474e+001
1.473977e+002	-1.666473e+001
1.474009e+002	-2.460923e+001
1.480396e+002	-1.160176e+001
1.483714e+002	-8.709227e+000
1.484404e+002	-1.448627e+001
1.484874e+002	-2.098587e+001
1.490384e+002	-1.086842e+001
1.488224e+002	-2.603783e+001
1.490009e+002	-2.820253e+001
1.493328e+002	-2.530977e+001
1.496209e+002	-2.386212e+001
1.492734e+002	-4.336644e+001
1.501312e+002	-2.313407e+001
1.499591e+002	-3.685858e+001
1.505539e+002	-2.529601e+001
1.512145e+002	-1.156599e+001
1.513492e+002	-1.517581e+001
1.513304e+002	-2.384286e+001
1.516623e+002	-2.095010e+001
1.520818e+002	-1.516755e+001
1.523918e+002	-1.299735e+001
1.528771e+002	-5.047342e+000
1.527707e+002	-1.660419e+001
1.524452e+002	-3.538595e+001
1.529743e+002	-2.599105e+001
1.534157e+002	-1.948595e+001
1.529149e+002	-4.404750e+001
1.537289e+002	-2.526023e+001
1.546086e+002	-4.305523e+000
1.544584e+002	-1.730748e+001
1.540233e+002	-3.970159e+001
1.543771e+002	-3.608648e+001
1.547747e+002	-3.102627e+001
1.549751e+002	-3.246864e+001
1.552193e+002	-3.246588e+001
1.554636e+002	-3.246314e+001
1.566719e+002	-6.711562e-001
1.563245e+002	-2.017525e+001
1.561962e+002	-3.245487e+001
1.569445e+002	-1.583485e+001
1.568600e+002	-2.666935e+001
1.569727e+002	-3.100151e+001
1.574142e+002	-2.449639e+001
1.581405e+002	-8.599144e+000
1.584066e+002	-7.873834e+000
1.581688e+002	-2.376580e+001
1.581281e+002	-3.315520e+001
1.587449e+002	-2.087029e+001
1.589014e+002	-2.375755e+001
1.592991e+002	-1.869733e+001
1.596967e+002	-1.363712e+001
1.594588e+002	-2.952909e+001
1.602728e+002	-1.074183e+001
1.605827e+002	-8.571626e+000
1.603011e+002	-2.590849e+001
1.605672e+002	-2.518317e+001
1.607238e+002	-2.807043e+001
1.611652e+002	-2.156533e+001
1.621326e+002	2.279381e+000
1.617851e+002	-1.722492e+001
1.618541e+002	-2.300196e+001
1.615943e+002	-3.961627e+001
1.621234e+002	-3.022138e+001
1.619513e+002	-4.394567e+001
1.626557e+002	-2.877076e+001
1.633162e+002	-1.504096e+001
1.629688e+002	-3.454527e+001
1.630597e+002	-3.959976e+001
1.633915e+002	-3.670722e+001
1.642274e+002	-1.719739e+001
1.642744e+002	-2.369700e+001
1.642338e+002	-3.308640e+001
1.643904e+002	-3.597366e+001
1.657740e+002	1.598108e+000
1.661278e+002	5.213431e+000
1.662625e+002	1.603607e+000
1.665724e+002	3.773819e+000
1.660936e+002	-2.006517e+001
1.666007e+002	-1.139261e+001
1.669107e+002	-9.222405e+000
1.671768e+002	-8.497315e+000
1.664569e+002	-4.028379e+001
1.668107e+002	-3.666869e+001
1.675589e+002	-2.004866e+001
1.677374e+002	-2.221336e+001
1.685075e+002	-4.871214e+000
1.683573e+002	-1.787295e+001
1.688426e+002	-9.922953e+000
1.688896e+002	-1.642256e+001
1.693968e+002	-7.749997e+000
1.696410e+002	-7.747241e+000
1.696880e+002	-1.424685e+001
1.699980e+002	-1.207665e+001
1.703737e+002	-7.738987e+000
1.707713e+002	-2.678993e+000
1.706430e+002	-1.495839e+001
1.705586e+002	-2.579290e+001
1.706713e+002	-3.012505e+001
1.714853e+002	-1.133757e+001
1.721677e+002	3.114775e+000
1.720394e+002	-9.164614e+000
1.723713e+002	-6.272077e+000
1.725279e+002	-9.159114e+000
1.725530e+002	-1.638128e+001
1.729506e+002	-1.132106e+001
1.732167e+002	-1.059597e+001
1.735486e+002	-7.703215e+000
1.740339e+002	2.467808e-001
1.734016e+002	-2.864967e+001
1.741936e+002	-1.058496e+001
1.747446e+002	-4.675094e-001
1.743095e+002	-2.286162e+001
1.748167e+002	-1.418906e+001
1.753239e+002	-5.516494e+000
1.754366e+002	-9.848642e+000
1.755275e+002	-1.490336e+001
1.752239e+002	-3.296255e+001
1.761255e+002	-1.128529e+001
1.759096e+002	-2.645469e+001
1.761319e+002	-2.717450e+001
1.760693e+002	-3.728646e+001
1.768833e+002	-1.849918e+001
1.773685e+002	-1.054919e+001
1.772621e+002	-2.210603e+001
1.777693e+002	-1.343347e+001
1.786052e+002	6.076112e+000
1.781701e+002	-1.631797e+001
1.784362e+002	-1.559266e+001
1.790530e+002	-3.307765e+000
1.794068e+002	3.073272e-001
1.792785e+002	-1.197206e+001
1.791502e+002	-2.425147e+001
1.789123e+002	-4.014344e+001
1.799454e+002	-1.413126e+001
1.795103e+002	-3.652560e+001
1.801928e+002	-2.207301e+001
1.809191e+002	-6.175759e+000
1.809442e+002	-1.339770e+001
1.803119e+002	-4.229438e+001
1.814546e+002	-1.266985e+001
1.818522e+002	-7.609640e+000
1.818992e+002	-1.410925e+001
1.820996e+002	-1.555139e+001
1.829354e+002	3.958203e+000
1.829824e+002	-2.541392e+000
1.829418e+002	-1.193079e+001
1.828573e+002	-2.276530e+001
1.834960e+002	-9.757833e+000
1.834553e+002	-1.914744e+001
1.841817e+002	-3.249974e+000
1.845354e+002	3.651184e-001
1.841661e+002	-1.986152e+001
1.838625e+002	-3.792095e+001
1.846326e+002	-2.057858e+001
1.847892e+002	-2.346584e+001
1.852964e+002	-1.479327e+001
1.846641e+002	-4.368973e+001
1.850179e+002	-4.007464e+001
1.857880e+002	-2.273227e+001
1.860980e+002	-2.056207e+001
1.866490e+002	-1.044462e+001
1.870466e+002	-5.384403e+000
1.872251e+002	-7.549105e+000
1.877541e+002	1.845782e+000
1.876478e+002	-9.711051e+000
1.878043e+002	-1.259831e+001
1.879390e+002	-1.620790e+001
1.881175e+002	-1.837260e+001
1.883836e+002	-1.764729e+001
1.884525e+002	-2.342455e+001
1.886310e+002	-2.558925e+001
1.892697e+002	-1.258179e+001
1.896892e+002	-6.799240e+000
1.895390e+002	-1.980099e+001
1.903310e+002	-1.736282e+000
1.903561e+002	-8.958223e+000
1.904031e+002	-1.545782e+001
1.904282e+002	-2.267998e+001
1.904095e+002	-3.134704e+001
1.908729e+002	-2.411937e+001
1.915772e+002	-8.944459e+000
1.914709e+002	-2.050152e+001
1.920000e+002	-1.110641e+001
1.917840e+002	-2.627582e+001
1.917653e+002	-3.494287e+001
1.928860e+002	-6.040913e+000
1.934589e+002	4.799096e+000
1.936812e+002	4.079284e+000
1.933338e+002	-1.542480e+001
1.943012e+002	8.419687e+000
1.943043e+002	4.751906e-001
1.938035e+002	-2.408635e+001
1.942230e+002	-1.830380e+001
1.947302e+002	-9.631242e+000
1.945581e+002	-2.335576e+001
1.947585e+002	-2.479790e+001
1.945645e+002	-3.924476e+001
1.950936e+002	-2.984986e+001
1.963458e+002	3.387222e+000
1.966119e+002	4.112312e+000
1.966589e+002	-2.387282e+000
1.969031e+002	-2.384538e+000
1.967967e+002	-1.394138e+001
1.975011e+002	1.233530e+000
1.973071e+002	-1.321332e+001
1.976828e+002	-8.875658e+000
1.980366e+002	-5.260566e+000
1.979302e+002	-1.681763e+001
1.984593e+002	-7.422513e+000
1.986597e+002	-8.864649e+000
1.984657e+002	-2.331173e+001
1.985346e+002	-2.908878e+001
1.985597e+002	-3.631094e+001
1.990888e+002	-2.691582e+001
2.001438e+002	-1.813084e-001
1.997525e+002	-2.113052e+001
1.995804e+002	-3.485481e+001
1.996055e+002	-4.207698e+001
2.005947e+002	-1.750969e+001
2.007513e+002	-2.039695e+001
2.012147e+002	-1.316928e+001
2.014808e+002	-1.244420e+001
2.015716e+002	-1.749868e+001
2.012900e+002	-3.483554e+001
2.018848e+002	-2.327320e+001
2.016908e+002	-3.772006e+001
2.017816e+002	-4.277476e+001
2.030995e+002	-7.370221e+000
2.031465e+002	-1.386983e+001
2.026896e+002	-3.698649e+001
2.034597e+002	-1.964412e+001
2.035943e+002	-2.325394e+001
2.042768e+002	-8.801358e+000
2.044553e+002	-1.096606e+001
2.041298e+002	-2.974803e+001
2.043521e+002	-3.046762e+001
2.047059e+002	-2.685252e+001
2.058266e+002	2.049428e+000
2.060270e+002	6.072927e-001
2.057892e+002	-1.528444e+001
2.066470e+002	4.947695e+000
2.064091e+002	-1.094404e+001
2.068067e+002	-5.884048e+000
2.063059e+002	-3.044560e+001
2.065282e+002	-3.116541e+001
2.072326e+002	-1.599049e+001
2.077398e+002	-7.317929e+000
2.075238e+002	-2.248734e+001
2.083159e+002	-4.422637e+000
2.089545e+002	8.584806e+000
2.090235e+002	2.807767e+000
2.083474e+002	-2.753380e+001
2.080438e+002	-4.559299e+001
2.085290e+002	-3.764300e+001
2.090800e+002	-2.752555e+001
2.098282e+002	-1.090551e+001
2.097657e+002	-2.101769e+001
2.099661e+002	-2.245982e+001
2.102322e+002	-2.173451e+001
2.104984e+002	-2.100942e+001
2.107426e+002	-2.100668e+001
2.110526e+002	-1.883648e+001
2.112968e+002	-1.883372e+001
2.116506e+002	-1.521840e+001
2.111936e+002	-3.833528e+001
2.109776e+002	-5.350470e+001
2.117478e+002	-3.616233e+001
2.118824e+002	-3.977192e+001
2.121705e+002	-3.832427e+001
2.130063e+002	-1.881446e+001
2.134697e+002	-1.158679e+001
2.140426e+002	-7.467785e-001
2.139581e+002	-1.158129e+001
2.139175e+002	-2.097090e+001
2.141398e+002	-2.169049e+001
2.140992e+002	-3.108009e+001
2.142996e+002	-3.252224e+001
2.152450e+002	-9.400077e+000
2.153797e+002	-1.300967e+001
2.154924e+002	-1.734182e+001
2.156709e+002	-1.950652e+001
2.155864e+002	-3.034103e+001
2.164223e+002	-1.083120e+001
2.173458e+002	1.156839e+001
2.172394e+002	1.131800e-002
2.170892e+002	-1.299041e+001
2.173116e+002	-1.371021e+001
2.175339e+002	-1.443002e+001
2.178657e+002	-1.153725e+001
2.180442e+002	-1.370195e+001
2.182008e+002	-1.658921e+001
2.177876e+002	-3.826098e+001
2.180538e+002	-3.753567e+001
2.190211e+002	-1.369094e+001
2.193530e+002	-1.079819e+001
2.192904e+002	-2.091036e+001
2.196442e+002	-1.729504e+001
2.196912e+002	-2.379464e+001
2.205052e+002	-5.007382e+000
2.204645e+002	-1.439699e+001
2.204897e+002	-2.161893e+001
2.206243e+002	-2.522874e+001
2.208685e+002	-2.522600e+001
2.213319e+002	-1.799833e+001
2.214008e+002	-2.377538e+001
2.219299e+002	-1.438048e+001
2.221960e+002	-1.365517e+001
2.222430e+002	-2.015478e+001
2.224215e+002	-2.231948e+001
2.226876e+002	-2.159417e+001
2.227347e+002	-2.809377e+001
2.230008e+002	-2.736868e+001
2.235299e+002	-1.797357e+001
2.234454e+002	-2.880807e+001
2.241498e+002	-1.363315e+001
2.238243e+002	-3.241491e+001
2.248574e+002	-6.402956e+000
2.248825e+002	-1.362490e+001
2.244913e+002	-3.457410e+001
2.250203e+002	-2.517922e+001
2.259658e+002	-2.057043e+000
2.262977e+002	8.357025e-001
2.258845e+002	-2.083605e+001
2.259315e+002	-2.733565e+001
2.258689e+002	-3.744761e+001
2.263980e+002	-2.805249e+001
2.270805e+002	-1.360013e+001
2.269303e+002	-2.660209e+001
2.272841e+002	-2.298700e+001
2.276817e+002	-1.792678e+001
2.282765e+002	-6.364429e+000
2.279072e+002	-2.659108e+001
2.287431e+002	-7.081265e+000
2.284395e+002	-2.514068e+001
2.283988e+002	-3.453008e+001
2.290375e+002	-2.152261e+001
2.296104e+002	-1.068260e+001
2.302710e+002	3.047186e+000
2.299893e+002	-1.428966e+001
2.302116e+002	-1.500925e+001
2.305216e+002	-1.283904e+001
2.306781e+002	-1.572630e+001
2.304622e+002	-3.089571e+001
2.306845e+002	-3.161552e+001
2.307315e+002	-3.811513e+001
2.307347e+002	-4.605962e+001
