    nm         	pN
0.000000e+000	6.861230e+002
-8.531132e-002	6.699793e+002
-8.826571e-002	6.578713e+002
1.174563e-002	6.508086e+002
-3.238213e-002	6.366830e+002
8.821079e-002	6.306289e+002
2.900600e-003	6.144852e+002
-4.122715e-002	6.003596e+002
-1.265475e-001	5.842155e+002
-3.148155e-001	5.630267e+002
-2.148121e-001	5.559637e+002
-2.383492e-001	5.428470e+002
-1.795215e-001	5.337664e+002
-1.207016e-001	5.246853e+002
-1.442387e-001	5.115686e+002
-2.707325e-001	4.934069e+002
-3.148693e-001	4.792808e+002
-4.619537e-001	4.601102e+002
-3.207599e-001	4.550655e+002
-2.619407e-001	4.459844e+002
-2.237030e-001	4.358948e+002
-3.502058e-001	4.177327e+002
-2.090115e-001	4.126881e+002
-1.707744e-001	4.025984e+002
-1.325372e-001	3.925088e+002
-3.825879e-001	3.682926e+002
-5.296724e-001	3.491220e+002
-3.473046e-001	3.460949e+002
-2.884757e-001	3.370143e+002
-2.502386e-001	3.269246e+002
-3.767414e-001	3.087625e+002
-9.140860e-002	3.107809e+002
-1.149451e-001	2.976642e+002
4.684041e-002	2.936286e+002
-1.787856e-002	2.784940e+002
6.153192e-002	2.704219e+002
2.644999e-001	2.684043e+002
2.203722e-001	2.542786e+002
1.968350e-001	2.411620e+002
3.792028e-001	2.381349e+002
5.615795e-001	2.351083e+002
3.733121e-001	2.139196e+002
5.145059e-001	2.088750e+002
4.497773e-001	1.937399e+002
5.086062e-001	1.846592e+002
7.939401e-001	1.866776e+002
7.909948e-001	1.745700e+002
8.498135e-001	1.654889e+002
8.262775e-001	1.523723e+002
1.193976e+000	1.584267e+002
1.191031e+000	1.463190e+002
1.208676e+000	1.352204e+002
1.494010e+000	1.372388e+002
1.594013e+000	1.301757e+002
1.261606e+000	1.019240e+002
1.608713e+000	1.069694e+002
1.543984e+000	9.183433e+001
1.664587e+000	8.578072e+001
1.785189e+000	7.972707e+001
1.555731e+000	5.651993e+001
1.758699e+000	5.450232e+001
1.899892e+000	4.945772e+001
2.308774e+000	5.753015e+001
2.449969e+000	5.248554e+001
2.467614e+000	4.138690e+001
2.608808e+000	3.634227e+001
2.770593e+000	3.230666e+001
2.911787e+000	2.726204e+001
2.950015e+000	1.717194e+001
3.173575e+000	1.616335e+001
3.067673e+000	-9.893074e-001
3.023536e+000	-1.511541e+001
3.350053e+000	-1.107899e+001
3.058828e+000	-3.731271e+001
3.344162e+000	-3.529429e+001
3.691269e+000	-3.024887e+001
3.688324e+000	-4.235651e+001
4.158979e+000	-3.125705e+001
3.970702e+000	-5.244619e+001
4.400184e+000	-4.336431e+001
4.479596e+000	-5.143638e+001
4.744337e+000	-5.042698e+001
4.761983e+000	-6.152562e+001
4.964952e+000	-6.354322e+001
5.209102e+000	-6.354282e+001
5.185566e+000	-7.665948e+001
5.244384e+000	-8.574056e+001
5.756233e+000	-7.262264e+001
5.712096e+000	-8.674874e+001
5.976837e+000	-8.573935e+001
6.138622e+000	-8.977495e+001
6.032721e+000	-1.069276e+002
5.823853e+000	-1.291258e+002
6.150368e+000	-1.250894e+002
6.353337e+000	-1.271069e+002
6.659262e+000	-1.240795e+002
6.759273e+000	-1.311422e+002
7.126972e+000	-1.250877e+002
7.371122e+000	-1.250873e+002
7.821196e+000	-1.149964e+002
7.962381e+000	-1.200415e+002
7.835887e+000	-1.382032e+002
7.935899e+000	-1.452658e+002
7.850580e+000	-1.614099e+002
7.909407e+000	-1.704906e+002
7.782906e+000	-1.886527e+002
8.232978e+000	-1.785618e+002
8.621269e+000	-1.714983e+002
9.544943e+000	-1.382003e+002
1.155997e+001	-5.142461e+001
1.225714e+001	-2.922566e+001
1.215123e+001	-4.637877e+001
1.278662e+001	-2.720683e+001
1.298959e+001	-2.922444e+001
1.325433e+001	-2.821503e+001
1.341612e+001	-3.225064e+001
1.403091e+001	-1.408814e+001
1.394560e+001	-3.023181e+001
1.418975e+001	-3.023141e+001
1.453686e+001	-2.518598e+001
1.511048e+001	-9.041051e+000
1.527226e+001	-1.307711e+001
1.506340e+001	-3.527481e+001
1.559583e+001	-2.114834e+001
1.583998e+001	-2.114793e+001
1.583703e+001	-3.325559e+001
1.624591e+001	-2.518314e+001
1.646947e+001	-2.619173e+001
1.663126e+001	-3.022734e+001
1.720487e+001	-1.408287e+001
1.689306e+001	-4.132559e+001
1.752844e+001	-2.215409e+001
1.801969e+001	-1.004563e+001
1.791379e+001	-2.719830e+001
1.791084e+001	-3.930596e+001
1.803144e+001	-4.536003e+001
1.841974e+001	-3.829615e+001
1.876684e+001	-3.325071e+001
1.884626e+001	-4.132234e+001
1.950224e+001	-2.114185e+001
1.935516e+001	-4.031253e+001
1.955812e+001	-4.233014e+001
2.025528e+001	-2.013162e+001
2.006702e+001	-4.132031e+001
2.057885e+001	-2.820285e+001
2.098774e+001	-2.013040e+001
2.092302e+001	-3.526507e+001
2.081711e+001	-5.241818e+001
2.116421e+001	-4.737276e+001
2.147015e+001	-4.434489e+001
2.171430e+001	-4.434449e+001
2.177312e+001	-5.342557e+001
2.146130e+001	-8.066830e+001
2.195255e+001	-6.855984e+001
2.248498e+001	-5.443336e+001
2.303801e+001	-3.929743e+001
2.280855e+001	-6.250458e+001
2.332039e+001	-4.938711e+001
2.368810e+001	-4.333224e+001
2.403520e+001	-3.828680e+001
2.380574e+001	-6.149396e+001
2.431758e+001	-4.837649e+001
2.429404e+001	-6.149314e+001
2.439406e+001	-6.855577e+001
2.445289e+001	-7.763641e+001
2.496472e+001	-6.451895e+001
2.539420e+001	-5.543750e+001
2.609137e+001	-3.323853e+001
2.643847e+001	-2.819310e+001
2.602369e+001	-6.048129e+001
2.651494e+001	-4.837283e+001
2.667672e+001	-5.240846e+001
2.685910e+001	-5.543505e+001
2.695911e+001	-6.249769e+001
2.710031e+001	-6.754230e+001
2.755037e+001	-5.745185e+001
2.765038e+001	-6.451448e+001
2.810045e+001	-5.442402e+001
2.828282e+001	-5.745063e+001
2.895940e+001	-3.626068e+001
2.963597e+001	-1.507116e+001
2.934475e+001	-4.130490e+001
2.981540e+001	-3.020544e+001
2.973008e+001	-4.634955e+001
2.950063e+001	-6.955626e+001
2.990951e+001	-6.148381e+001
3.007130e+001	-6.551942e+001
3.052136e+001	-5.542897e+001
3.064196e+001	-6.148259e+001
3.043310e+001	-8.368073e+001
3.145973e+001	-4.533771e+001
3.178625e+001	-4.130083e+001
3.186566e+001	-4.937292e+001
3.225396e+001	-4.230903e+001
3.264226e+001	-3.524558e+001
3.282463e+001	-3.827219e+001
3.273931e+001	-5.441631e+001
3.294228e+001	-5.643392e+001
3.343353e+001	-4.432501e+001
3.413070e+001	-2.212649e+001
3.418952e+001	-3.120714e+001
3.439249e+001	-3.322473e+001
3.432776e+001	-4.835985e+001
3.461310e+001	-4.634142e+001
3.481606e+001	-4.835904e+001
3.497785e+001	-5.239464e+001
3.518082e+001	-5.441226e+001
3.554852e+001	-4.835782e+001
3.581326e+001	-4.734841e+001
3.593386e+001	-5.340203e+001
3.628097e+001	-4.835660e+001
3.677222e+001	-3.624770e+001
3.678986e+001	-4.734679e+001
3.703401e+001	-4.734637e+001
3.775178e+001	-2.413842e+001
3.772824e+001	-3.725508e+001
3.778706e+001	-4.633616e+001
3.807240e+001	-4.431730e+001
3.821359e+001	-4.936235e+001
3.870484e+001	-3.725345e+001
3.882544e+001	-4.330707e+001
3.888426e+001	-5.238815e+001
3.869599e+001	-7.357685e+001
3.914606e+001	-6.348640e+001
3.914311e+001	-7.559404e+001
3.986086e+001	-5.238653e+001
3.981674e+001	-6.651219e+001
4.026680e+001	-5.642174e+001
4.063450e+001	-5.036730e+001
4.071392e+001	-5.843894e+001
4.108162e+001	-5.238450e+001
4.070802e+001	-8.265469e+001
4.138460e+001	-6.146474e+001
4.162875e+001	-6.146433e+001
4.170817e+001	-6.953595e+001
4.215823e+001	-5.944550e+001
4.199056e+001	-7.962520e+001
4.235826e+001	-7.357076e+001
4.252004e+001	-7.760637e+001
4.282597e+001	-7.457896e+001
4.267887e+001	-9.375009e+001
4.304657e+001	-8.769565e+001
4.388788e+001	-5.843366e+001
4.380257e+001	-7.457733e+001
4.417027e+001	-6.852289e+001
4.414672e+001	-8.163999e+001
4.397905e+001	-1.018197e+002
4.440852e+001	-9.273824e+001
4.440557e+001	-1.048459e+002
4.452618e+001	-1.108995e+002
4.479092e+001	-1.098901e+002
4.474678e+001	-1.240162e+002
4.505271e+001	-1.209888e+002
4.533804e+001	-1.189704e+002
4.554101e+001	-1.209880e+002
4.586752e+001	-1.169515e+002
4.613227e+001	-1.159417e+002
4.614991e+001	-1.270408e+002
4.610578e+001	-1.411665e+002
4.626757e+001	-1.452021e+002
4.644995e+001	-1.482287e+002
4.663232e+001	-1.512553e+002
4.669114e+001	-1.603364e+002
4.777955e+001	-1.189663e+002
4.783838e+001	-1.280470e+002
4.791780e+001	-1.361186e+002
4.838845e+001	-1.250191e+002
4.933272e+001	-9.071212e+001
4.970042e+001	-8.465768e+001
5.008872e+001	-7.759379e+001
5.049760e+001	-6.952134e+001
5.119476e+001	-4.732283e+001
5.189193e+001	-2.512388e+001
5.260969e+001	-1.915907e+000
5.242141e+001	-2.310505e+001
5.219195e+001	-4.631220e+001
5.255966e+001	-4.025733e+001
5.317445e+001	-2.209483e+001
5.331565e+001	-2.713946e+001
5.327152e+001	-4.126512e+001
5.320679e+001	-5.640022e+001
5.384219e+001	-3.722829e+001
5.453935e+001	-1.502976e+001
5.404220e+001	-5.135398e+001
5.515121e+001	-8.974479e+000
5.436577e+001	-5.942521e+001
5.485702e+001	-4.731675e+001
5.518354e+001	-4.327988e+001
5.569538e+001	-3.016240e+001
5.598072e+001	-2.814399e+001
5.634842e+001	-2.208955e+001
5.624251e+001	-3.924224e+001
5.646607e+001	-4.025083e+001
5.714264e+001	-1.906133e+001
5.728383e+001	-2.410595e+001
5.736326e+001	-3.217757e+001
5.746326e+001	-3.924020e+001
5.768683e+001	-4.024880e+001
5.772505e+001	-5.033888e+001
5.823690e+001	-3.722098e+001
5.831631e+001	-4.529306e+001
5.884875e+001	-3.116614e+001
5.905172e+001	-3.318373e+001
5.906936e+001	-4.428238e+001
5.964298e+001	-2.813791e+001
5.933115e+001	-5.538107e+001
5.984300e+001	-4.226315e+001
5.988123e+001	-5.235325e+001
6.026952e+001	-4.528981e+001
6.123437e+001	-9.973779e+000
6.108729e+001	-2.914448e+001
6.096079e+001	-4.730659e+001
6.136968e+001	-3.923371e+001
6.124318e+001	-5.739584e+001
6.161088e+001	-5.134140e+001
6.212272e+001	-3.822349e+001
6.242865e+001	-3.519606e+001
6.296108e+001	-2.106959e+001
6.264925e+001	-4.831276e+001
6.272867e+001	-5.638439e+001
6.266395e+001	-7.151906e+001
6.344348e+001	-4.528453e+001
6.385237e+001	-3.721165e+001
6.407593e+001	-3.822024e+001
6.378470e+001	-6.445441e+001
6.411121e+001	-6.041798e+001
6.431418e+001	-6.243558e+001
6.490838e+001	-4.528209e+001
6.521432e+001	-4.225422e+001
6.541728e+001	-4.427184e+001
6.568203e+001	-4.326242e+001
6.569967e+001	-5.436151e+001
6.606736e+001	-4.830707e+001
6.610560e+001	-5.839672e+001
6.661744e+001	-4.527925e+001
6.636740e+001	-6.949497e+001
6.673510e+001	-6.344053e+001
6.667037e+001	-7.857519e+001
6.720281e+001	-6.444871e+001
6.763228e+001	-5.536726e+001
6.783524e+001	-5.738487e+001
6.758520e+001	-8.160103e+001
6.784995e+001	-8.059117e+001
6.823824e+001	-7.352773e+001
6.831765e+001	-8.159981e+001
6.868536e+001	-7.554492e+001
6.907365e+001	-6.848149e+001
6.950312e+001	-5.940004e+001
6.908834e+001	-9.168824e+001
6.925012e+001	-9.572385e+001
7.019439e+001	-6.141684e+001
6.973843e+001	-9.572304e+001
7.027086e+001	-8.159656e+001
7.053561e+001	-8.058670e+001
7.042969e+001	-9.773984e+001
7.094153e+001	-8.462236e+001
7.124746e+001	-8.159495e+001
7.107978e+001	-1.017746e+002
7.152985e+001	-9.168418e+001
7.156808e+001	-1.017738e+002
7.203874e+001	-9.067436e+001
7.234466e+001	-8.764694e+001
7.271236e+001	-8.159250e+001
7.260646e+001	-9.874519e+001
7.274765e+001	-1.037898e+002
7.276530e+001	-1.148885e+002
7.356542e+001	-8.764491e+001
7.383016e+001	-8.663550e+001
7.397136e+001	-9.168011e+001
7.394782e+001	-1.047968e+002
7.417137e+001	-1.058054e+002
7.435375e+001	-1.088320e+002
7.435080e+001	-1.209401e+002
7.498620e+001	-1.017681e+002
7.527153e+001	-9.974972e+001
7.555686e+001	-9.773130e+001
7.551273e+001	-1.118570e+002
7.530387e+001	-1.340551e+002
7.571275e+001	-1.259827e+002
7.591571e+001	-1.280003e+002
7.663348e+001	-1.047923e+002
7.650697e+001	-1.229544e+002
7.660699e+001	-1.300171e+002
7.641871e+001	-1.512058e+002
7.744535e+001	-1.128627e+002
7.752476e+001	-1.209348e+002
7.776891e+001	-1.209344e+002
7.766300e+001	-1.380871e+002
7.794834e+001	-1.360687e+002
7.850137e+001	-1.209332e+002
7.849842e+001	-1.330408e+002
7.886612e+001	-1.269864e+002
7.890435e+001	-1.370760e+002
7.941619e+001	-1.239586e+002
7.902200e+001	-1.552378e+002
7.957503e+001	-1.401018e+002
7.963386e+001	-1.491825e+002
8.072227e+001	-1.078124e+002
8.232546e+001	-4.121680e+001
8.205482e+001	-6.644197e+001
8.238133e+001	-6.240555e+001
8.279022e+001	-5.433309e+001
8.291082e+001	-6.038673e+001
8.325793e+001	-5.534129e+001
8.339912e+001	-6.038591e+001
8.364327e+001	-6.038550e+001
8.355796e+001	-7.652919e+001
8.437867e+001	-4.827664e+001
8.489052e+001	-3.515872e+001
8.439337e+001	-7.148293e+001
8.498758e+001	-5.432944e+001
8.521113e+001	-5.533804e+001
8.537292e+001	-5.937365e+001
8.532879e+001	-7.349932e+001
8.600536e+001	-5.230981e+001
8.612597e+001	-5.836344e+001
8.604065e+001	-7.450711e+001
8.651131e+001	-6.340765e+001
8.685841e+001	-5.836222e+001
8.636127e+001	-9.468643e+001
8.714080e+001	-6.845145e+001
8.761146e+001	-5.735199e+001
8.767029e+001	-6.643264e+001
8.789385e+001	-6.744124e+001
8.815859e+001	-6.643183e+001
8.862924e+001	-5.533236e+001
8.823505e+001	-8.661155e+001
8.831447e+001	-9.468318e+001
8.882631e+001	-8.156571e+001
8.933816e+001	-6.844780e+001
8.941758e+001	-7.651944e+001
8.986765e+001	-6.642897e+001
8.988529e+001	-7.752762e+001
8.994411e+001	-8.660872e+001
9.039418e+001	-7.651781e+001
9.074129e+001	-7.147238e+001
9.026473e+001	-1.067876e+002
9.085894e+001	-8.963410e+001
9.106191e+001	-9.165171e+001
9.173849e+001	-7.046175e+001
9.214737e+001	-6.238930e+001
9.189732e+001	-8.660547e+001
9.187378e+001	-9.972213e+001
9.215911e+001	-9.770370e+001
9.265036e+001	-8.559524e+001
9.275037e+001	-9.265787e+001
9.289157e+001	-9.770248e+001
9.315631e+001	-9.669307e+001
9.335928e+001	-9.871068e+001
9.378875e+001	-8.962923e+001
9.382698e+001	-9.971888e+001
9.423587e+001	-9.164643e+001
9.450061e+001	-9.063701e+001
9.443589e+001	-1.057717e+002
9.449472e+001	-1.148523e+002
9.502715e+001	-1.007258e+002
9.628028e+001	-5.128376e+001
9.677154e+001	-3.917485e+001
9.650090e+001	-6.440001e+001
9.690978e+001	-5.632756e+001
9.746281e+001	-4.119165e+001
9.760399e+001	-4.623670e+001
9.795111e+001	-4.119083e+001
9.809229e+001	-4.623590e+001
9.841882e+001	-4.219903e+001
9.843646e+001	-5.329812e+001
9.872179e+001	-5.127971e+001
9.919246e+001	-4.017980e+001
9.908654e+001	-5.733292e+001
9.928952e+001	-5.935052e+001
9.903946e+001	-8.356668e+001
9.971604e+001	-6.237672e+001
1.000837e+002	-5.632228e+001
9.999843e+001	-7.246596e+001
1.006956e+002	-5.026745e+001
1.009192e+002	-5.127604e+001
1.006897e+002	-7.448275e+001
1.007073e+002	-8.558185e+001
1.014869e+002	-5.934686e+001
1.018546e+002	-5.329244e+001
1.014192e+002	-8.658962e+001
1.020958e+002	-6.539969e+001
1.027312e+002	-4.622819e+001
1.028518e+002	-5.228181e+001
1.027253e+002	-7.044349e+001
1.032165e+002	-5.833502e+001
1.031518e+002	-7.346969e+001
1.036842e+002	-5.934321e+001
1.038460e+002	-6.337882e+001
1.038637e+002	-7.447747e+001
1.041902e+002	-7.044104e+001
1.043726e+002	-7.346766e+001
1.044314e+002	-8.254874e+001
1.050462e+002	-6.438580e+001
1.046932e+002	-9.364698e+001
1.053492e+002	-7.346604e+001
1.055933e+002	-7.346564e+001
1.058786e+002	-7.144721e+001
1.060816e+002	-7.346482e+001
1.060992e+002	-8.456392e+001
1.064669e+002	-7.850903e+001
1.068346e+002	-7.245459e+001
1.067699e+002	-8.758971e+001
1.070141e+002	-8.758930e+001
1.073406e+002	-8.355287e+001
1.076877e+002	-7.850700e+001
1.083643e+002	-5.731749e+001
1.081348e+002	-8.052420e+001
1.086055e+002	-6.942475e+001
1.087673e+002	-7.346036e+001
1.088879e+002	-7.951398e+001
1.091732e+002	-7.749557e+001
1.091085e+002	-9.263067e+001
1.093114e+002	-9.464828e+001
1.097615e+002	-8.455782e+001
1.098821e+002	-9.061144e+001
1.102910e+002	-8.253900e+001
1.104734e+002	-8.556562e+001
1.107381e+002	-8.455620e+001
1.106734e+002	-9.969086e+001
1.110205e+002	-9.464544e+001
1.114294e+002	-8.657298e+001
1.116529e+002	-8.758159e+001
1.121236e+002	-7.648169e+001
1.120383e+002	-9.262580e+001
1.119118e+002	-1.107875e+002
1.120942e+002	-1.138141e+002
1.136768e+002	-4.822793e+001
1.147446e+002	-7.866439e+000
1.148446e+002	-1.492951e+001
1.148005e+002	-2.905518e+001
1.149622e+002	-3.309079e+001
1.150828e+002	-3.914441e+001
1.158624e+002	-1.290988e+001
1.161683e+002	-9.882450e+000
1.160212e+002	-2.905315e+001
1.163065e+002	-2.703473e+001
1.164272e+002	-3.308836e+001
1.167537e+002	-2.905193e+001
1.164624e+002	-5.528610e+001
1.172420e+002	-2.905112e+001
1.175891e+002	-2.400568e+001
1.178332e+002	-2.400528e+001
1.184274e+002	-6.851344e+000
1.187128e+002	-4.832930e+000
1.185245e+002	-2.602207e+001
1.189952e+002	-1.492261e+001
1.188069e+002	-3.611130e+001
1.192775e+002	-2.501184e+001
1.195423e+002	-2.400244e+001
1.201777e+002	-4.830498e+000
1.205042e+002	-7.940724e-001
1.202747e+002	-2.400121e+001
1.210337e+002	1.224741e+000
1.207424e+002	-2.500941e+001
1.214190e+002	-3.819452e+000
1.214984e+002	-1.189153e+001
1.216602e+002	-1.592714e+001
1.224398e+002	1.030781e+001
1.220867e+002	-1.895335e+001
1.223103e+002	-1.996195e+001
1.228016e+002	-7.853045e+000
1.229633e+002	-1.188910e+001
1.230222e+002	-2.096973e+001
1.235340e+002	-7.851829e+000
1.239635e+002	1.229606e+000
1.236105e+002	-2.803155e+001
1.241429e+002	-1.390508e+001
1.239135e+002	-3.711179e+001
1.244665e+002	-2.197630e+001
1.246900e+002	-2.298491e+001
1.250371e+002	-1.793947e+001
1.253225e+002	-1.592106e+001
1.255254e+002	-1.793866e+001
1.254813e+002	-3.206433e+001
1.260755e+002	-1.491083e+001
1.260932e+002	-2.600949e+001
1.263991e+002	-2.298207e+001
1.266844e+002	-2.096365e+001
1.267021e+002	-3.206230e+001
1.271521e+002	-2.197184e+001
1.273757e+002	-2.298045e+001
1.278463e+002	-1.188099e+001
1.278640e+002	-2.297963e+001
1.282523e+002	-1.591620e+001
1.282287e+002	-2.903284e+001
1.285347e+002	-2.600543e+001
1.289230e+002	-1.894199e+001
1.291465e+002	-1.995059e+001
1.295966e+002	-9.860127e+000
1.298202e+002	-1.086872e+001
1.298790e+002	-1.994937e+001
1.299172e+002	-3.003901e+001
1.305732e+002	-9.858510e+000
1.307762e+002	-1.187611e+001
1.309585e+002	-1.490272e+001
1.316351e+002	6.287224e+000
1.317969e+002	2.251599e+000
1.318351e+002	-7.838018e+000
1.320999e+002	-6.828619e+000
1.320557e+002	-2.095472e+001
1.319293e+002	-3.911641e+001
1.327500e+002	-1.086386e+001
1.330147e+002	-9.854445e+000
1.331147e+002	-1.691708e+001
1.332147e+002	-2.397970e+001
1.335824e+002	-1.792526e+001
1.340737e+002	-5.816357e+000
1.337825e+002	-3.205052e+001
1.345620e+002	-5.815556e+000
1.341678e+002	-3.709474e+001
1.343296e+002	-4.113036e+001
1.349650e+002	-2.195886e+001
1.350856e+002	-2.801248e+001
1.355974e+002	-1.489500e+001
1.359651e+002	-8.840135e+000
1.359210e+002	-2.296624e+001
1.358563e+002	-3.810090e+001
1.362446e+002	-3.103746e+001
1.368593e+002	-1.287497e+001
1.372270e+002	-6.820090e+000
1.373476e+002	-1.287416e+001
1.368093e+002	-5.121639e+001
1.378771e+002	-1.085533e+001
1.380183e+002	-1.589995e+001
1.382213e+002	-1.791755e+001
1.385478e+002	-1.388113e+001
1.384419e+002	-3.103381e+001
1.392008e+002	-5.807843e+000
1.394244e+002	-6.816441e+000
1.395244e+002	-1.387951e+001
1.396244e+002	-2.094213e+001
1.398892e+002	-1.993273e+001
1.401745e+002	-1.791432e+001
1.402745e+002	-2.497694e+001
1.407040e+002	-1.589549e+001
1.413600e+002	4.285438e+000
1.411717e+002	-1.690369e+001
1.414570e+002	-1.488527e+001
1.413099e+002	-3.405596e+001
1.418218e+002	-2.093848e+001
1.424778e+002	-7.575380e-001
1.428455e+002	5.296885e+000
1.426572e+002	-1.589224e+001
1.431278e+002	-4.792332e+000
1.436397e+002	8.325112e+000
1.434514e+002	-1.286401e+001
1.437985e+002	-7.818142e+000
1.438573e+002	-1.689922e+001
1.441839e+002	-1.286280e+001
1.440162e+002	-3.304248e+001
1.443839e+002	-2.698805e+001
1.447516e+002	-2.093362e+001
1.448310e+002	-2.900525e+001
1.454252e+002	-1.185175e+001
1.457105e+002	-9.833337e+000
1.459959e+002	-7.814478e+000
1.462194e+002	-8.823076e+000
1.461959e+002	-2.194018e+001
1.466254e+002	-1.285873e+001
1.465607e+002	-2.799340e+001
1.470107e+002	-1.790294e+001
1.470078e+002	-3.001060e+001
1.471078e+002	-3.707322e+001
1.476814e+002	-2.092874e+001
1.480079e+002	-1.689231e+001
1.480050e+002	-2.899997e+001
1.483727e+002	-2.294553e+001
1.488433e+002	-1.184607e+001
1.487786e+002	-2.698074e+001
1.491051e+002	-2.294431e+001
1.495346e+002	-1.386287e+001
1.494699e+002	-2.899754e+001
1.500641e+002	-1.184405e+001
1.503494e+002	-9.825624e+000
1.504906e+002	-1.487025e+001
1.506112e+002	-2.092387e+001
1.506288e+002	-3.202252e+001
1.510789e+002	-2.193207e+001
1.514054e+002	-1.789564e+001
1.513613e+002	-3.202130e+001
1.515849e+002	-3.302990e+001
1.519114e+002	-2.899347e+001
1.523820e+002	-1.789401e+001
1.525232e+002	-2.293864e+001
1.526232e+002	-3.000125e+001
1.530939e+002	-1.890181e+001
1.536881e+002	-1.747877e+000
1.537057e+002	-1.284695e+001
1.539293e+002	-1.385557e+001
1.536999e+002	-3.706226e+001
1.540470e+002	-3.201684e+001
1.544970e+002	-2.192639e+001
1.545147e+002	-3.302503e+001
1.551295e+002	-1.486253e+001
1.552501e+002	-2.091616e+001
1.555148e+002	-1.990674e+001
1.558619e+002	-1.486132e+001
1.561267e+002	-1.385190e+001
1.563914e+002	-1.284249e+001
1.566561e+002	-1.183309e+001
1.569827e+002	-7.796219e+000
1.572680e+002	-5.777806e+000
1.571827e+002	-2.192192e+001
1.574268e+002	-2.192151e+001
1.577945e+002	-1.586707e+001
1.582858e+002	-3.758161e+000
1.585094e+002	-4.766759e+000
1.584652e+002	-1.889288e+001
1.592653e+002	8.351101e+000
1.587476e+002	-2.898211e+001
1.593006e+002	-1.384662e+001
1.598537e+002	1.289280e+000
1.595006e+002	-2.797188e+001
1.600331e+002	-1.384541e+001
1.600919e+002	-2.292606e+001
1.604596e+002	-1.687162e+001
1.606214e+002	-2.090723e+001
1.609067e+002	-1.888881e+001
1.610273e+002	-2.494244e+001
1.617657e+002	-7.254685e-001
1.614539e+002	-2.796863e+001
1.618010e+002	-2.292321e+001
1.617980e+002	-3.503087e+001
1.625569e+002	-9.805333e+000
1.625334e+002	-2.292199e+001
1.633129e+002	3.312974e+000
1.634541e+002	-1.731634e+000
1.633070e+002	-2.090276e+001
1.635100e+002	-2.292038e+001
1.638777e+002	-1.686594e+001
1.640601e+002	-1.989255e+001
1.641601e+002	-2.695517e+001
1.642807e+002	-3.300879e+001
1.651632e+002	-1.728786e+000
1.651190e+002	-1.585491e+001
1.649926e+002	-3.401657e+001
1.655456e+002	-1.888110e+001
1.663045e+002	6.344850e+000
1.659103e+002	-2.493432e+001
1.662986e+002	-1.787089e+001
1.664810e+002	-2.089748e+001
1.669311e+002	-1.080703e+001
1.674223e+002	1.301859e+000
1.672546e+002	-1.887825e+001
1.672723e+002	-2.997691e+001
1.675370e+002	-2.896750e+001
1.679871e+002	-1.887704e+001
1.682724e+002	-1.685862e+001
1.685166e+002	-1.685822e+001
1.687607e+002	-1.685781e+001
1.688607e+002	-2.392044e+001
1.693726e+002	-1.080297e+001
1.697815e+002	-2.730087e+000
1.693255e+002	-3.703629e+001
1.699609e+002	-1.786479e+001
1.702050e+002	-1.786439e+001
1.705315e+002	-1.382796e+001
1.707757e+002	-1.382755e+001
1.705668e+002	-3.602526e+001
1.710375e+002	-2.492579e+001
1.714670e+002	-1.584434e+001
1.721847e+002	7.363595e+000
1.723465e+002	3.327985e+000
1.721994e+002	-1.584313e+001
1.720523e+002	-3.501381e+001
1.722347e+002	-3.804042e+001
1.726230e+002	-3.097698e+001
1.731349e+002	-1.785951e+001
1.734614e+002	-1.382308e+001
1.730260e+002	-4.712028e+001
1.736614e+002	-2.794834e+001
1.738232e+002	-3.198396e+001
1.737790e+002	-4.611007e+001
1.746821e+002	-1.382107e+001
1.748233e+002	-1.886567e+001
1.750880e+002	-1.785626e+001
1.755381e+002	-7.765366e+000
1.755558e+002	-1.886446e+001
1.757793e+002	-1.987306e+001
1.759205e+002	-2.491768e+001
1.762470e+002	-2.088126e+001
1.763676e+002	-2.693488e+001
1.764265e+002	-3.601551e+001
1.769177e+002	-2.390705e+001
1.771412e+002	-2.491565e+001
1.774883e+002	-1.987022e+001
1.780002e+002	-6.752302e+000
1.782032e+002	-8.769914e+000
1.781590e+002	-2.289602e+001
1.785061e+002	-1.785058e+001
1.787297e+002	-1.885918e+001
1.790562e+002	-1.482275e+001
1.796092e+002	3.131518e-001
1.795445e+002	-1.482195e+001
1.796239e+002	-2.289357e+001
1.796827e+002	-3.197422e+001
1.800504e+002	-2.591978e+001
1.803563e+002	-2.289235e+001
1.806005e+002	-2.289195e+001
1.808034e+002	-2.490955e+001
1.814183e+002	-6.746621e+000
1.814977e+002	-1.481870e+001
1.821948e+002	7.380238e+000
1.820889e+002	-9.772862e+000
1.820860e+002	-2.188051e+001
1.821448e+002	-3.096116e+001
1.826360e+002	-1.885270e+001
1.831067e+002	-7.752787e+000
1.832479e+002	-1.279784e+001
1.836156e+002	-6.742972e+000
1.839215e+002	-3.715545e+000
1.840421e+002	-9.769614e+000
1.838538e+002	-3.095831e+001
1.843657e+002	-1.784085e+001
1.846304e+002	-1.683143e+001
1.852658e+002	2.340494e+000
1.848098e+002	-3.196569e+001
1.854040e+002	-1.481221e+001
1.857099e+002	-1.178478e+001
1.857276e+002	-2.288342e+001
1.857658e+002	-3.297307e+001
1.859070e+002	-3.801770e+001
1.865012e+002	-2.086420e+001
1.869307e+002	-1.178276e+001
1.868248e+002	-2.893543e+001
1.872337e+002	-2.086298e+001
1.876425e+002	-1.279054e+001
1.879073e+002	-1.178113e+001
1.882750e+002	-5.726245e+000
1.883132e+002	-1.581634e+001
1.882073e+002	-3.296901e+001
1.886985e+002	-2.086055e+001
1.887574e+002	-2.994118e+001
1.892898e+002	-1.581471e+001
1.891839e+002	-3.296739e+001
1.896545e+002	-2.186793e+001
1.905370e+002	9.412061e+000
1.903076e+002	-1.379508e+001
1.899340e+002	-4.406482e+001
1.907135e+002	-1.783029e+001
1.906899e+002	-3.094695e+001
1.910988e+002	-2.287450e+001
1.910341e+002	-3.800917e+001
1.916489e+002	-1.984667e+001
1.919136e+002	-1.883727e+001
1.921166e+002	-2.085487e+001
1.923607e+002	-2.085447e+001
1.926255e+002	-1.984505e+001
1.933020e+002	1.344890e+000
1.934844e+002	-1.681705e+000
1.931108e+002	-3.195190e+001
1.937874e+002	-1.076239e+001
1.941139e+002	-6.725513e+000
1.941521e+002	-1.681561e+001
1.943963e+002	-1.681519e+001
1.943727e+002	-2.993185e+001
1.954200e+002	9.420174e+000
1.950875e+002	-1.883199e+001
1.948787e+002	-4.102968e+001
1.955552e+002	-1.984019e+001
1.956347e+002	-2.791181e+001
1.960847e+002	-1.782136e+001
1.964112e+002	-1.378493e+001
1.967583e+002	-8.739062e+000
1.969819e+002	-9.748106e+000
1.972672e+002	-7.729247e+000
1.973672e+002	-1.479231e+001
1.977349e+002	-8.737429e+000
1.978143e+002	-1.680951e+001
1.981409e+002	-1.277308e+001
1.983438e+002	-1.479070e+001
1.984644e+002	-2.084432e+001
1.986880e+002	-2.185292e+001
1.993645e+002	-6.629612e-001
1.995263e+002	-4.698571e+000
1.993175e+002	-2.689673e+001
2.000352e+002	-3.688756e+000
2.002176e+002	-6.715367e+000
2.004000e+002	-9.742425e+000
2.003146e+002	-2.588610e+001
2.004970e+002	-2.891271e+001
2.009059e+002	-2.084025e+001
2.014589e+002	-5.704336e+000
2.014148e+002	-1.983044e+001
2.020090e+002	-2.676509e+000
2.018825e+002	-2.083864e+001
2.021060e+002	-2.184724e+001
2.024531e+002	-1.680180e+001
2.025120e+002	-2.588243e+001
2.027561e+002	-2.588203e+001
2.028561e+002	-3.294467e+001
2.034297e+002	-1.680018e+001
2.036739e+002	-1.679976e+001
2.034032e+002	-4.202448e+001
2.041622e+002	-1.679896e+001
2.041592e+002	-2.890661e+001
2.044034e+002	-2.890621e+001
2.048123e+002	-2.083376e+001
2.047887e+002	-3.395042e+001
2.053211e+002	-1.982394e+001
2.060389e+002	3.383995e+000
2.057888e+002	-2.083214e+001
2.055388e+002	-4.504829e+001
2.064831e+002	-1.074128e+001
2.067478e+002	-9.731864e+000
2.067243e+002	-2.284852e+001
2.069890e+002	-2.183911e+001
2.067801e+002	-4.403682e+001
2.076420e+002	-1.376626e+001
2.075361e+002	-3.091894e+001
2.081303e+002	-1.376546e+001
2.086833e+002	1.370463e+000
2.085362e+002	-1.780067e+001
2.086774e+002	-2.284527e+001
2.086951e+002	-3.394392e+001
2.093511e+002	-1.376342e+001
2.096364e+002	-1.174501e+001
2.098188e+002	-1.477161e+001
2.097335e+002	-3.091529e+001
2.099364e+002	-3.293289e+001
2.099541e+002	-4.403154e+001
2.105895e+002	-2.486004e+001
2.105041e+002	-4.100371e+001
2.110983e+002	-2.385022e+001
2.111983e+002	-3.091285e+001
2.111336e+002	-4.604796e+001
2.115013e+002	-3.999308e+001
2.120749e+002	-2.384859e+001
2.118867e+002	-4.503773e+001
2.123985e+002	-3.191983e+001
2.124779e+002	-3.999146e+001
2.134016e+002	-6.693444e+000
2.131721e+002	-2.990060e+001
2.136222e+002	-1.981015e+001
2.140517e+002	-1.072870e+001
2.139458e+002	-2.788137e+001
2.140870e+002	-3.292599e+001
2.143105e+002	-3.393459e+001
2.148841e+002	-1.779010e+001
2.154165e+002	-3.663184e+000
2.154342e+002	-1.476228e+001
2.150812e+002	-4.402301e+001
2.160666e+002	-7.697993e+000
2.159607e+002	-2.485111e+001
2.163490e+002	-1.778767e+001
2.170050e+002	2.393256e+000
2.171256e+002	-3.660351e+000
2.170815e+002	-1.778645e+001
2.170167e+002	-3.292111e+001
2.178580e+002	-3.659135e+000
2.175668e+002	-2.989329e+001
2.174815e+002	-4.603740e+001
2.184052e+002	-1.273940e+001
2.182169e+002	-3.392809e+001
2.185640e+002	-2.888267e+001
2.190346e+002	-1.778321e+001
2.194229e+002	-1.071977e+001
2.193994e+002	-2.383643e+001
2.196641e+002	-2.282701e+001
2.202172e+002	-7.691095e+000
2.204613e+002	-7.690680e+000
2.200465e+002	-3.997888e+001
2.202701e+002	-4.098748e+001
2.211526e+002	-9.707923e+000
2.217674e+002	8.455008e+000
2.212290e+002	-2.988720e+001
2.213908e+002	-3.392281e+001
2.222116e+002	-5.669834e+000
2.223527e+002	-1.071489e+001
2.223498e+002	-2.282255e+001
2.227175e+002	-1.676811e+001
2.226939e+002	-2.988477e+001
2.233087e+002	-1.172227e+001
2.233882e+002	-1.979391e+001
2.232617e+002	-3.795559e+001
2.232587e+002	-5.006368e+001
2.243059e+002	-1.071164e+001
2.243030e+002	-2.281930e+001
2.245265e+002	-2.382790e+001
2.248942e+002	-1.777346e+001
2.251796e+002	-1.575505e+001
2.258150e+002	3.416881e+000
2.255855e+002	-1.979026e+001
2.255208e+002	-3.492491e+001
2.263209e+002	-7.680934e+000
2.264209e+002	-1.474402e+001
2.262738e+002	-3.391470e+001
2.264562e+002	-3.694131e+001
2.267827e+002	-3.290488e+001
2.269239e+002	-3.794951e+001
2.276828e+002	-1.272397e+001
2.275975e+002	-2.886764e+001
2.278005e+002	-3.088526e+001
2.281682e+002	-2.483082e+001
2.281241e+002	-3.895647e+001
2.288006e+002	-1.776696e+001
2.288800e+002	-2.583860e+001
2.289183e+002	-3.592825e+001
2.294095e+002	-2.381979e+001
2.294271e+002	-3.491843e+001
2.297948e+002	-2.886399e+001
2.304508e+002	-8.683051e+000
2.302008e+002	-3.289920e+001
2.307538e+002	-1.776372e+001
2.306685e+002	-3.390739e+001
2.311803e+002	-2.078993e+001
2.311568e+002	-3.390659e+001
2.314627e+002	-3.087916e+001
2.320363e+002	-1.473467e+001
2.323834e+002	-9.689248e+000
2.324423e+002	-1.876988e+001
2.325423e+002	-2.583252e+001
2.325599e+002	-3.693116e+001
2.330512e+002	-2.482270e+001
2.335836e+002	-1.069623e+001
2.336012e+002	-2.179488e+001
2.342160e+002	-3.631930e+000
2.342748e+002	-1.271301e+001
2.343954e+002	-1.876663e+001
2.343513e+002	-3.289231e+001
2.348426e+002	-2.078383e+001
2.349426e+002	-2.784647e+001
2.354338e+002	-1.573800e+001
