    nm         	pN
0.000000e+000	5.666970e+002
-8.533511e-002	5.505521e+002
-1.294855e-001	5.364253e+002
-5.004219e-002	5.283549e+002
-9.418354e-002	5.142285e+002
-9.713905e-002	5.021204e+002
-1.206818e-001	4.890034e+002
-8.243338e-002	4.789144e+002
-3.119597e-001	4.557039e+002
-3.766968e-001	4.405684e+002
-2.766662e-001	4.335067e+002
-2.590158e-001	4.224083e+002
-1.795730e-001	4.143378e+002
-1.413245e-001	4.042487e+002
-1.236821e-001	3.931498e+002
-6.483673e-002	3.840700e+002
-1.089775e-001	3.699437e+002
-1.737248e-001	3.548077e+002
-3.002548e-001	3.366442e+002
-1.796262e-001	3.305919e+002
-5.898855e-002	3.245400e+002
-2.061160e-001	3.053672e+002
-3.326551e-001	2.872033e+002
-2.532123e-001	2.791328e+002
-5.018598e-002	2.771180e+002
-5.313186e-002	2.650103e+002
-1.178792e-001	2.498743e+002
-7.963072e-002	2.397852e+002
-1.879460e-004	2.317147e+002
-3.143462e-003	2.196066e+002
-1.296735e-001	2.014431e+002
-2.963269e-002	1.943819e+002
9.099535e-002	1.883295e+002
1.292438e-001	1.782404e+002
4.390812e-002	1.620955e+002
1.645458e-001	1.560436e+002
3.881690e-001	1.550382e+002
4.470058e-001	1.459579e+002
5.676435e-001	1.399060e+002
5.235027e-001	1.257797e+002
5.205472e-001	1.136716e+002
6.617823e-001	1.086290e+002
7.824194e-001	1.025770e+002
1.047238e+000	1.035902e+002
1.003097e+000	8.946389e+001
9.383500e-001	7.432787e+001
8.736112e-001	5.919229e+001
9.530545e-001	5.112178e+001
1.073683e+000	4.506942e+001
9.471526e-001	2.690595e+001
9.236098e-001	1.378895e+001
9.412517e-001	2.690104e+000
1.226667e+000	4.712550e+000
1.470888e+000	4.716415e+000
1.570929e+000	-2.344790e+000
1.629775e+000	-1.142459e+001
1.462041e+000	-3.160711e+001
1.685665e+000	-3.261253e+001
1.682719e+000	-4.472024e+001
1.968134e+000	-4.269779e+001
1.676817e+000	-6.893607e+001
1.632676e+000	-8.306236e+001
1.691521e+000	-9.214216e+001
2.162313e+000	-8.103605e+001
2.241756e+000	-8.910656e+001
2.506574e+000	-8.809341e+001
2.668406e+000	-9.212673e+001
2.418283e+000	-1.163464e+002
2.889075e+000	-1.052403e+002
3.112699e+000	-1.062458e+002
3.006767e+000	-1.233999e+002
2.921421e+000	-1.395453e+002
2.980267e+000	-1.486251e+002
3.265683e+000	-1.466026e+002
3.468710e+000	-1.486174e+002
3.383373e+000	-1.647622e+002
3.298029e+000	-1.809075e+002
3.562848e+000	-1.798944e+002
3.889458e+000	-1.758534e+002
4.030694e+000	-1.808960e+002
4.130733e+000	-1.879572e+002
4.024791e+000	-2.051118e+002
4.289610e+000	-2.040987e+002
4.389650e+000	-2.111599e+002
4.263120e+000	-2.293234e+002
4.342564e+000	-2.373939e+002
4.524983e+000	-2.404184e+002
4.851602e+000	-2.363769e+002
5.013425e+000	-2.404106e+002
5.113466e+000	-2.474718e+002
5.831434e+000	-2.242537e+002
5.807890e+000	-2.373707e+002
6.237486e+000	-2.282832e+002
6.234532e+000	-2.403913e+002
6.622943e+000	-2.333220e+002
7.979427e+000	-1.788157e+002
8.656199e+000	-1.576162e+002
9.415353e+000	-1.323799e+002
1.017452e+001	-1.071432e+002
1.039814e+001	-1.081487e+002
1.074535e+001	-1.030983e+002
1.092778e+001	-1.061224e+002
1.098662e+001	-1.152022e+002
1.090128e+001	-1.313475e+002
1.163984e+001	-1.071201e+002
1.182227e+001	-1.101441e+002
1.186052e+001	-1.202332e+002
1.208414e+001	-1.212387e+002
1.247255e+001	-1.141697e+002
1.253139e+001	-1.232495e+002
1.242545e+001	-1.404042e+002
1.252549e+001	-1.474654e+002
1.258434e+001	-1.565452e+002
1.256078e+001	-1.696626e+002
1.307278e+001	-1.565375e+002
1.306982e+001	-1.686456e+002
1.312867e+001	-1.777254e+002
1.355827e+001	-1.686379e+002
1.386429e+001	-1.656057e+002
1.417030e+001	-1.625740e+002
1.396137e+001	-1.847751e+002
1.383483e+001	-2.029390e+002
1.473818e+001	-1.706372e+002
1.457045e+001	-1.908193e+002
1.460870e+001	-2.009084e+002
1.481172e+001	-2.029236e+002
1.524132e+001	-1.938356e+002
1.612407e+001	-1.625431e+002
1.634769e+001	-1.635485e+002
1.653012e+001	-1.665726e+002
1.679494e+001	-1.655594e+002
1.699796e+001	-1.675746e+002
1.703621e+001	-1.776637e+002
1.721864e+001	-1.806878e+002
1.785422e+001	-1.615068e+002
1.793365e+001	-1.695778e+002
1.807488e+001	-1.746204e+002
1.889584e+001	-1.463558e+002
2.058189e+001	-7.570036e+001
2.121747e+001	-5.651944e+001
2.160587e+001	-4.945051e+001
2.220024e+001	-3.228862e+001
2.269164e+001	-2.017277e+001
2.299766e+001	-1.714103e+001
2.299470e+001	-2.924917e+001
2.313593e+001	-3.429179e+001
2.300940e+001	-5.245526e+001
2.362438e+001	-3.428408e+001
2.388919e+001	-3.327092e+001
2.409222e+001	-3.528565e+001
2.421286e+001	-4.133758e+001
2.456007e+001	-3.628725e+001
2.486608e+001	-3.325550e+001
2.465716e+001	-5.545616e+001
2.498377e+001	-5.141512e+001
2.555755e+001	-3.526253e+001
2.571938e+001	-3.929584e+001
2.592241e+001	-4.131058e+001
2.614603e+001	-4.231602e+001
2.634906e+001	-4.433075e+001
2.630492e+001	-5.845704e+001
2.679631e+001	-4.634164e+001
2.718471e+001	-3.927272e+001
2.738773e+001	-4.128746e+001
2.732300e+001	-5.642304e+001
2.762901e+001	-5.339128e+001
2.799681e+001	-4.733166e+001
2.824103e+001	-4.732780e+001
2.809390e+001	-6.650101e+001
2.827633e+001	-6.952504e+001
2.849995e+001	-7.053048e+001
2.855880e+001	-7.961028e+001
2.915317e+001	-6.244841e+001
2.933560e+001	-6.547243e+001
2.951803e+001	-6.849647e+001
3.011242e+001	-5.133413e+001
2.953274e+001	-9.170256e+001
3.006532e+001	-7.756856e+001
3.049492e+001	-6.848104e+001
3.057436e+001	-7.655156e+001
3.075679e+001	-7.957558e+001
3.108340e+001	-7.553455e+001
3.105986e+001	-8.865153e+001
3.144826e+001	-8.158260e+001
3.152770e+001	-8.965311e+001
3.162773e+001	-9.671478e+001
3.183076e+001	-9.872951e+001
3.234275e+001	-8.560437e+001
3.246339e+001	-9.165628e+001
3.211028e+001	-1.209225e+002
3.216913e+001	-1.300023e+002
3.280470e+001	-1.108218e+002
3.296653e+001	-1.148551e+002
3.308717e+001	-1.209070e+002
3.353736e+001	-1.108102e+002
3.363740e+001	-1.178714e+002
3.394341e+001	-1.148397e+002
3.410524e+001	-1.188730e+002
3.439066e+001	-1.168506e+002
3.525281e+001	-8.656739e+001
3.679468e+001	-2.297700e+001
3.654456e+001	-4.719669e+001
3.660340e+001	-5.627650e+001
3.697120e+001	-5.021687e+001
3.667989e+001	-7.645515e+001
3.756264e+001	-4.516267e+001
3.801283e+001	-3.506586e+001
3.815406e+001	-4.010849e+001
3.876904e+001	-2.193686e+001
3.858071e+001	-4.312866e+001
3.810402e+001	-7.845060e+001
3.917214e+001	-3.807446e+001
3.888082e+001	-6.431275e+001
3.933103e+001	-5.421548e+001
3.969883e+001	-4.815586e+001
4.010783e+001	-4.007763e+001
4.037265e+001	-3.906448e+001
4.041090e+001	-4.915358e+001
4.092288e+001	-3.602887e+001
4.096113e+001	-4.611798e+001
4.137013e+001	-3.803976e+001
4.136719e+001	-5.014745e+001
4.173499e+001	-4.408782e+001
4.193802e+001	-4.610256e+001
4.220284e+001	-4.508940e+001
4.207630e+001	-6.325332e+001
4.229992e+001	-6.425876e+001
4.268833e+001	-5.718940e+001
4.272657e+001	-6.727893e+001
4.313558e+001	-5.920026e+001
4.331800e+001	-6.222475e+001
4.383000e+001	-4.909959e+001
4.409481e+001	-4.808645e+001
4.431844e+001	-4.909188e+001
4.419190e+001	-6.725579e+001
4.437433e+001	-7.027984e+001
4.441258e+001	-8.036893e+001
4.506875e+001	-6.017916e+001
4.539536e+001	-5.613767e+001
4.549539e+001	-6.319934e+001
4.545125e+001	-7.732563e+001
4.567488e+001	-7.833106e+001
4.602208e+001	-7.328072e+001
4.608093e+001	-8.236054e+001
4.667531e+001	-6.519865e+001
4.677534e+001	-7.225986e+001
4.677240e+001	-8.436755e+001
4.650168e+001	-1.095965e+002
4.695187e+001	-9.949972e+001
4.756685e+001	-8.132810e+001
4.770809e+001	-8.637073e+001
4.768454e+001	-9.948815e+001
4.819653e+001	-8.636301e+001
4.837896e+001	-8.938704e+001
4.819063e+001	-1.105788e+002
4.857903e+001	-1.035099e+002
4.859668e+001	-1.146083e+002
4.884090e+001	-1.146045e+002
4.914692e+001	-1.115727e+002
4.916457e+001	-1.226711e+002
4.912042e+001	-1.367979e+002
4.971480e+001	-1.196355e+002
4.985604e+001	-1.246781e+002
4.977069e+001	-1.408235e+002
5.015909e+001	-1.337545e+002
5.032093e+001	-1.377879e+002
5.019440e+001	-1.559513e+002
5.076818e+001	-1.397987e+002
5.107419e+001	-1.367670e+002
5.131841e+001	-1.367631e+002
5.150084e+001	-1.397872e+002
5.188924e+001	-1.327183e+002
5.275139e+001	-1.024351e+002
5.303681e+001	-1.004126e+002
5.443449e+001	-4.388731e+001
5.471991e+001	-4.186486e+001
5.533488e+001	-2.369368e+001
5.559971e+001	-2.268008e+001
5.520540e+001	-5.396484e+001
5.547022e+001	-5.295168e+001
5.596161e+001	-4.083628e+001
5.626762e+001	-3.780454e+001
5.647065e+001	-3.981927e+001
5.667368e+001	-4.183401e+001
5.747404e+001	-1.457871e+001
5.720332e+001	-3.980770e+001
5.746813e+001	-3.879456e+001
5.769176e+001	-3.979998e+001
5.828614e+001	-2.263766e+001
5.838617e+001	-2.969931e+001
5.840382e+001	-4.079771e+001
5.891581e+001	-2.767302e+001
5.961318e+001	-5.464207e+000
5.907469e+001	-4.381404e+001
5.927772e+001	-4.582877e+001
5.978971e+001	-3.270406e+001
6.023991e+001	-2.260681e+001
6.007217e+001	-4.278932e+001
6.019282e+001	-4.884123e+001
6.031345e+001	-5.489315e+001
6.092842e+001	-3.672197e+001
6.123444e+001	-3.369023e+001
6.141687e+001	-3.671425e+001
6.104316e+001	-6.698973e+001
6.155516e+001	-5.386458e+001
6.202595e+001	-4.275847e+001
6.212598e+001	-4.981969e+001
6.237021e+001	-4.981582e+001
6.251144e+001	-5.485844e+001
6.296164e+001	-4.476164e+001
6.376199e+001	-1.750634e+001
6.380024e+001	-2.759588e+001
6.404446e+001	-2.759203e+001
6.406211e+001	-3.869043e+001
6.420334e+001	-4.373306e+001
6.438577e+001	-4.675708e+001
6.462999e+001	-4.675323e+001
6.497720e+001	-4.170290e+001
6.511844e+001	-4.674552e+001
6.556863e+001	-3.664870e+001
6.538031e+001	-5.784006e+001
6.603647e+001	-3.765029e+001
6.630129e+001	-3.663713e+001
6.586579e+001	-6.994049e+001
6.664555e+001	-4.369449e+001
6.697216e+001	-3.965346e+001
6.731937e+001	-3.460313e+001
6.713105e+001	-5.579448e+001
6.751945e+001	-4.872555e+001
6.739291e+001	-6.688947e+001
6.765773e+001	-6.587631e+001
6.794315e+001	-6.385387e+001
6.808438e+001	-6.889649e+001
6.851398e+001	-5.980897e+001
6.937613e+001	-2.952578e+001
6.883764e+001	-6.787561e+001
6.912305e+001	-6.585317e+001
6.969685e+001	-4.970014e+001
6.969389e+001	-6.180827e+001
6.989691e+001	-6.382301e+001
6.987337e+001	-7.694001e+001
7.026178e+001	-6.987107e+001
7.077377e+001	-5.674593e+001
7.081201e+001	-6.683547e+001
7.117981e+001	-6.077584e+001
7.134165e+001	-6.480918e+001
7.121511e+001	-8.297264e+001
7.156233e+001	-7.792231e+001
7.193012e+001	-7.186268e+001
7.248332e+001	-5.671894e+001
7.231559e+001	-7.690144e+001
7.233324e+001	-8.799984e+001
7.290701e+001	-7.184726e+001
7.358378e+001	-5.064774e+001
7.331307e+001	-7.587672e+001
7.370146e+001	-6.880779e+001
7.359554e+001	-8.596197e+001
7.357198e+001	-9.907941e+001
7.420756e+001	-7.989848e+001
7.422521e+001	-9.099688e+001
7.442824e+001	-9.301161e+001
7.502261e+001	-7.584974e+001
7.516385e+001	-8.089236e+001
7.520210e+001	-9.098145e+001
7.540513e+001	-9.299620e+001
7.589651e+001	-8.088078e+001
7.585236e+001	-9.500752e+001
7.597300e+001	-1.010594e+002
7.638201e+001	-9.298077e+001
7.662623e+001	-9.297691e+001
7.689105e+001	-9.196375e+001
7.666152e+001	-1.151742e+002
7.717351e+001	-1.020494e+002
7.737653e+001	-1.040642e+002
7.774434e+001	-9.800455e+001
7.790617e+001	-1.020379e+002
7.790322e+001	-1.141456e+002
7.839461e+001	-1.020302e+002
7.839166e+001	-1.141379e+002
7.884186e+001	-1.040411e+002
7.848875e+001	-1.333072e+002
7.924792e+001	-1.080705e+002
8.035723e+001	-6.567579e+001
8.126057e+001	-3.337403e+001
8.156659e+001	-3.034227e+001
8.156364e+001	-4.244996e+001
8.147830e+001	-5.859485e+001
8.194910e+001	-4.748874e+001
8.200794e+001	-5.656854e+001
8.231395e+001	-5.353680e+001
8.270236e+001	-4.646787e+001
8.311136e+001	-3.838965e+001
8.290243e+001	-6.059075e+001
8.312605e+001	-6.159619e+001
8.374104e+001	-4.342457e+001
8.419123e+001	-3.332775e+001
8.439426e+001	-3.534248e+001
8.474147e+001	-3.029214e+001
8.490329e+001	-3.432548e+001
8.498274e+001	-4.239599e+001
8.467082e+001	-6.964357e+001
8.534759e+001	-4.844405e+001
8.542704e+001	-5.651456e+001
8.614500e+001	-3.329689e+001
8.610085e+001	-4.742318e+001
8.667463e+001	-3.127060e+001
8.716604e+001	-1.915475e+001
8.673054e+001	-5.245809e+001
8.691296e+001	-5.548213e+001
8.678642e+001	-7.364605e+001
8.756619e+001	-4.740004e+001
8.795459e+001	-4.033112e+001
8.826060e+001	-3.729937e+001
8.815466e+001	-5.445355e+001
8.837829e+001	-5.545899e+001
8.827235e+001	-7.261362e+001
8.870195e+001	-6.352609e+001
8.921394e+001	-5.040094e+001
8.925218e+001	-6.049048e+001
8.980537e+001	-4.534674e+001
8.957584e+001	-6.855715e+001
9.019082e+001	-5.038552e+001
9.004369e+001	-6.955872e+001
9.002014e+001	-8.267572e+001
9.063512e+001	-6.450454e+001
9.069397e+001	-7.358434e+001
9.102057e+001	-6.954329e+001
9.151197e+001	-5.742744e+001
9.157081e+001	-6.650771e+001
9.206221e+001	-5.439186e+001
9.181208e+001	-7.861153e+001
9.217989e+001	-7.255191e+001
9.242411e+001	-7.254806e+001
9.252415e+001	-7.960926e+001
9.274778e+001	-8.061471e+001
9.317737e+001	-7.152719e+001
9.317442e+001	-8.363488e+001
9.348044e+001	-8.060314e+001
9.397183e+001	-6.848774e+001
9.413366e+001	-7.252106e+001
9.417190e+001	-8.261017e+001
9.431314e+001	-8.765279e+001
9.480453e+001	-7.553738e+001
9.500756e+001	-7.755212e+001
9.492222e+001	-9.369699e+001
9.520764e+001	-9.167454e+001
9.536946e+001	-9.570832e+001
9.549009e+001	-1.017602e+002
9.573431e+001	-1.017564e+002
9.577256e+001	-1.118455e+002
9.599619e+001	-1.128509e+002
9.656997e+001	-9.669834e+001
9.716435e+001	-7.953600e+001
9.705841e+001	-9.669062e+001
9.711726e+001	-1.057704e+002
9.764985e+001	-9.163599e+001
9.772928e+001	-9.970695e+001
9.780872e+001	-1.077775e+002
9.844430e+001	-8.859653e+001
9.854433e+001	-9.565819e+001
9.856198e+001	-1.067566e+002
9.890919e+001	-1.017063e+002
9.900923e+001	-1.087675e+002
9.896509e+001	-1.228938e+002
9.912692e+001	-1.269271e+002
9.949473e+001	-1.208675e+002
9.932700e+001	-1.410499e+002
1.001685e+002	-1.117761e+002
9.995962e+001	-1.339772e+002
1.001420e+002	-1.370012e+002
1.006540e+002	-1.238760e+002
1.008159e+002	-1.279094e+002
1.022753e+002	-6.835663e+001
1.032405e+002	-3.302697e+001
1.028256e+002	-6.532103e+001
1.032964e+002	-5.421447e+001
1.036642e+002	-4.815484e+001
1.035582e+002	-6.530945e+001
1.040290e+002	-5.420291e+001
1.041291e+002	-6.126456e+001
1.044763e+002	-5.621377e+001
1.046587e+002	-5.923826e+001
1.048411e+002	-6.226229e+001
1.052296e+002	-5.519292e+001
1.050000e+002	-7.840330e+001
1.059446e+002	-4.408294e+001
1.056944e+002	-6.830263e+001
1.064536e+002	-4.306594e+001
1.063477e+002	-6.022056e+001
1.065713e+002	-6.122600e+001
1.068979e+002	-5.718451e+001
1.066684e+002	-8.039490e+001
1.069950e+002	-7.635387e+001
1.072598e+002	-7.534072e+001
1.073187e+002	-8.442052e+001
1.080572e+002	-6.019356e+001
1.080131e+002	-7.431985e+001
1.086281e+002	-5.614822e+001
1.085427e+002	-7.229355e+001
1.087869e+002	-7.228969e+001
1.088458e+002	-8.136951e+001
1.091930e+002	-7.631917e+001
1.090047e+002	-9.751096e+001
1.099286e+002	-6.419990e+001
1.104612e+002	-5.006545e+001
1.104582e+002	-6.217359e+001
1.108466e+002	-5.510423e+001
1.109055e+002	-6.418448e+001
1.109643e+002	-7.326428e+001
1.114145e+002	-6.316747e+001
1.113498e+002	-7.830305e+001
1.113674e+002	-8.940145e+001
1.117764e+002	-8.132323e+001
1.122472e+002	-7.021711e+001
1.121825e+002	-8.535269e+001
1.126533e+002	-7.424658e+001
1.126915e+002	-8.433568e+001
1.131829e+002	-7.222029e+001
1.139627e+002	-4.597429e+001
1.149896e+002	-7.616734e+000
1.148631e+002	-2.578065e+001
1.148189e+002	-3.990694e+001
1.156193e+002	-1.265166e+001
1.156575e+002	-2.274120e+001
1.162519e+002	-5.578875e+000
1.165991e+002	-5.285399e-001
1.163902e+002	-2.272964e+001
1.166550e+002	-2.171603e+001
1.173318e+002	-5.169623e-001
1.172464e+002	-1.666185e+001
1.181498e+002	1.563992e+001
1.174053e+002	-3.280330e+001
1.178555e+002	-2.270650e+001
1.182645e+002	-1.462782e+001
1.183852e+002	-2.067974e+001
1.188559e+002	-9.573640e+000
1.187088e+002	-2.874685e+001
1.188912e+002	-3.177087e+001
1.194650e+002	-1.561784e+001
1.198328e+002	-9.558214e+000
1.200153e+002	-1.258224e+001
1.202801e+002	-1.156908e+001
1.203801e+002	-1.863030e+001
1.206861e+002	-1.559856e+001
1.208274e+002	-2.064119e+001
1.212570e+002	-1.155367e+001
1.211098e+002	-3.072688e+001
1.217042e+002	-1.356454e+001
1.216807e+002	-2.668198e+001
1.219867e+002	-2.365023e+001
1.223339e+002	-1.859945e+001
1.225987e+002	-1.758631e+001
1.228635e+002	-1.657315e+001
1.226340e+002	-3.978354e+001
1.234962e+002	-9.500371e+000
1.237816e+002	-7.477925e+000
1.234490e+002	-3.573480e+001
1.242700e+002	-7.470211e+000
1.240405e+002	-3.068060e+001
1.244289e+002	-2.361168e+001
1.246113e+002	-2.663570e+001
1.248761e+002	-2.562255e+001
1.253675e+002	-1.350670e+001
1.255294e+002	-1.754003e+001
1.256912e+002	-2.157336e+001
1.259972e+002	-1.854161e+001
1.270653e+002	2.183450e+001
1.262179e+002	-3.165519e+001
1.264003e+002	-3.467923e+001
1.269741e+002	-1.852618e+001
1.274037e+002	-9.438664e+000
1.278127e+002	-1.360440e+000
1.275626e+002	-2.558013e+001
1.280952e+002	-1.144568e+001
1.283188e+002	-1.245113e+001
1.285424e+002	-1.345657e+001
1.290338e+002	-1.341164e+000
1.290308e+002	-1.344886e+001
1.292339e+002	-1.546359e+001
1.294163e+002	-1.848763e+001
1.299077e+002	-6.372224e+000
1.299665e+002	-1.545203e+001
1.303755e+002	-7.373802e+000
1.307021e+002	-3.332758e+000
1.303284e+002	-3.360823e+001
1.308404e+002	-2.048309e+001
1.312906e+002	-1.038626e+001
1.314113e+002	-1.643818e+001
1.316143e+002	-1.845293e+001
1.317555e+002	-2.349600e+001
1.320203e+002	-2.248284e+001
1.320792e+002	-3.156264e+001
1.325706e+002	-1.944679e+001
1.326500e+002	-2.751775e+001
1.325441e+002	-4.467193e+001
1.328501e+002	-4.164017e+001
1.331973e+002	-3.658984e+001
1.338329e+002	-1.740892e+001
1.337269e+002	-3.456354e+001
1.340536e+002	-3.052250e+001
1.348951e+002	-1.248620e+000
1.347480e+002	-2.042138e+001
1.350746e+002	-1.638034e+001
1.355042e+002	-7.292820e+000
1.355836e+002	-1.536333e+001
1.356425e+002	-2.444358e+001
1.360515e+002	-1.636493e+001
1.361927e+002	-2.140755e+001
1.362721e+002	-2.947849e+001
1.363722e+002	-3.653971e+001
1.366782e+002	-3.350797e+001
1.372932e+002	-1.533634e+001
1.376198e+002	-1.129530e+001
1.376992e+002	-1.936581e+001
1.379022e+002	-2.138054e+001
1.382701e+002	-1.532092e+001
1.388850e+002	2.850252e+000
1.384495e+002	-3.045309e+001
1.387349e+002	-2.843065e+001
1.391028e+002	-2.237100e+001
1.390998e+002	-3.447869e+001
1.400443e+002	-1.583465e-001
1.392999e+002	-4.860114e+001
1.405328e+002	-1.506331e-001
1.405092e+002	-1.326762e+001
1.407947e+002	-1.124517e+001
1.414302e+002	7.935290e+000
1.409535e+002	-2.738664e+001
1.409094e+002	-4.151293e+001
1.413596e+002	-3.141611e+001
1.418922e+002	-1.728167e+001
1.421158e+002	-1.828710e+001
1.419069e+002	-4.048821e+001
1.427278e+002	-1.222362e+001
1.424571e+002	-3.745261e+001
1.429279e+002	-2.634649e+001
1.429249e+002	-3.845418e+001
1.429220e+002	-5.056188e+001
1.439695e+002	-1.119504e+001
1.445639e+002	5.966836e+000
1.443756e+002	-1.522451e+001
1.447640e+002	-8.155589e+000
1.451112e+002	-3.105253e+000
1.447787e+002	-3.136213e+001
1.448581e+002	-3.943264e+001
1.454731e+002	-2.126101e+001
1.460675e+002	-4.099118e+000
1.462705e+002	-6.113851e+000
1.458556e+002	-3.840792e+001
1.461822e+002	-3.436687e+001
1.466942e+002	-2.124173e+001
1.475152e+002	7.022407e+000
1.473268e+002	-1.416894e+001
1.476328e+002	-1.113720e+001
1.478977e+002	-1.012404e+001
1.479153e+002	-2.122244e+001
1.478506e+002	-3.635847e+001
1.481566e+002	-3.332673e+001
1.482154e+002	-4.240653e+001
1.490776e+002	-1.212336e+001
1.494660e+002	-5.054431e+000
1.493188e+002	-2.422764e+001
1.497691e+002	-1.413038e+001
1.504664e+002	8.077963e+000
1.499073e+002	-3.128114e+001
1.500692e+002	-3.531448e+001
1.503752e+002	-3.228272e+001
1.509901e+002	-1.411109e+001
1.512138e+002	-1.511653e+001
1.510460e+002	-3.529905e+001
1.513109e+002	-3.428589e+001
1.518022e+002	-2.217049e+001
1.520671e+002	-2.115689e+001
1.521259e+002	-3.023714e+001
1.528233e+002	-8.028326e+000
1.524702e+002	-3.729451e+001
1.533323e+002	-7.011322e+000
1.533706e+002	-1.710043e+001
1.536354e+002	-1.608728e+001
1.541268e+002	-3.971871e+000
1.537325e+002	-3.525663e+001
1.544092e+002	-1.405712e+001
1.547359e+002	-1.001607e+001
1.548771e+002	-1.505869e+001
1.551419e+002	-1.404554e+001
1.554479e+002	-1.101380e+001
1.556921e+002	-1.100995e+001
1.558746e+002	-1.403398e+001
1.561806e+002	-1.100224e+001
1.565278e+002	-5.951902e+000
1.568338e+002	-2.920149e+000
1.568721e+002	-1.300926e+001
1.571781e+002	-9.977520e+000
1.573811e+002	-1.199225e+001
1.573575e+002	-2.510968e+001
1.580755e+002	-1.891582e+000
1.581756e+002	-8.952786e+000
1.585639e+002	-1.883868e+000
1.587258e+002	-5.917184e+000
1.585375e+002	-2.710899e+001
1.595026e+002	8.220652e+000
1.595614e+002	-8.591507e-001
1.593525e+002	-2.306025e+001
1.595555e+002	-2.507498e+001
1.599028e+002	-2.002420e+001
1.602088e+002	-1.699246e+001
1.600410e+002	-3.717496e+001
1.606560e+002	-1.900333e+001
1.614152e+002	6.232907e+000
1.610003e+002	-2.606113e+001
1.614093e+002	-1.798247e+001
1.617153e+002	-1.495072e+001
1.621449e+002	-5.863206e+000
1.621419e+002	-1.797090e+001
1.621184e+002	-3.108834e+001
1.626922e+002	-1.493530e+001
1.631424e+002	-4.838489e+000
1.628304e+002	-3.208606e+001
1.631777e+002	-2.703572e+001
1.634219e+002	-2.703187e+001
1.640987e+002	-5.832353e+000
1.638073e+002	-3.207064e+001
1.639486e+002	-3.711327e+001
1.646665e+002	-1.389515e+001
1.648696e+002	-1.590988e+001
1.647430e+002	-3.407380e+001
1.656258e+002	-2.781324e+000
1.659112e+002	-7.588774e-001
1.657229e+002	-2.195068e+001
1.658229e+002	-2.901190e+001
1.660465e+002	-3.001734e+001
1.665173e+002	-1.891078e+001
1.667203e+002	-2.092552e+001
1.672117e+002	-8.810113e+000
1.676207e+002	-7.318885e-001
1.674530e+002	-2.091395e+001
1.677384e+002	-1.889151e+001
1.677973e+002	-2.797176e+001
1.684328e+002	-8.790838e+000
1.681621e+002	-3.401982e+001
1.687771e+002	-1.584819e+001
1.692891e+002	-2.723482e+000
1.691213e+002	-2.290599e+001
1.691390e+002	-3.400440e+001
1.696510e+002	-2.087925e+001
1.698952e+002	-2.087539e+001
1.703454e+002	-1.077858e+001
1.703425e+002	-2.288672e+001
1.706279e+002	-2.086383e+001
1.711605e+002	-6.729824e+000
1.713223e+002	-1.076316e+001
1.715665e+002	-1.075929e+001
1.717078e+002	-1.580191e+001
1.719932e+002	-1.377947e+001
1.721962e+002	-1.579420e+001
1.727082e+002	-2.669504e+000
1.726434e+002	-1.780508e+001
1.727847e+002	-2.284815e+001
1.736262e+002	6.425710e+000
1.731701e+002	-2.788693e+001
1.735997e+002	-1.879895e+001
1.737615e+002	-2.283273e+001
1.735732e+002	-4.402408e+001
1.740440e+002	-3.291797e+001
1.751739e+002	1.048603e+001
1.750268e+002	-8.686715e+000
1.753328e+002	-5.654977e+000
1.755565e+002	-6.660420e+000
1.758213e+002	-5.647264e+000
1.759419e+002	-1.169918e+001
1.757742e+002	-3.188169e+001
1.758742e+002	-3.894289e+001
1.764892e+002	-2.077127e+001
1.767128e+002	-2.177715e+001
1.772248e+002	-8.652013e+000
1.776338e+002	-5.737884e-001
1.779398e+002	2.457934e+000
1.775661e+002	-2.781751e+001
1.782017e+002	-8.636586e+000
1.779722e+002	-3.184697e+001
1.781546e+002	-3.487101e+001
1.786048e+002	-2.477419e+001
1.794875e+002	6.518254e+000
1.793816e+002	-1.063589e+001
1.793374e+002	-2.476263e+001
1.796640e+002	-2.072114e+001
1.799906e+002	-1.668011e+001
1.801731e+002	-1.970413e+001
1.810352e+002	1.057859e+001
1.809911e+002	-3.547684e+000
1.809057e+002	-1.969257e+001
1.813147e+002	-1.161435e+001
1.817443e+002	-2.526831e+000
1.818444e+002	-9.588035e+000
1.820680e+002	-1.059348e+001
1.824976e+002	-1.505962e+000
1.827624e+002	-4.928062e-001
1.827800e+002	-1.159121e+001
1.831272e+002	-6.540871e+000
1.828359e+002	-3.277915e+001
1.835951e+002	-7.542448e+000
1.837157e+002	-1.359438e+001
1.834656e+002	-3.781407e+001
1.844307e+002	-2.484415e+000
1.843248e+002	-1.963858e+001
1.847750e+002	-9.541771e+000
1.851428e+002	-3.482128e+000
1.852222e+002	-1.155264e+001
1.853222e+002	-1.861386e+001
1.857312e+002	-1.053563e+001
1.858931e+002	-1.456897e+001
1.860343e+002	-1.961159e+001
1.861137e+002	-2.768255e+001
1.864197e+002	-2.465081e+001
1.866846e+002	-2.363765e+001
1.871965e+002	-1.051250e+001
1.873584e+002	-1.454583e+001
1.875408e+002	-1.756987e+001
1.876408e+002	-2.463152e+001
1.877615e+002	-3.068345e+001
1.881911e+002	-2.159591e+001
1.880645e+002	-3.975938e+001
1.886383e+002	-2.360680e+001
1.886354e+002	-3.571449e+001
1.889825e+002	-3.066416e+001
1.894327e+002	-2.056690e+001
1.900889e+002	-3.771216e-001
1.899006e+002	-2.156893e+001
1.908039e+002	1.073283e+001
1.907392e+002	-4.402739e+000
1.909216e+002	-7.426780e+000
1.912276e+002	-4.395026e+000
1.910805e+002	-2.356823e+001
1.912217e+002	-2.861086e+001
1.919809e+002	-3.374157e+000
1.917925e+002	-2.456596e+001
1.923045e+002	-1.144082e+001
1.923634e+002	-2.052062e+001
1.927518e+002	-1.345170e+001
1.929548e+002	-1.546644e+001
1.933432e+002	-8.397504e+000
1.932372e+002	-2.555213e+001
1.933373e+002	-3.261335e+001
1.936845e+002	-2.756301e+001
1.938051e+002	-3.361493e+001
1.946055e+002	-6.359631e+000
1.948085e+002	-8.374364e+000
1.948673e+002	-1.745418e+001
1.952969e+002	-8.366666e+000
1.956235e+002	-4.325621e+000
1.954970e+002	-2.248954e+001
1.954734e+002	-3.560652e+001
1.960266e+002	-2.046278e+001
1.963532e+002	-1.642175e+001
1.963915e+002	-2.651129e+001
1.969035e+002	-1.338615e+001
1.976420e+002	1.084080e+001
1.974949e+002	-8.331948e+000
1.973065e+002	-2.952375e+001
1.974066e+002	-3.658497e+001
1.978568e+002	-2.648815e+001
1.982246e+002	-2.042808e+001
1.986954e+002	-9.321964e+000
1.989808e+002	-7.299517e+000
1.993486e+002	-1.239890e+000
1.996546e+002	1.791832e+000
1.994663e+002	-1.939951e+001
1.996487e+002	-2.242398e+001
2.001195e+002	-1.131742e+001
2.003637e+002	-1.131357e+001
2.007521e+002	-4.244639e+000
2.006668e+002	-2.038953e+001
2.010346e+002	-1.432988e+001
2.013406e+002	-1.129815e+001
2.015436e+002	-1.331288e+001
2.017466e+002	-1.532761e+001
2.017437e+002	-2.743575e+001
2.025234e+002	-1.189762e+000
2.027882e+002	-1.766059e-001
2.026823e+002	-1.733078e+001
2.032767e+002	-1.688926e-001
2.031707e+002	-1.732307e+001
2.039711e+002	9.931763e+000
2.035768e+002	-2.135298e+001
2.035532e+002	-3.446998e+001
2.044978e+002	-1.496170e-001
2.043506e+002	-1.932238e+001
2.046978e+002	-1.427204e+001
2.046331e+002	-2.940807e+001
2.049597e+002	-2.536704e+001
2.051833e+002	-2.637247e+001
2.055099e+002	-2.233144e+001
2.052598e+002	-4.655068e+001
2.057306e+002	-3.544457e+001
2.063456e+002	-1.727294e+001
2.063426e+002	-2.938108e+001
2.071635e+002	-1.116493e+000
2.072430e+002	-9.187004e+000
2.070135e+002	-3.239741e+001
2.076284e+002	-1.422578e+001
2.076667e+002	-2.431532e+001
2.080757e+002	-1.623665e+001
2.083611e+002	-1.421420e+001
2.084817e+002	-2.026613e+001
2.086024e+002	-2.631849e+001
2.088054e+002	-2.833322e+001
2.093380e+002	-1.419877e+001
2.096234e+002	-1.217633e+001
2.096410e+002	-2.327517e+001
2.101942e+002	-8.131433e+000
2.101707e+002	-2.124888e+001
2.101265e+002	-3.537515e+001
2.109063e+002	-9.129162e+000
2.106974e+002	-3.133026e+001
2.110240e+002	-2.728923e+001
2.113300e+002	-2.425747e+001
2.116154e+002	-2.223503e+001
2.118802e+002	-2.122187e+001
2.118361e+002	-3.534816e+001
2.126570e+002	-7.083575e+000
2.132308e+002	9.068995e+000
2.128983e+002	-1.918742e+001
2.132661e+002	-1.312779e+001
2.132219e+002	-2.725451e+001
2.132602e+002	-3.734362e+001
2.134220e+002	-4.137695e+001
2.139340e+002	-2.825224e+001
2.143018e+002	-2.219261e+001
2.147314e+002	-1.310465e+001
2.149962e+002	-1.209149e+001
2.151580e+002	-1.612483e+001
2.150521e+002	-3.327943e+001
2.157083e+002	-1.308922e+001
2.159113e+002	-1.510396e+001
2.161967e+002	-1.308151e+001
2.160496e+002	-3.225472e+001
2.162938e+002	-3.225087e+001
2.169294e+002	-1.306995e+001
2.172560e+002	-9.028903e+000
2.174384e+002	-1.205293e+001
2.173737e+002	-2.718895e+001
2.183594e+002	9.149977e+000
2.180475e+002	-1.809714e+001
2.179827e+002	-3.323317e+001
2.183917e+002	-2.515495e+001
2.186771e+002	-2.313250e+001
2.192715e+002	-5.970161e+000
2.194128e+002	-1.101278e+001
2.193892e+002	-2.413023e+001
2.198394e+002	-1.403296e+001
2.198364e+002	-2.614110e+001
2.202043e+002	-2.008102e+001
2.205309e+002	-1.603999e+001
2.207339e+002	-1.805473e+001
2.209987e+002	-1.704157e+001
2.211193e+002	-2.309393e+001
2.219197e+002	4.161332e+000
2.217520e+002	-1.602070e+001
2.219138e+002	-2.005403e+001
2.221168e+002	-2.206921e+001
2.226494e+002	-7.934766e+000
2.225641e+002	-2.408010e+001
2.227465e+002	-2.710412e+001
2.230113e+002	-2.609097e+001
2.232349e+002	-2.709641e+001
2.236645e+002	-1.800845e+001
2.239087e+002	-1.800460e+001
2.243795e+002	-6.898486e+000
2.244384e+002	-1.597829e+001
2.252593e+002	1.228584e+001
2.255653e+002	1.531802e+001
2.251710e+002	-1.596673e+001
2.250445e+002	-3.413064e+001
2.253505e+002	-3.109889e+001
2.256565e+002	-2.806715e+001
2.260861e+002	-1.897919e+001
2.263509e+002	-1.796603e+001
2.268011e+002	-7.869226e+000
2.268806e+002	-1.593972e+001
2.271042e+002	-1.694516e+001
2.274102e+002	-1.391343e+001
2.276750e+002	-1.290027e+001
2.276309e+002	-2.702701e+001
2.281841e+002	-1.188327e+001
2.284283e+002	-1.187940e+001
2.285283e+002	-1.894062e+001
2.283194e+002	-4.114172e+001
2.288108e+002	-2.902631e+001
2.290962e+002	-2.700387e+001
2.293816e+002	-2.498142e+001
2.295640e+002	-2.800544e+001
2.297671e+002	-3.002019e+001
2.300937e+002	-2.597915e+001
2.303173e+002	-2.698459e+001
2.302114e+002	-4.413877e+001
2.309293e+002	-2.092110e+001
2.312971e+002	-1.486103e+001
2.316031e+002	-1.182927e+001
2.322387e+002	7.351186e+000
2.318444e+002	-2.393356e+001
2.320268e+002	-2.695760e+001
2.324152e+002	-1.988822e+001
2.326594e+002	-1.988437e+001
2.325123e+002	-3.905758e+001
2.331891e+002	-1.785806e+001
2.330419e+002	-3.703127e+001
2.340071e+002	-1.701612e+000
2.340247e+002	-1.280001e+001
2.343307e+002	-9.768275e+000
2.342042e+002	-2.793219e+001
2.349222e+002	-4.714075e+000
2.347956e+002	-2.287799e+001
2.349575e+002	-2.691132e+001
2.355312e+002	-1.075829e+001
2.356107e+002	-1.882880e+001
2.358137e+002	-2.084398e+001
2.363257e+002	-7.718824e+000
2.366935e+002	-1.659197e+000
2.366081e+002	-1.780408e+001
2.367906e+002	-2.082855e+001
2.369112e+002	-2.688047e+001
2.375262e+002	-8.708839e+000
2.372349e+002	-3.494713e+001
2.379734e+002	-1.071972e+001
