    nm         	pN
0.000000e+000	5.384276e+002
1.220761e-001	5.384278e+002
7.122535e-002	5.325139e+002
2.037459e-002	5.266000e+002
5.599052e-002	5.236433e+002
1.088962e-001	5.212779e+002
9.262822e-002	5.165467e+002
-6.197574e-002	5.070845e+002
-7.823885e-002	5.023535e+002
-9.450683e-002	4.976223e+002
-1.280597e-001	4.923000e+002
-1.443277e-001	4.875689e+002
-1.260064e-001	4.840207e+002
-9.039210e-002	4.810639e+002
-1.412445e-001	4.751499e+002
-1.748022e-001	4.698275e+002
-1.046003e-001	4.680535e+002
-1.208666e-001	4.633224e+002
-1.717158e-001	4.574086e+002
-2.225665e-001	4.514947e+002
-1.523670e-001	4.497207e+002
-2.377998e-001	4.426242e+002
-2.367739e-001	4.384844e+002
-1.838690e-001	4.361190e+002
-2.174268e-001	4.307965e+002
-3.720332e-001	4.213342e+002
-4.747630e-001	4.136461e+002
-4.737331e-001	4.095065e+002
-5.072908e-001	4.041840e+002
-4.889679e-001	4.006359e+002
-5.744055e-001	3.935391e+002
-6.252546e-001	3.876253e+002
-5.723489e-001	3.852599e+002
-5.540260e-001	3.817117e+002
-5.875830e-001	3.763893e+002
-6.211440e-001	3.710667e+002
-6.547017e-001	3.657442e+002
-6.882586e-001	3.604218e+002
-7.563983e-001	3.539166e+002
-7.553709e-001	3.497770e+002
-7.716380e-001	3.450459e+002
-8.051926e-001	3.397235e+002
-7.695823e-001	3.367666e+002
-7.685548e-001	3.326269e+002
-8.021126e-001	3.273044e+002
-8.356663e-001	3.219821e+002
-8.346405e-001	3.178424e+002
-8.336130e-001	3.137027e+002
-8.325863e-001	3.095630e+002
-9.007260e-001	3.030579e+002
-8.132327e-001	3.018753e+002
-8.294999e-001	2.971442e+002
-7.765958e-001	2.947787e+002
-7.582713e-001	2.912306e+002
-7.745417e-001	2.864994e+002
-8.426806e-001	2.799942e+002
-8.935321e-001	2.740803e+002
-8.925022e-001	2.699407e+002
-9.260592e-001	2.646183e+002
-9.423231e-001	2.598873e+002
-9.240067e-001	2.563389e+002
-9.056854e-001	2.527907e+002
-1.008412e+000	2.451027e+002
-1.024676e+000	2.403716e+002
-1.058233e+000	2.350492e+002
-1.160963e+000	2.273611e+002
-1.159936e+000	2.232214e+002
-1.107028e+000	2.208560e+002
-1.088707e+000	2.173078e+002
-1.122265e+000	2.119853e+002
-1.138529e+000	2.072543e+002
-1.172086e+000	2.019318e+002
-1.240231e+000	1.954265e+002
-1.256494e+000	1.906955e+002
-1.238172e+000	1.871473e+002
-1.254442e+000	1.824161e+002
-1.322580e+000	1.759110e+002
-1.390722e+000	1.694058e+002
-1.441577e+000	1.634917e+002
-1.405959e+000	1.605351e+002
-1.318467e+000	1.593525e+002
-1.352028e+000	1.540299e+002
-1.420170e+000	1.475247e+002
-1.453728e+000	1.422022e+002
-1.418117e+000	1.392453e+002
-1.451671e+000	1.339229e+002
-1.485228e+000	1.286005e+002
-1.484202e+000	1.244608e+002
-1.500466e+000	1.197298e+002
-1.482148e+000	1.161814e+002
-1.446531e+000	1.132247e+002
-1.497379e+000	1.073109e+002
-1.479062e+000	1.037626e+002
-1.443447e+000	1.008058e+002
-1.459715e+000	9.607465e+001
-1.562437e+000	8.838676e+001
-1.613292e+000	8.247275e+001
-1.594968e+000	7.892462e+001
-1.542063e+000	7.655914e+001
-1.454572e+000	7.537655e+001
-1.505419e+000	6.946275e+001
-1.590858e+000	6.236598e+001
-1.641707e+000	5.645219e+001
-1.606096e+000	5.349527e+001
-1.622359e+000	4.876426e+001
-1.586745e+000	4.580745e+001
-1.447375e+000	4.639907e+001
-1.550103e+000	3.871096e+001
-1.600956e+000	3.279706e+001
-1.599926e+000	2.865748e+001
-1.616192e+000	2.392636e+001
-1.615166e+000	1.978666e+001
-1.717895e+000	1.209855e+001
-1.820619e+000	4.410665e+000
-1.854175e+000	-9.117912e-001
-1.749394e+000	-1.503052e+000
-1.644610e+000	-2.094313e+000
-1.505240e+000	-1.502691e+000
-1.504210e+000	-5.642265e+000
-1.520476e+000	-1.037340e+001
-1.502156e+000	-1.392164e+001
-1.656760e+000	-2.338386e+001
-1.794078e+000	-3.225485e+001
-1.706584e+000	-3.343744e+001
-1.549924e+000	-3.225449e+001
-1.445138e+000	-3.284564e+001
-1.530574e+000	-3.994231e+001
-1.581425e+000	-4.585621e+001
-1.597690e+000	-5.058724e+001
-1.631246e+000	-5.590969e+001
-1.595632e+000	-5.886649e+001
-1.560019e+000	-6.182330e+001
-1.628163e+000	-6.832864e+001
-1.679015e+000	-7.424254e+001
-1.574229e+000	-7.483369e+001
-1.434861e+000	-7.424218e+001
-1.347370e+000	-7.542478e+001
-1.259878e+000	-7.660736e+001
-1.276141e+000	-8.133839e+001
-1.326992e+000	-8.725228e+001
-1.187623e+000	-8.666066e+001
-1.186593e+000	-9.080024e+001
-1.202859e+000	-9.553137e+001
-1.184539e+000	-9.907962e+001
-1.166218e+000	-1.026279e+002
-1.234360e+000	-1.091331e+002
-1.267918e+000	-1.144555e+002
-9.556237e-001	-1.079500e+002
-7.124965e-001	-1.038099e+002
-5.558360e-001	-1.026270e+002
-5.029287e-001	-1.049923e+002
-4.500230e-001	-1.073578e+002
-4.317033e-001	-1.109060e+002
-3.442132e-001	-1.120887e+002
-3.777677e-001	-1.174111e+002
-1.865228e-001	-1.150454e+002
-2.985908e-002	-1.138623e+002
-2.190507e-001	-1.245074e+002
-2.526084e-001	-1.298299e+002
-2.677912e-002	-1.262814e+002
-1.295057e-001	-1.339694e+002
-2.495252e-001	-1.422488e+002
-7.557008e-002	-1.404744e+002
-1.091278e-001	-1.457969e+002
-2.118576e-001	-1.534850e+002
-3.491718e-001	-1.623559e+002
-1.752134e-001	-1.605814e+002
-3.584592e-002	-1.599899e+002
8.623020e-002	-1.599897e+002
-5.108400e-002	-1.688606e+002
5.369910e-002	-1.694518e+002
1.066064e-001	-1.718172e+002
2.286841e-001	-1.718170e+002
1.432490e-001	-1.789137e+002
1.788617e-001	-1.818705e+002
3.528168e-001	-1.800961e+002
3.884279e-001	-1.830530e+002
3.721647e-001	-1.877840e+002
2.694349e-001	-1.954721e+002
3.223423e-001	-1.978375e+002
3.406636e-001	-2.013857e+002
8.229991e-002	-2.143965e+002
-2.042664e-002	-2.220845e+002
1.535285e-001	-2.203101e+002
2.583100e-001	-2.209014e+002
3.630947e-001	-2.214926e+002
5.197568e-001	-2.203096e+002
6.418330e-001	-2.203094e+002
5.391080e-001	-2.279974e+002
3.845008e-001	-2.374597e+002
2.126006e-001	-2.475135e+002
2.136305e-001	-2.516531e+002
2.146604e-001	-2.557926e+002
2.848559e-001	-2.575668e+002
3.723476e-001	-2.587494e+002
3.733775e-001	-2.628890e+002
3.225251e-001	-2.688028e+002
4.446012e-001	-2.688027e+002
4.629225e-001	-2.723509e+002
4.120717e-001	-2.782648e+002
6.897817e-001	-2.729420e+002
8.291525e-001	-2.723504e+002
9.339339e-001	-2.729416e+002
1.021426e+000	-2.741243e+002
1.039745e+000	-2.776726e+002
8.678483e-001	-2.877262e+002
7.997078e-001	-2.942314e+002
1.751829e+000	-2.658439e+002
3.118978e+000	-2.232626e+002
3.863588e+000	-2.019720e+002
4.469860e+000	-1.854125e+002
5.162596e+000	-1.658959e+002
5.803449e+000	-1.481537e+002
6.098454e+000	-1.422395e+002
6.549089e+000	-1.310027e+002
7.345578e+000	-1.079377e+002
7.398484e+000	-1.103032e+002
6.915317e+000	-1.310021e+002
6.726129e+000	-1.416471e+002
7.073008e+000	-1.339588e+002
7.333425e+000	-1.292274e+002
7.438211e+000	-1.298185e+002
7.439238e+000	-1.339582e+002
7.561313e+000	-1.339581e+002
7.873608e+000	-1.274525e+002
8.237785e+000	-1.191726e+002
8.584664e+000	-1.114842e+002
8.706741e+000	-1.114840e+002
8.863402e+000	-1.103011e+002
9.020066e+000	-1.091180e+002
9.003800e+000	-1.138490e+002
9.004827e+000	-1.179887e+002
9.386295e+000	-1.091175e+002
9.664006e+000	-1.037946e+002
9.492108e+000	-1.138483e+002
9.251035e+000	-1.262677e+002
9.303942e+000	-1.286331e+002
9.823749e+000	-1.150306e+002
1.027439e+001	-1.037937e+002
1.069044e+001	-9.373973e+001
1.108920e+001	-8.427715e+001
1.107293e+001	-8.900817e+001
1.103937e+001	-9.433063e+001
1.105770e+001	-9.787888e+001
1.071287e+001	-1.138465e+002
1.069661e+001	-1.185775e+002
1.099161e+001	-1.126634e+002
1.133849e+001	-1.049749e+002
1.142598e+001	-1.061576e+002
1.139242e+001	-1.114801e+002
1.165284e+001	-1.067486e+002
1.175763e+001	-1.073398e+002
1.155114e+001	-1.185763e+002
1.169051e+001	-1.179847e+002
1.217573e+001	-1.055651e+002
1.243615e+001	-1.008337e+002
1.238530e+001	-1.067475e+002
1.207506e+001	-1.215325e+002
1.211068e+001	-1.244893e+002
1.237109e+001	-1.197579e+002
1.259693e+001	-1.162093e+002
1.252878e+001	-1.227145e+002
1.242605e+001	-1.304026e+002
1.235791e+001	-1.369078e+002
1.228977e+001	-1.434132e+002
1.251560e+001	-1.398645e+002
1.305270e+001	-1.256706e+002
1.329583e+001	-1.215307e+002
1.353895e+001	-1.173906e+002
1.385125e+001	-1.108850e+002
1.397332e+001	-1.108848e+002
1.393977e+001	-1.162073e+002
1.394079e+001	-1.203470e+002
1.397641e+001	-1.233038e+002
1.401202e+001	-1.262607e+002
1.411680e+001	-1.268519e+002
1.423888e+001	-1.268517e+002
1.455118e+001	-1.203461e+002
1.475972e+001	-1.173888e+002
1.457053e+001	-1.280339e+002
1.446780e+001	-1.357220e+002
1.455529e+001	-1.369046e+002
1.493676e+001	-1.280334e+002
1.517988e+001	-1.238933e+002
1.519820e+001	-1.274417e+002
1.519923e+001	-1.315813e+002
1.521755e+001	-1.351295e+002
1.528775e+001	-1.369035e+002
1.532336e+001	-1.398603e+002
1.554919e+001	-1.363119e+002
1.542917e+001	-1.445912e+002
1.532644e+001	-1.522793e+002
1.556957e+001	-1.481394e+002
1.569165e+001	-1.481392e+002
1.583102e+001	-1.475476e+002
1.586663e+001	-1.505044e+002
1.595412e+001	-1.516870e+002
1.602432e+001	-1.534611e+002
1.602535e+001	-1.576007e+002
1.621659e+001	-1.552349e+002
1.614845e+001	-1.617401e+002
1.601114e+001	-1.706111e+002
1.606404e+001	-1.729764e+002
1.609966e+001	-1.759332e+002
1.629090e+001	-1.735675e+002
1.644757e+001	-1.723846e+002
1.674257e+001	-1.664703e+002
1.679547e+001	-1.688358e+002
1.688297e+001	-1.700184e+002
1.712609e+001	-1.658783e+002
1.745568e+001	-1.587813e+002
1.723190e+001	-1.706093e+002
1.707730e+001	-1.800715e+002
1.700915e+001	-1.865767e+002
1.695830e+001	-1.924906e+002
1.697662e+001	-1.960389e+002
1.696036e+001	-2.007699e+002
1.708244e+001	-2.007697e+002
1.710076e+001	-2.043180e+002
1.748222e+001	-1.954468e+002
1.765618e+001	-1.936723e+002
1.748428e+001	-2.037260e+002
1.748531e+001	-2.078657e+002
1.759009e+001	-2.084569e+002
1.767758e+001	-2.096395e+002
1.781695e+001	-2.090479e+002
1.781798e+001	-2.131876e+002
1.806110e+001	-2.090475e+002
1.845986e+001	-1.995850e+002
1.840901e+001	-2.054988e+002
1.827170e+001	-2.143697e+002
1.830731e+001	-2.173265e+002
1.822188e+001	-2.244232e+002
1.843041e+001	-2.214661e+002
1.843144e+001	-2.256056e+002
1.834601e+001	-2.327023e+002
1.850267e+001	-2.315193e+002
1.857287e+001	-2.332934e+002
1.885058e+001	-2.279704e+002
1.911100e+001	-2.232391e+002
1.937141e+001	-2.185077e+002
1.949349e+001	-2.185075e+002
1.963286e+001	-2.179159e+002
1.978952e+001	-2.167330e+002
2.018828e+001	-2.072704e+002
2.022390e+001	-2.102272e+002
2.043243e+001	-2.072700e+002
2.083119e+001	-1.978073e+002
2.102244e+001	-1.954416e+002
2.091971e+001	-2.031296e+002
2.098991e+001	-2.049036e+002
2.145784e+001	-1.930754e+002
2.225433e+001	-1.700105e+002
2.244558e+001	-1.676446e+002
2.230827e+001	-1.765155e+002
2.234388e+001	-1.794724e+002
2.251783e+001	-1.776979e+002
2.262261e+001	-1.782893e+002
2.262365e+001	-1.824289e+002
2.264196e+001	-1.859771e+002
2.290238e+001	-1.812457e+002
2.264402e+001	-1.942564e+002
2.278339e+001	-1.936648e+002
2.325132e+001	-1.818365e+002
2.344257e+001	-1.794708e+002
2.335713e+001	-1.865674e+002
2.309877e+001	-1.995781e+002
2.348024e+001	-1.907069e+002
2.382712e+001	-1.830185e+002
2.381085e+001	-1.877495e+002
2.379459e+001	-1.924805e+002
2.381291e+001	-1.960288e+002
2.384852e+001	-1.989856e+002
2.357287e+001	-2.125877e+002
2.345284e+001	-2.208672e+002
2.366139e+001	-2.179100e+002
2.383534e+001	-2.161357e+002
2.409576e+001	-2.114042e+002
2.395844e+001	-2.202751e+002
2.383842e+001	-2.285545e+002
2.406426e+001	-2.250059e+002
2.415175e+001	-2.261886e+002
2.387609e+001	-2.397907e+002
2.375607e+001	-2.480701e+002
2.431046e+001	-2.332849e+002
2.458818e+001	-2.279620e+002
2.484860e+001	-2.232306e+002
2.514360e+001	-2.173165e+002
2.523109e+001	-2.184991e+002
2.490356e+001	-2.338754e+002
2.492188e+001	-2.374236e+002
2.525146e+001	-2.303267e+002
2.509686e+001	-2.397889e+002
2.501143e+001	-2.468855e+002
2.523725e+001	-2.433370e+002
2.541121e+001	-2.415626e+002
2.542953e+001	-2.451108e+002
2.551702e+001	-2.462934e+002
2.574285e+001	-2.427448e+002
2.576117e+001	-2.462931e+002
2.583137e+001	-2.480671e+002
2.635118e+001	-2.344646e+002
2.733789e+001	-2.048943e+002
2.870503e+001	-1.623131e+002
3.026240e+001	-1.132264e+002
3.128370e+001	-8.247318e+001
3.192455e+001	-6.473098e+001
3.171807e+001	-7.596741e+001
3.161534e+001	-8.365552e+001
3.175471e+001	-8.306391e+001
3.182491e+001	-8.483794e+001
3.182594e+001	-8.897762e+001
3.196531e+001	-8.838601e+001
3.253699e+001	-7.300936e+001
3.295304e+001	-6.295534e+001
3.274656e+001	-7.419187e+001
3.269571e+001	-8.010567e+001
3.311176e+001	-7.005165e+001
3.300903e+001	-7.773965e+001
3.243940e+001	-1.013957e+002
3.259607e+001	-1.002126e+002
3.328880e+001	-8.069610e+001
3.341088e+001	-8.069592e+001
3.339461e+001	-8.542705e+001
3.349940e+001	-8.601819e+001
3.350042e+001	-9.015788e+001
3.355333e+001	-9.252324e+001
3.383104e+001	-8.720055e+001
3.384936e+001	-9.074867e+001
3.346995e+001	-1.078993e+002
3.357474e+001	-1.084904e+002
3.412913e+001	-9.370523e+001
3.444142e+001	-8.719964e+001
3.454621e+001	-8.779080e+001
3.480663e+001	-8.305941e+001
3.522268e+001	-7.300539e+001
3.581165e+001	-5.703731e+001
3.589914e+001	-5.822001e+001
3.588288e+001	-6.295102e+001
3.605683e+001	-6.117663e+001
3.619620e+001	-6.058502e+001
3.617994e+001	-6.531603e+001
3.618097e+001	-6.945572e+001
3.616470e+001	-7.418684e+001
3.595822e+001	-8.542327e+001
3.606300e+001	-8.601442e+001
3.618508e+001	-8.601424e+001
3.639362e+001	-8.305708e+001
3.667133e+001	-7.773426e+001
3.668965e+001	-8.128250e+001
3.646587e+001	-9.311048e+001
3.624210e+001	-1.049382e+002
3.607020e+001	-1.149920e+002
3.671105e+001	-9.724970e+001
3.752484e+001	-7.359332e+001
3.773338e+001	-7.063615e+001
3.773440e+001	-7.477584e+001
3.764897e+001	-8.187251e+001
3.771916e+001	-8.364655e+001
3.777207e+001	-8.601191e+001
3.789415e+001	-8.601173e+001
3.801623e+001	-8.601155e+001
3.799996e+001	-9.074257e+001
3.791452e+001	-9.783935e+001
3.807119e+001	-9.665628e+001
3.824514e+001	-9.488189e+001
3.805595e+001	-1.055270e+002
3.814344e+001	-1.067096e+002
3.842115e+001	-1.013869e+002
3.869886e+001	-9.606406e+001
3.883823e+001	-9.547244e+001
3.868363e+001	-1.049347e+002
3.861548e+001	-1.114400e+002
3.856463e+001	-1.173538e+002
3.865213e+001	-1.185364e+002
3.891254e+001	-1.138050e+002
3.894815e+001	-1.167619e+002
3.884543e+001	-1.244499e+002
3.877728e+001	-1.309553e+002
3.876102e+001	-1.356863e+002
3.865829e+001	-1.433744e+002
3.886683e+001	-1.404171e+002
3.936935e+001	-1.274061e+002
3.959518e+001	-1.238574e+002
3.950974e+001	-1.309542e+002
3.961453e+001	-1.315453e+002
3.959826e+001	-1.362765e+002
3.977222e+001	-1.345020e+002
3.966949e+001	-1.421901e+002
3.968781e+001	-1.457383e+002
3.994823e+001	-1.410069e+002
4.001843e+001	-1.427809e+002
4.017509e+001	-1.415979e+002
4.014153e+001	-1.469204e+002
4.024631e+001	-1.475116e+002
4.043756e+001	-1.451459e+002
4.014461e+001	-1.593393e+002
4.007647e+001	-1.658446e+002
4.021584e+001	-1.652530e+002
4.037250e+001	-1.640701e+002
4.075397e+001	-1.551989e+002
4.089334e+001	-1.546072e+002
4.091166e+001	-1.581555e+002
4.086081e+001	-1.640694e+002
4.094830e+001	-1.652520e+002
4.132977e+001	-1.563807e+002
4.127891e+001	-1.622946e+002
4.114160e+001	-1.711654e+002
4.131556e+001	-1.693911e+002
4.148951e+001	-1.676166e+002
4.112739e+001	-1.841758e+002
4.105925e+001	-1.906810e+002
4.121591e+001	-1.894981e+002
4.133799e+001	-1.894979e+002
4.133902e+001	-1.936375e+002
4.139192e+001	-1.960029e+002
4.166963e+001	-1.906801e+002
4.179171e+001	-1.906799e+002
4.186191e+001	-1.924540e+002
4.177647e+001	-1.995506e+002
4.184667e+001	-2.013247e+002
4.238377e+001	-1.871308e+002
4.292087e+001	-1.729369e+002
4.316400e+001	-1.687970e+002
4.356276e+001	-1.593343e+002
4.390964e+001	-1.516458e+002
4.401442e+001	-1.522371e+002
4.415379e+001	-1.516455e+002
4.425857e+001	-1.522367e+002
4.438065e+001	-1.522365e+002
4.446814e+001	-1.534192e+002
4.505712e+001	-1.374511e+002
4.509273e+001	-1.404079e+002
4.445393e+001	-1.664295e+002
4.450684e+001	-1.687950e+002
4.513040e+001	-1.516440e+002
4.514872e+001	-1.551924e+002
4.489036e+001	-1.682030e+002
4.478763e+001	-1.758910e+002
4.504805e+001	-1.711597e+002
4.534305e+001	-1.652455e+002
4.536137e+001	-1.687937e+002
4.541428e+001	-1.711591e+002
4.555365e+001	-1.705676e+002
4.591782e+001	-1.622878e+002
4.652409e+001	-1.457282e+002
4.673264e+001	-1.427710e+002
4.699305e+001	-1.380396e+002
4.766849e+001	-1.191145e+002
4.825747e+001	-1.031465e+002
4.896750e+001	-8.303858e+001
4.966023e+001	-6.352206e+001
5.007628e+001	-5.346804e+001
4.993897e+001	-6.233893e+001
4.990541e+001	-6.766138e+001
4.990644e+001	-7.180095e+001
4.992476e+001	-7.534932e+001
5.030623e+001	-6.647796e+001
5.060123e+001	-6.056381e+001
5.030828e+001	-7.475733e+001
5.013638e+001	-8.481099e+001
5.025846e+001	-8.481081e+001
5.060534e+001	-7.712245e+001
5.058908e+001	-8.185347e+001
5.027884e+001	-9.663832e+001
5.047008e+001	-9.427260e+001
5.041924e+001	-1.001864e+002
5.000524e+001	-1.185197e+002
5.012732e+001	-1.185195e+002
5.030127e+001	-1.167452e+002
5.068274e+001	-1.078740e+002
5.101232e+001	-1.007769e+002
5.154942e+001	-8.658305e+001
5.134294e+001	-9.781959e+001
5.139584e+001	-1.001850e+002
5.165626e+001	-9.545358e+001
5.167458e+001	-9.900182e+001
5.188312e+001	-9.604466e+001
5.214354e+001	-9.131317e+001
5.210999e+001	-9.663563e+001
5.243957e+001	-8.953860e+001
5.285563e+001	-7.948457e+001
5.283936e+001	-8.421570e+001
5.237348e+001	-1.043232e+002
5.202866e+001	-1.202909e+002
5.202969e+001	-1.244305e+002
5.222093e+001	-1.220648e+002
5.274075e+001	-1.084622e+002
5.289741e+001	-1.072793e+002
5.270821e+001	-1.179244e+002
5.296863e+001	-1.131930e+002
5.307342e+001	-1.137842e+002
5.274588e+001	-1.291606e+002
5.264316e+001	-1.368486e+002
5.279982e+001	-1.356656e+002
5.293919e+001	-1.350740e+002
5.304397e+001	-1.356652e+002
5.285478e+001	-1.463104e+002
5.327083e+001	-1.362563e+002
5.366959e+001	-1.267936e+002
5.363603e+001	-1.321161e+002
5.356789e+001	-1.386213e+002
5.365538e+001	-1.398039e+002
5.372558e+001	-1.415780e+002
5.364014e+001	-1.486746e+002
5.383139e+001	-1.463089e+002
5.440307e+001	-1.309323e+002
5.485371e+001	-1.196954e+002
5.520059e+001	-1.120070e+002
5.566853e+001	-1.001787e+002
5.627479e+001	-8.361923e+001
5.681189e+001	-6.942535e+001
5.715878e+001	-6.173688e+001
5.731544e+001	-6.055393e+001
5.712624e+001	-7.119903e+001
5.724832e+001	-7.119885e+001
5.806211e+001	-4.754246e+001
5.828793e+001	-4.399396e+001
5.799499e+001	-5.818749e+001
5.752911e+001	-7.829498e+001
5.716700e+001	-9.485404e+001
5.732366e+001	-9.367110e+001
5.796452e+001	-7.592879e+001
5.836328e+001	-6.646610e+001
5.845077e+001	-6.764880e+001
5.881494e+001	-5.936900e+001
5.910994e+001	-5.345474e+001
5.921473e+001	-5.404600e+001
5.874885e+001	-7.415361e+001
5.852508e+001	-8.598137e+001
5.880279e+001	-8.065854e+001
5.890757e+001	-8.124981e+001
5.890860e+001	-8.538949e+001
5.939382e+001	-7.296982e+001
5.946402e+001	-7.474386e+001
5.951692e+001	-7.710933e+001
5.934503e+001	-8.716299e+001
5.931147e+001	-9.248533e+001
5.955459e+001	-8.834540e+001
5.978043e+001	-8.479680e+001
5.983333e+001	-8.716228e+001
6.002458e+001	-8.479644e+001
6.033687e+001	-7.829085e+001
6.035520e+001	-8.183910e+001
6.068478e+001	-7.474207e+001
6.087603e+001	-7.237623e+001
6.068684e+001	-8.302133e+001
6.054952e+001	-9.189221e+001
6.042951e+001	-1.001716e+002
6.017115e+001	-1.131824e+002
6.058720e+001	-1.031284e+002
6.081303e+001	-9.957967e+001
6.098698e+001	-9.780539e+001
6.100530e+001	-1.013536e+002
6.117926e+001	-9.957914e+001
6.162990e+001	-8.834235e+001
6.190761e+001	-8.301954e+001
6.189134e+001	-8.775055e+001
6.156380e+001	-1.031270e+002
6.140920e+001	-1.125892e+002
6.184255e+001	-1.019437e+002
6.210296e+001	-9.721234e+001
6.201753e+001	-1.043090e+002
6.229524e+001	-9.898619e+001
6.243461e+001	-9.839457e+001
6.262585e+001	-9.602884e+001
6.257500e+001	-1.019426e+002
6.252415e+001	-1.078565e+002
6.300937e+001	-9.543687e+001
6.294123e+001	-1.019421e+002
6.302872e+001	-1.031248e+002
6.290870e+001	-1.114042e+002
6.287515e+001	-1.167267e+002
6.315286e+001	-1.114039e+002
6.327493e+001	-1.114037e+002
6.355265e+001	-1.060809e+002
6.355367e+001	-1.102206e+002
6.348553e+001	-1.167258e+002
6.352114e+001	-1.196826e+002
6.353947e+001	-1.232309e+002
6.343674e+001	-1.309190e+002
6.350694e+001	-1.326929e+002
6.331774e+001	-1.433381e+002
6.335335e+001	-1.462949e+002
6.375212e+001	-1.368322e+002
6.435838e+001	-1.202728e+002
6.473985e+001	-1.114015e+002
6.453337e+001	-1.226380e+002
6.451710e+001	-1.273691e+002
6.457001e+001	-1.297345e+002
6.443270e+001	-1.386053e+002
6.422621e+001	-1.498419e+002
6.465956e+001	-1.391964e+002
6.504102e+001	-1.303252e+002
6.511122e+001	-1.320992e+002
6.478369e+001	-1.474755e+002
6.462908e+001	-1.569377e+002
6.450906e+001	-1.652173e+002
6.437175e+001	-1.740882e+002
6.475322e+001	-1.652169e+002
6.510010e+001	-1.575284e+002
6.534322e+001	-1.533885e+002
6.560364e+001	-1.486570e+002
6.601969e+001	-1.386030e+002
6.591696e+001	-1.462911e+002
6.562402e+001	-1.604845e+002
6.569422e+001	-1.622587e+002
6.564336e+001	-1.681725e+002
6.573085e+001	-1.693552e+002
6.621608e+001	-1.569354e+002
6.668401e+001	-1.451073e+002
6.652940e+001	-1.545695e+002
6.644397e+001	-1.616661e+002
6.632395e+001	-1.699456e+002
6.641144e+001	-1.711282e+002
6.686207e+001	-1.598914e+002
6.765856e+001	-1.368265e+002
6.866257e+001	-1.066647e+002
6.971845e+001	-7.472876e+001
6.989240e+001	-7.295438e+001
6.966862e+001	-8.478224e+001
6.951402e+001	-9.424457e+001
6.894439e+001	-1.179005e+002
6.891083e+001	-1.232229e+002
6.930959e+001	-1.137603e+002
7.000232e+001	-9.424385e+001
7.034920e+001	-8.655537e+001
7.057503e+001	-8.300678e+001
7.052419e+001	-8.892067e+001
7.054251e+001	-9.246880e+001
7.045708e+001	-9.956547e+001
7.082124e+001	-9.128568e+001
7.106437e+001	-8.714574e+001
7.106540e+001	-9.128532e+001
7.132581e+001	-8.655394e+001
7.129226e+001	-9.187640e+001
7.110307e+001	-1.025215e+002
7.100034e+001	-1.102096e+002
7.089761e+001	-1.178976e+002
7.091593e+001	-1.214459e+002
7.122823e+001	-1.149403e+002
7.148864e+001	-1.102089e+002
7.190470e+001	-1.001548e+002
7.209594e+001	-9.778904e+001
7.182029e+001	-1.113911e+002
7.157922e+001	-1.238103e+002
7.187423e+001	-1.178962e+002
7.222110e+001	-1.102078e+002
7.256799e+001	-1.025193e+002
7.274194e+001	-1.007449e+002
7.269109e+001	-1.066587e+002
7.272671e+001	-1.096155e+002
7.255480e+001	-1.196693e+002
7.262500e+001	-1.214433e+002
7.326586e+001	-1.037010e+002
7.397588e+001	-8.359318e+001
7.373482e+001	-9.601250e+001
7.338999e+001	-1.119802e+002
7.340832e+001	-1.155284e+002
7.346122e+001	-1.178938e+002
7.322015e+001	-1.303131e+002
7.342869e+001	-1.273560e+002
7.374098e+001	-1.208503e+002
7.343074e+001	-1.356353e+002
7.365657e+001	-1.320866e+002
7.410721e+001	-1.208497e+002
7.436763e+001	-1.161184e+002
7.462805e+001	-1.113870e+002
7.461178e+001	-1.161180e+002
7.466469e+001	-1.184834e+002
7.468301e+001	-1.220317e+002
7.473592e+001	-1.243971e+002
7.494446e+001	-1.214399e+002
7.532592e+001	-1.125687e+002
7.558634e+001	-1.078373e+002
7.539715e+001	-1.184823e+002
7.491398e+001	-1.391813e+002
7.472479e+001	-1.498264e+002
7.505438e+001	-1.427293e+002
7.515916e+001	-1.433207e+002
7.541958e+001	-1.385892e+002
7.562812e+001	-1.356320e+002
7.576749e+001	-1.350404e+002
7.590686e+001	-1.344488e+002
7.594247e+001	-1.374057e+002
7.587433e+001	-1.439109e+002
7.627309e+001	-1.344482e+002
7.674102e+001	-1.226200e+002
7.679392e+001	-1.249855e+002
7.660473e+001	-1.356306e+002
7.650200e+001	-1.433187e+002
7.652032e+001	-1.468668e+002
7.638301e+001	-1.557377e+002
7.652238e+001	-1.551462e+002
7.650612e+001	-1.598772e+002
7.668007e+001	-1.581028e+002
7.683673e+001	-1.569198e+002
7.668213e+001	-1.663821e+002
7.642377e+001	-1.793928e+002
7.673606e+001	-1.728871e+002
7.718670e+001	-1.616502e+002
7.722231e+001	-1.646072e+002
7.746544e+001	-1.604671e+002
7.769127e+001	-1.569185e+002
7.762313e+001	-1.634239e+002
7.762416e+001	-1.675634e+002
7.764248e+001	-1.711117e+002
7.772996e+001	-1.722944e+002
7.802497e+001	-1.663801e+002
7.823351e+001	-1.634230e+002
7.811349e+001	-1.717024e+002
7.842578e+001	-1.651968e+002
7.856515e+001	-1.646052e+002
7.837596e+001	-1.752503e+002
7.851533e+001	-1.746586e+002
7.868928e+001	-1.728843e+002
7.855197e+001	-1.817552e+002
7.836278e+001	-1.924002e+002
7.857132e+001	-1.894431e+002
7.893549e+001	-1.811633e+002
7.929967e+001	-1.728834e+002
7.888567e+001	-1.912168e+002
7.850626e+001	-2.083673e+002
7.864563e+001	-2.077756e+002
7.902710e+001	-1.989044e+002
7.932210e+001	-1.929902e+002
7.930583e+001	-1.977213e+002
7.925499e+001	-2.036351e+002
7.960187e+001	-1.959467e+002
7.993145e+001	-1.888497e+002
8.026105e+001	-1.817526e+002
8.038312e+001	-1.817524e+002
8.022851e+001	-1.912148e+002
8.038518e+001	-1.900317e+002
8.069747e+001	-1.835261e+002
8.095789e+001	-1.787947e+002
8.101080e+001	-1.811602e+002
8.095994e+001	-1.870740e+002
8.089180e+001	-1.935792e+002
8.065074e+001	-2.059986e+002
8.084198e+001	-2.036327e+002
8.137908e+001	-1.894390e+002
8.155303e+001	-1.876646e+002
8.138114e+001	-1.977182e+002
8.190094e+001	-1.841158e+002
8.236887e+001	-1.722875e+002
8.254283e+001	-1.705131e+002
8.268220e+001	-1.699215e+002
8.249300e+001	-1.805666e+002
8.256320e+001	-1.823407e+002
8.285821e+001	-1.764264e+002
8.296299e+001	-1.770177e+002
8.301589e+001	-1.793831e+002
8.286129e+001	-1.888454e+002
8.270668e+001	-1.983077e+002
8.281147e+001	-1.988988e+002
8.288167e+001	-2.006729e+002
8.289999e+001	-2.042211e+002
8.317770e+001	-1.988983e+002
8.369751e+001	-1.852958e+002
8.385417e+001	-1.841129e+002
8.380332e+001	-1.900267e+002
8.392539e+001	-1.900265e+002
8.427227e+001	-1.823381e+002
8.434247e+001	-1.841122e+002
8.401494e+001	-1.994885e+002
8.401597e+001	-2.036280e+002
8.425909e+001	-1.994881e+002
8.443305e+001	-1.977137e+002
8.431303e+001	-2.059932e+002
8.398549e+001	-2.213696e+002
8.395194e+001	-2.266919e+002
8.422965e+001	-2.213692e+002
8.474946e+001	-2.077667e+002
8.483695e+001	-2.089493e+002
8.523570e+001	-1.994867e+002
8.521944e+001	-2.042177e+002
8.470169e+001	-2.260995e+002
8.478918e+001	-2.272821e+002
8.539546e+001	-2.107226e+002
8.586338e+001	-1.988943e+002
8.576065e+001	-2.065824e+002
8.565792e+001	-2.142706e+002
8.569354e+001	-2.172274e+002
8.586749e+001	-2.154530e+002
8.569560e+001	-2.255066e+002
8.550640e+001	-2.361517e+002
8.554202e+001	-2.391085e+002
8.561221e+001	-2.408826e+002
8.575158e+001	-2.402910e+002
8.592554e+001	-2.385167e+002
8.606491e+001	-2.379250e+002
8.625616e+001	-2.355592e+002
8.613613e+001	-2.438386e+002
8.605070e+001	-2.509353e+002
8.610360e+001	-2.533008e+002
8.594900e+001	-2.627630e+002
8.607108e+001	-2.627628e+002
8.650441e+001	-2.521175e+002
8.678213e+001	-2.467946e+002
8.705984e+001	-2.414719e+002
8.704357e+001	-2.462029e+002
8.716565e+001	-2.462027e+002
8.732231e+001	-2.450197e+002
8.716771e+001	-2.544820e+002
8.711686e+001	-2.603958e+002
8.720435e+001	-2.615785e+002
8.727454e+001	-2.633526e+002
8.739662e+001	-2.633524e+002
8.746682e+001	-2.651263e+002
8.739868e+001	-2.716316e+002
8.779744e+001	-2.621690e+002
8.793681e+001	-2.615774e+002
8.778220e+001	-2.710397e+002
8.762760e+001	-2.805020e+002
8.776696e+001	-2.799103e+002
8.814843e+001	-2.710392e+002
8.804570e+001	-2.787272e+002
8.818508e+001	-2.781356e+002
8.860112e+001	-2.680816e+002
8.842922e+001	-2.781353e+002
8.808440e+001	-2.941029e+002
8.822377e+001	-2.935114e+002
8.855336e+001	-2.864143e+002
8.896941e+001	-2.763603e+002
8.898773e+001	-2.799086e+002
8.949024e+001	-2.668975e+002
9.016568e+001	-2.479724e+002
9.091030e+001	-2.266817e+002
9.144740e+001	-2.124878e+002
9.169052e+001	-2.083479e+002
9.274640e+001	-1.764118e+002
9.423460e+001	-1.296908e+002
9.575738e+001	-8.178699e+001
9.698618e+001	-4.393701e+001
9.755787e+001	-2.856025e+001
9.742056e+001	-3.743113e+001
9.749076e+001	-3.920516e+001
9.778576e+001	-3.329101e+001
9.797701e+001	-3.092519e+001
9.816826e+001	-2.855935e+001
9.849784e+001	-2.146232e+001
9.894848e+001	-1.022553e+001
9.901868e+001	-1.199956e+001
9.901970e+001	-1.613925e+001
9.912449e+001	-1.673040e+001
9.902176e+001	-2.441840e+001
9.874611e+001	-3.802059e+001
9.879901e+001	-4.038596e+001
9.905943e+001	-3.565458e+001
9.919880e+001	-3.506307e+001
9.918254e+001	-3.979409e+001
9.914898e+001	-4.511655e+001
9.923647e+001	-4.629915e+001
9.958335e+001	-3.861067e+001
9.987836e+001	-3.269652e+001
9.991397e+001	-3.565332e+001
9.977666e+001	-4.452421e+001
9.965663e+001	-5.280365e+001
9.958849e+001	-5.930899e+001
9.991808e+001	-5.221196e+001
1.004379e+002	-3.860941e+001
1.006291e+002	-3.624369e+001
1.010798e+002	-2.500690e+001
1.017725e+002	-5.490274e+000
1.021886e+002	4.563738e+000
1.018437e+002	-1.140399e+001
1.012568e+002	-3.565135e+001
1.010157e+002	-4.807066e+001
1.011032e+002	-4.925325e+001
1.015539e+002	-3.801646e+001
1.023849e+002	-1.376874e+001
1.026281e+002	-9.628701e+000
1.025599e+002	-1.613404e+001
1.028203e+002	-1.140256e+001
1.028214e+002	-1.554224e+001
1.024420e+002	-3.269275e+001
1.023911e+002	-3.860654e+001
1.025996e+002	-3.564937e+001
1.028774e+002	-3.032655e+001
1.035009e+002	-1.317569e+001
1.035884e+002	-1.435828e+001
1.030534e+002	-3.683154e+001
1.028988e+002	-4.629375e+001
1.031592e+002	-4.156237e+001
1.035234e+002	-3.328257e+001
1.037838e+002	-2.855108e+001
1.039058e+002	-2.855090e+001
1.042354e+002	-2.145387e+001
1.044959e+002	-1.672249e+001
1.048427e+002	-9.034138e+000
1.050513e+002	-6.076969e+000
1.054673e+002	3.977143e+000
1.056067e+002	4.568765e+000
1.056423e+002	1.611847e+000
1.057644e+002	1.612028e+000
1.058173e+002	-7.533216e-001
1.056108e+002	-1.198986e+001
1.052141e+002	-2.973181e+001
1.054745e+002	-2.500043e+001
1.058560e+002	-1.612918e+001
1.060818e+002	-1.258058e+001
1.064114e+002	-5.483443e+000
1.062049e+002	-1.671998e+001
1.058428e+002	-3.327916e+001
1.060859e+002	-2.913911e+001
1.066749e+002	-1.317101e+001
1.071774e+002	-1.600126e-001
1.072476e+002	-1.934047e+000
1.070584e+002	-1.257915e+001
1.070249e+002	-1.790161e+001
1.068876e+002	-2.677249e+001
1.068540e+002	-3.209495e+001
1.066994e+002	-4.155717e+001
1.065967e+002	-4.924516e+001
1.072548e+002	-3.091152e+001
1.081032e+002	-6.072475e+000
1.084674e+002	2.207421e+000
1.082436e+002	-9.620436e+000
1.082273e+002	-1.435145e+001
1.081765e+002	-2.026535e+001
1.081256e+002	-2.617925e+001
1.080402e+002	-3.327593e+001
1.081796e+002	-3.268430e+001
1.083708e+002	-3.031847e+001
1.082681e+002	-3.800658e+001
1.084247e+002	-3.682363e+001
1.090656e+002	-1.908132e+001
1.092568e+002	-1.671549e+001
1.091022e+002	-2.617781e+001
1.090687e+002	-3.150027e+001
1.091908e+002	-3.150009e+001
1.097106e+002	-1.789765e+001
1.099364e+002	-1.434893e+001
1.098510e+002	-2.144560e+001
1.092813e+002	-4.510163e+001
1.089538e+002	-6.047794e+001
1.093007e+002	-5.278946e+001
1.099242e+002	-3.563860e+001
1.103230e+002	-2.617601e+001
1.106526e+002	-1.907898e+001
1.110686e+002	-9.024971e+000
1.111215e+002	-1.139034e+001
1.110015e+002	-1.966977e+001
1.106394e+002	-3.622895e+001
1.104156e+002	-4.805682e+001
1.107279e+002	-4.155124e+001
1.111440e+002	-3.149722e+001
1.108683e+002	-4.509930e+001
1.111806e+002	-3.859360e+001
1.113546e+002	-3.681932e+001
1.113210e+002	-4.214178e+001
1.113566e+002	-4.509858e+001
1.116516e+002	-3.918432e+001
1.122579e+002	-2.262490e+001
1.125356e+002	-1.730208e+001
1.129690e+002	-6.656625e+000
1.128662e+002	-1.434462e+001
1.125560e+002	-2.912959e+001
1.126262e+002	-3.090362e+001
1.130249e+002	-2.144094e+001
1.134410e+002	-1.138692e+001
1.134939e+002	-1.375239e+001
1.131318e+002	-3.031147e+001
1.129772e+002	-3.977378e+001
1.136699e+002	-2.025726e+001
1.141378e+002	-8.429036e+000
1.139487e+002	-1.907414e+001
1.135347e+002	-3.740741e+001
1.129304e+002	-6.224621e+001
1.129315e+002	-6.638579e+001
1.135032e+002	-5.100925e+001
1.144380e+002	-2.321300e+001
1.150443e+002	-6.653566e+000
1.152874e+002	-2.513523e+000
1.149426e+002	-1.848126e+001
1.149263e+002	-2.321228e+001
1.150657e+002	-2.262076e+001
1.152569e+002	-2.025493e+001
1.152234e+002	-2.557739e+001
1.149996e+002	-3.740526e+001
1.148968e+002	-4.509337e+001
1.151227e+002	-4.154477e+001
1.153139e+002	-3.917893e+001
1.152285e+002	-4.627560e+001
1.156964e+002	-3.444738e+001
1.160260e+002	-2.735034e+001
1.160962e+002	-2.912438e+001
1.163393e+002	-2.498444e+001
1.164787e+002	-2.439271e+001
1.165489e+002	-2.616686e+001
1.167747e+002	-2.261825e+001
1.169487e+002	-2.084386e+001
1.170535e+002	-2.143501e+001
1.167778e+002	-3.503720e+001
1.162947e+002	-5.573613e+001
1.166588e+002	-4.745622e+001
1.171613e+002	-3.444522e+001
1.175601e+002	-2.498265e+001
1.179070e+002	-1.729417e+001
1.184960e+002	-1.326075e+000
1.186007e+002	-1.917345e+000
1.184634e+002	-1.078822e+001
1.186720e+002	-7.831061e+000
1.188459e+002	-6.056666e+000
1.189334e+002	-7.239260e+000
1.187788e+002	-1.670148e+001
1.190392e+002	-1.197009e+001
1.192651e+002	-8.421492e+000
1.194044e+002	-7.829979e+000
1.191979e+002	-1.906641e+001
1.191298e+002	-2.557164e+001
1.194075e+002	-2.024883e+001
1.198581e+002	-9.012040e+000
1.200148e+002	-7.829085e+000
1.198602e+002	-1.729130e+001
1.195672e+002	-3.148482e+001
1.196374e+002	-3.325885e+001
1.198806e+002	-2.911881e+001
1.202102e+002	-2.202178e+001
1.208164e+002	-5.462238e+000
1.208521e+002	-8.419155e+000
1.207147e+002	-1.729004e+001
1.207503e+002	-2.024685e+001
1.210454e+002	-1.433258e+001
1.210983e+002	-1.669806e+001
1.209609e+002	-2.556895e+001
1.208755e+002	-3.266562e+001
1.207901e+002	-3.976229e+001
1.208949e+002	-4.035344e+001
1.209651e+002	-4.212758e+001
1.211044e+002	-4.153596e+001
1.214167e+002	-3.503037e+001
1.216771e+002	-3.029888e+001
1.218511e+002	-2.852449e+001
1.219213e+002	-3.029852e+001
1.220607e+002	-2.970701e+001
1.222692e+002	-2.674985e+001
1.227371e+002	-1.492152e+001
1.233607e+002	2.229348e+000
1.234482e+002	1.046637e+000
1.233800e+002	-5.458466e+000
1.231390e+002	-1.787789e+001
1.231746e+002	-2.083469e+001
1.232621e+002	-2.201728e+001
1.235225e+002	-1.728591e+001
1.236965e+002	-1.551151e+001
1.235764e+002	-2.379096e+001
1.234737e+002	-3.147907e+001
1.230943e+002	-4.862958e+001
1.232510e+002	-4.744652e+001
1.240129e+002	-2.556445e+001
1.242214e+002	-2.260729e+001
1.244645e+002	-1.846725e+001
1.245866e+002	-1.846707e+001
1.247433e+002	-1.728411e+001
1.247097e+002	-2.260657e+001
1.245897e+002	-3.088602e+001
1.249366e+002	-2.319754e+001
1.252489e+002	-1.669195e+001
1.250424e+002	-2.792849e+001
1.251299e+002	-2.911109e+001
1.254595e+002	-2.201405e+001
1.256334e+002	-2.023966e+001
1.259630e+002	-1.314263e+001
1.262753e+002	-6.637036e+000
1.262590e+002	-1.136806e+001
1.257413e+002	-3.324988e+001
1.253619e+002	-5.040038e+001
1.257779e+002	-4.034626e+001
1.266782e+002	-1.373299e+001
1.271288e+002	-2.496090e+000
1.272163e+002	-3.678801e+000
1.273557e+002	-3.087179e+000
1.272183e+002	-1.195806e+001
1.270983e+002	-2.023750e+001
1.272204e+002	-2.023732e+001
1.273079e+002	-2.141991e+001
1.272397e+002	-2.792525e+001
1.274829e+002	-2.378521e+001
1.276049e+002	-2.378503e+001
1.276233e+002	-2.733328e+001
1.274514e+002	-3.738693e+001
1.276599e+002	-3.442977e+001
1.278166e+002	-3.324682e+001
1.278695e+002	-3.561218e+001
1.279397e+002	-3.738622e+001
1.282693e+002	-3.028919e+001
1.282184e+002	-3.620308e+001
1.281330e+002	-4.329976e+001
1.282896e+002	-4.211680e+001
1.283425e+002	-4.448217e+001
1.287759e+002	-3.383671e+001
1.291574e+002	-2.496557e+001
1.294178e+002	-2.023409e+001
1.298338e+002	-1.018008e+001
1.300251e+002	-7.814350e+000
1.299742e+002	-1.372814e+001
1.300617e+002	-1.491073e+001
1.300282e+002	-2.023319e+001
1.298909e+002	-2.910408e+001
1.298573e+002	-3.442653e+001
1.298756e+002	-3.797478e+001
1.296691e+002	-4.921121e+001
1.299641e+002	-4.329706e+001
1.306396e+002	-2.437187e+001
1.309519e+002	-1.786640e+001
1.307800e+002	-2.792005e+001
1.308329e+002	-3.028541e+001
1.305918e+002	-4.270472e+001
1.307139e+002	-4.270454e+001
1.309224e+002	-3.974738e+001
1.314595e+002	-2.555350e+001
1.320485e+002	-9.585398e+000
1.322052e+002	-8.402452e+000
1.323272e+002	-8.402272e+000
1.323629e+002	-1.135907e+001
1.321218e+002	-2.377838e+001
1.324687e+002	-1.609002e+001
1.330403e+002	-7.132575e-001
1.331797e+002	-1.217442e-001
1.326620e+002	-2.200345e+001
1.325938e+002	-2.850868e+001
1.328024e+002	-2.555152e+001
1.329590e+002	-2.436846e+001
1.330292e+002	-2.614260e+001
1.329438e+002	-3.323927e+001
1.326854e+002	-4.624991e+001
1.330842e+002	-3.678734e+001
1.337596e+002	-1.786226e+001
1.338471e+002	-1.904485e+001
1.340729e+002	-1.549624e+001
1.342642e+002	-1.313041e+001
1.343690e+002	-1.372167e+001
1.343181e+002	-1.963546e+001
1.346131e+002	-1.372132e+001
1.349254e+002	-7.215726e+000
1.350129e+002	-8.398320e+000
1.352733e+002	-3.666935e+000
1.353090e+002	-6.623744e+000
1.351371e+002	-1.667740e+001
1.351554e+002	-2.022565e+001
1.352602e+002	-2.081691e+001
1.350364e+002	-3.264477e+001
1.349510e+002	-3.974144e+001
1.349866e+002	-4.269825e+001
1.353507e+002	-3.441845e+001
1.359397e+002	-1.845036e+001
1.362520e+002	-1.194477e+001
1.360109e+002	-2.436396e+001
1.360293e+002	-2.791232e+001
1.359784e+002	-3.382611e+001
1.359449e+002	-3.914857e+001
1.363782e+002	-2.850311e+001
1.368461e+002	-1.667489e+001
1.366223e+002	-2.850275e+001
1.363294e+002	-4.269628e+001
1.365898e+002	-3.796490e+001
1.367465e+002	-3.678195e+001
1.369723e+002	-3.323334e+001
1.368523e+002	-4.151279e+001
1.370090e+002	-4.032973e+001
1.370619e+002	-4.269520e+001
1.371148e+002	-4.506067e+001
1.373233e+002	-4.210351e+001
1.377394e+002	-3.204950e+001
1.383283e+002	-1.608140e+001
1.386925e+002	-7.801601e+000
1.386071e+002	-1.489815e+001
1.386427e+002	-1.785507e+001
1.386956e+002	-2.022044e+001
1.391462e+002	-8.983652e+000
1.389052e+002	-2.140285e+001
1.386987e+002	-3.263938e+001
1.386651e+002	-3.796184e+001
1.389601e+002	-3.204770e+001
1.389785e+002	-3.559583e+001
1.386855e+002	-4.978936e+001
1.386865e+002	-5.392904e+001
1.386357e+002	-5.984294e+001
1.386886e+002	-6.220830e+001
1.390528e+002	-5.392851e+001
1.399184e+002	-2.849790e+001
1.403172e+002	-1.903533e+001
1.408197e+002	-6.024326e+000
1.414951e+002	1.290085e+001
1.418593e+002	2.118054e+001
1.413761e+002	4.817252e-001
1.408411e+002	-2.199141e+001
1.408940e+002	-2.435678e+001
1.412236e+002	-1.725986e+001
1.416224e+002	-7.797287e+000
1.417790e+002	-6.614224e+000
1.418838e+002	-7.205485e+000
1.415390e+002	-2.317311e+001
1.413152e+002	-3.500109e+001
1.418350e+002	-2.139854e+001
1.424586e+002	-4.247666e+000
1.423213e+002	-1.311855e+001
1.424779e+002	-1.193561e+001
1.428940e+002	-1.881585e+000
1.426875e+002	-1.311801e+001
1.420833e+002	-3.795681e+001
1.423264e+002	-3.381677e+001
1.429845e+002	-1.548313e+001
1.431758e+002	-1.311730e+001
1.430903e+002	-2.021397e+001
1.432470e+002	-1.903101e+001
1.434556e+002	-1.607385e+001
1.431107e+002	-3.204159e+001
1.425238e+002	-5.628884e+001
1.428880e+002	-4.800903e+001
1.433559e+002	-3.618080e+001
1.432013e+002	-4.564313e+001
1.430467e+002	-5.510534e+001
1.433936e+002	-4.741687e+001
1.437577e+002	-3.913707e+001
1.443467e+002	-2.316897e+001
1.450913e+002	-1.878355e+000
1.451442e+002	-4.243713e+000
1.449896e+002	-1.370604e+001
1.449907e+002	-1.784573e+001
1.449744e+002	-2.257675e+001
1.451138e+002	-2.198513e+001
1.453742e+002	-1.725375e+001
1.455654e+002	-1.488791e+001
1.456875e+002	-1.488773e+001
1.458269e+002	-1.429612e+001
1.460873e+002	-9.564734e+000
1.463996e+002	-3.059153e+000
1.464871e+002	-4.241737e+000
1.462806e+002	-1.547828e+001
1.459704e+002	-3.026314e+001
1.461789e+002	-2.730597e+001
1.463356e+002	-2.612302e+001
1.463712e+002	-2.907982e+001
1.464068e+002	-3.203674e+001
1.465807e+002	-3.026223e+001
1.469276e+002	-2.257387e+001
1.472745e+002	-1.488540e+001
1.473274e+002	-1.725087e+001
1.472766e+002	-2.316466e+001
1.475716e+002	-1.725052e+001
1.479876e+002	-7.196497e+000
1.481270e+002	-6.604876e+000
1.481799e+002	-8.970351e+000
1.481290e+002	-1.488414e+001
1.479744e+002	-2.434636e+001
1.480446e+002	-2.612050e+001
1.482532e+002	-2.316322e+001
1.481504e+002	-3.085134e+001
1.481861e+002	-3.380815e+001
1.482217e+002	-3.676506e+001
1.483783e+002	-3.558200e+001
1.489500e+002	-2.020534e+001
1.491586e+002	-1.724818e+001
1.494708e+002	-1.074259e+001
1.497140e+002	-6.602548e+000
1.499052e+002	-4.236711e+000
1.502002e+002	1.677430e+000
1.503742e+002	3.451825e+000
1.496662e+002	-2.493539e+001
1.490274e+002	-5.095696e+001
1.492014e+002	-4.918246e+001
1.494791e+002	-4.385976e+001
1.496530e+002	-4.208536e+001
1.499653e+002	-3.557966e+001
1.505716e+002	-1.902024e+001
1.511779e+002	-2.460700e+000
1.513691e+002	-9.498069e-002
1.513701e+002	-4.234555e+000
1.514231e+002	-6.600030e+000
1.512512e+002	-1.665368e+001
1.512868e+002	-1.961049e+001
1.511495e+002	-2.848138e+001
1.508911e+002	-4.149213e+001
1.509613e+002	-4.326616e+001
1.511698e+002	-4.030888e+001
1.512400e+002	-4.208302e+001
1.514140e+002	-4.030852e+001
1.518992e+002	-2.788896e+001
1.520386e+002	-2.729735e+001
1.519704e+002	-3.380258e+001
1.523173e+002	-2.611421e+001
1.526123e+002	-2.019996e+001
1.530284e+002	-1.014594e+001
1.536173e+002	5.822147e+000
1.538086e+002	8.187866e+000
1.533946e+002	-1.014540e+001
1.531708e+002	-2.197327e+001
1.533967e+002	-1.842467e+001
1.534150e+002	-2.197291e+001
1.534333e+002	-2.552116e+001
1.533133e+002	-3.380060e+001
1.536429e+002	-2.670368e+001
1.541627e+002	-1.310113e+001
1.544231e+002	-8.369752e+000
1.540956e+002	-2.374604e+001
1.540447e+002	-2.965994e+001
1.543916e+002	-2.197147e+001
1.543062e+002	-2.906814e+001
1.543764e+002	-3.084218e+001
1.543774e+002	-3.498186e+001
1.542746e+002	-4.266986e+001
1.546388e+002	-3.439007e+001
1.552105e+002	-1.901341e+001
1.552115e+002	-2.315298e+001
1.550915e+002	-3.143254e+001
1.554557e+002	-2.315262e+001
1.559582e+002	-1.014163e+001
1.560803e+002	-1.014145e+001
1.563234e+002	-6.001515e+000
1.564109e+002	-7.184099e+000
1.564292e+002	-1.073235e+001
1.563957e+002	-1.605481e+001
1.560854e+002	-3.083966e+001
1.563112e+002	-2.729106e+001
1.571596e+002	-2.451893e+000
1.575065e+002	5.236454e+000
1.573692e+002	-3.634424e+000
1.573529e+002	-8.365439e+000
1.572502e+002	-1.605355e+001
1.572685e+002	-1.960168e+001
1.572004e+002	-2.610703e+001
1.572187e+002	-2.965527e+001
1.570987e+002	-3.793472e+001
1.576877e+002	-2.196662e+001
1.585360e+002	2.872530e+000
1.586408e+002	2.281269e+000
1.580712e+002	-2.137465e+001
1.577782e+002	-3.556817e+001
1.579868e+002	-3.261100e+001
1.582818e+002	-2.669685e+001
1.585422e+002	-2.196536e+001
1.588372e+002	-1.605121e+001
1.592187e+002	-7.179967e+000
1.592543e+002	-1.013678e+001
1.593072e+002	-1.250225e+001
1.594465e+002	-1.191063e+001
1.595513e+002	-1.250189e+001
1.591200e+002	-3.142661e+001
1.589136e+002	-4.266303e+001
1.588627e+002	-4.857694e+001
1.595209e+002	-3.024319e+001
1.602655e+002	-8.952567e+000
1.604567e+002	-6.586730e+000
1.605096e+002	-8.952205e+000
1.603723e+002	-1.782309e+001
1.602350e+002	-2.669398e+001
1.604954e+002	-2.196249e+001
1.605829e+002	-2.314508e+001
1.609817e+002	-1.368251e+001
1.612767e+002	-7.768358e+000
1.610702e+002	-1.900478e+001
1.612095e+002	-1.841316e+001
1.614700e+002	-1.368179e+001
1.615575e+002	-1.486438e+001
1.612991e+002	-2.787513e+001
1.608505e+002	-4.739118e+001
1.608861e+002	-5.034810e+001
1.613713e+002	-3.792843e+001
1.616663e+002	-3.201428e+001
1.619441e+002	-2.669146e+001
1.620316e+002	-2.787405e+001
1.622401e+002	-2.491688e+001
1.625870e+002	-1.722842e+001
1.630030e+002	-7.174399e+000
1.633499e+002	5.140652e-001
1.631953e+002	-8.948254e+000
1.633001e+002	-9.539406e+000
1.636643e+002	-1.259600e+000
1.638209e+002	-7.665410e-002
1.635972e+002	-1.190452e+001
1.633907e+002	-2.314095e+001
1.634436e+002	-2.550642e+001
1.634446e+002	-2.964611e+001
1.633938e+002	-3.555990e+001
1.635504e+002	-3.437695e+001
1.643296e+002	-1.190345e+001
1.646938e+002	-3.623641e+000
1.648677e+002	-1.849245e+000
1.650071e+002	-1.257623e+000
1.646277e+002	-1.840814e+001
1.643866e+002	-3.082744e+001
1.645952e+002	-2.787028e+001
1.647691e+002	-2.609589e+001
1.648393e+002	-2.786992e+001
1.647712e+002	-3.437515e+001
1.646339e+002	-4.324604e+001
1.648770e+002	-3.910599e+001
1.649472e+002	-4.088013e+001
1.647926e+002	-5.034235e+001
1.652259e+002	-3.969690e+001
1.656938e+002	-2.786866e+001
1.657295e+002	-3.082547e+001
1.654884e+002	-4.324478e+001
1.656105e+002	-4.324460e+001
1.660611e+002	-3.200781e+001
1.664080e+002	-2.431923e+001
1.666857e+002	-1.899652e+001
1.672228e+002	-4.802643e+000
1.675524e+002	2.294380e+000
1.675361e+002	-2.436626e+000
1.675890e+002	-4.802101e+000
1.677630e+002	-3.027706e+000
1.677121e+002	-8.941603e+000
1.676786e+002	-1.426395e+001
1.677142e+002	-1.722087e+001
1.676460e+002	-2.372610e+001
1.677854e+002	-2.313448e+001
1.680631e+002	-1.781178e+001
1.678739e+002	-2.845676e+001
1.676329e+002	-4.087618e+001
1.677722e+002	-4.028445e+001
1.681018e+002	-3.318753e+001
1.685870e+002	-2.076786e+001
1.686572e+002	-2.254189e+001
1.686410e+002	-2.727291e+001
1.690916e+002	-1.603613e+001
1.692137e+002	-1.603595e+001
1.687824e+002	-3.496067e+001
1.686451e+002	-4.383155e+001
1.690438e+002	-3.436886e+001
1.691486e+002	-3.496012e+001
1.695820e+002	-2.431455e+001
1.702228e+002	-6.572356e+000
1.704487e+002	-3.023754e+000
1.701384e+002	-1.780872e+001
1.697244e+002	-3.614200e+001
1.696044e+002	-4.442144e+001
1.699167e+002	-3.791585e+001
1.702463e+002	-3.081882e+001
1.707488e+002	-1.780782e+001
1.709228e+002	-1.603343e+001
1.708373e+002	-2.312999e+001
1.706827e+002	-3.259231e+001
1.707875e+002	-3.318358e+001
1.713938e+002	-1.662404e+001
1.716196e+002	-1.307544e+001
1.713094e+002	-2.786040e+001
1.708954e+002	-4.619368e+001
1.710174e+002	-4.619350e+001
1.716756e+002	-2.785986e+001
1.722127e+002	-1.366598e+001
1.722656e+002	-1.603145e+001
1.719381e+002	-3.140775e+001
1.716278e+002	-4.619259e+001
1.718018e+002	-4.441821e+001
1.720449e+002	-4.027816e+001
1.722880e+002	-3.613822e+001
1.724447e+002	-3.495528e+001
1.722555e+002	-4.560037e+001
1.724640e+002	-4.264309e+001
1.727763e+002	-3.613751e+001
1.734345e+002	-1.780387e+001
1.741099e+002	1.121198e+000
1.744049e+002	7.035465e+000
1.744751e+002	5.261431e+000
1.739747e+002	-1.602894e+001
1.737336e+002	-2.844813e+001
1.737346e+002	-3.258782e+001
1.737011e+002	-3.791028e+001
1.738577e+002	-3.672733e+001
1.741355e+002	-3.140451e+001
1.740500e+002	-3.850107e+001
1.741029e+002	-4.086666e+001
1.742942e+002	-3.850071e+001
1.747967e+002	-2.548971e+001
1.752300e+002	-1.484426e+001
1.753348e+002	-1.543552e+001
1.754915e+002	-1.425246e+001
1.756308e+002	-1.366095e+001
1.760815e+002	-2.424047e+000
1.764111e+002	4.672976e+000
1.763775e+002	-6.494799e-001
1.761710e+002	-1.188601e+001
1.762412e+002	-1.366005e+001
1.765189e+002	-8.337231e+000
1.766583e+002	-7.745718e+000
1.763654e+002	-2.193913e+001
1.760205e+002	-3.790687e+001
1.760734e+002	-4.027223e+001
1.762474e+002	-3.849784e+001
1.768710e+002	-2.134697e+001
1.775464e+002	-2.421890e+000
1.776858e+002	-1.830386e+000
1.774966e+002	-1.247548e+001
1.773420e+002	-2.193770e+001
1.774122e+002	-2.371172e+001
1.776553e+002	-1.957168e+001
1.775871e+002	-2.607702e+001
1.771386e+002	-4.559319e+001
1.772779e+002	-4.500156e+001
1.778496e+002	-2.962491e+001
1.779717e+002	-2.962473e+001
1.779900e+002	-3.317298e+001
1.784061e+002	-2.311885e+001
1.786146e+002	-2.016169e+001
1.787540e+002	-1.957007e+001
1.794121e+002	-1.236427e+000
1.795169e+002	-1.827688e+000
1.793104e+002	-1.306411e+001
1.791212e+002	-2.370922e+001
1.791050e+002	-2.844023e+001
1.791233e+002	-3.198859e+001
1.793837e+002	-2.725710e+001
1.798862e+002	-1.424599e+001
1.801466e+002	-9.514610e+000
1.803206e+002	-7.740331e+000
1.805810e+002	-3.008838e+000
1.807723e+002	-6.430101e-001
1.807560e+002	-5.374025e+000
1.805841e+002	-1.542779e+001
1.805505e+002	-2.075025e+001
1.805343e+002	-2.548127e+001
1.801376e+002	-4.322322e+001
1.801732e+002	-4.618003e+001
1.805374e+002	-3.790022e+001
1.809707e+002	-2.725477e+001
1.810582e+002	-2.843735e+001
1.812322e+002	-2.666307e+001
1.816482e+002	-1.660894e+001
1.818913e+002	-1.246901e+001
1.820307e+002	-1.187739e+001
1.820663e+002	-1.483420e+001
1.820155e+002	-2.074809e+001
1.815150e+002	-4.203847e+001
1.813604e+002	-5.150069e+001
1.820012e+002	-3.375837e+001
1.819850e+002	-3.848940e+001
1.816920e+002	-5.268292e+001
1.816585e+002	-5.800549e+001
1.821783e+002	-4.440293e+001
1.825770e+002	-3.494036e+001
1.829758e+002	-2.547767e+001
1.832362e+002	-2.074630e+001
1.833929e+002	-1.956323e+001
1.834977e+002	-2.015450e+001
1.832047e+002	-3.434802e+001
1.833614e+002	-3.316507e+001
1.838293e+002	-2.133673e+001
1.839687e+002	-2.074522e+001
1.842464e+002	-1.542241e+001
1.847835e+002	-1.228523e+000
1.849574e+002	5.458638e-001
1.844570e+002	-2.074450e+001
1.838701e+002	-4.499186e+001
1.839921e+002	-4.499168e+001
1.844255e+002	-3.434622e+001
1.845994e+002	-3.257184e+001
1.845486e+002	-3.848562e+001
1.841865e+002	-5.504480e+001
1.843258e+002	-5.445317e+001
1.848456e+002	-4.085085e+001
1.854000e+002	-2.606552e+001
1.856605e+002	-2.133404e+001
1.858171e+002	-2.015108e+001
1.860602e+002	-1.601115e+001
1.860786e+002	-1.955928e+001
1.859067e+002	-2.961305e+001
1.860114e+002	-3.020420e+001
1.861508e+002	-2.961269e+001
1.863075e+002	-2.842963e+001
1.861529e+002	-3.789195e+001
1.860674e+002	-4.498863e+001
1.861376e+002	-4.676266e+001
1.865537e+002	-3.670865e+001
1.866931e+002	-3.611703e+001
1.869016e+002	-3.315986e+001
1.871274e+002	-2.961125e+001
1.876645e+002	-1.541737e+001
1.876137e+002	-2.133116e+001
1.874937e+002	-2.961071e+001
1.877541e+002	-2.487934e+001
1.880491e+002	-1.896508e+001
1.879464e+002	-2.665319e+001
1.880339e+002	-2.783579e+001
1.886747e+002	-1.009348e+001
1.891945e+002	3.508953e+000
1.891783e+002	-1.222053e+000
1.890928e+002	-8.318724e+000
1.891803e+002	-9.501318e+000
1.891467e+002	-1.482377e+001
1.889576e+002	-2.546888e+001
1.889586e+002	-2.960856e+001
1.889250e+002	-3.493102e+001
1.886494e+002	-4.853310e+001
1.891519e+002	-3.552198e+001
1.896544e+002	-2.251099e+001
1.901223e+002	-1.068277e+001
1.904000e+002	-5.359831e+000
1.906086e+002	-2.402671e+000
1.906442e+002	-5.359470e+000
1.904550e+002	-1.600468e+001
1.900410e+002	-3.433796e+001
1.898691e+002	-4.439162e+001
1.899220e+002	-4.675709e+001
1.902862e+002	-3.847718e+001
1.908060e+002	-2.487485e+001
1.911356e+002	-1.777781e+001
1.915170e+002	-8.906574e+000
1.915181e+002	-1.304615e+001
1.915883e+002	-1.482018e+001
1.916758e+002	-1.600288e+001
1.916768e+002	-2.014246e+001
1.915222e+002	-2.960479e+001
1.914368e+002	-3.670146e+001
1.915761e+002	-3.610983e+001
1.921651e+002	-2.014175e+001
1.924774e+002	-1.363615e+001
1.924611e+002	-1.836717e+001
1.927043e+002	-1.422713e+001
1.931203e+002	-4.173105e+000
1.930176e+002	-1.186122e+001
1.929321e+002	-1.895789e+001
1.930542e+002	-1.895772e+001
1.934011e+002	-1.126924e+001
1.932292e+002	-2.132289e+001
1.925731e+002	-4.793591e+001
1.926779e+002	-4.852717e+001
1.934052e+002	-2.782788e+001
1.938213e+002	-1.777386e+001
1.937012e+002	-2.605331e+001
1.936677e+002	-3.137576e+001
1.937898e+002	-3.137559e+001
1.941539e+002	-2.309568e+001
1.946392e+002	-1.067612e+001
1.945710e+002	-1.718134e+001
1.948833e+002	-1.067575e+001
1.952994e+002	-6.216246e-001
1.950756e+002	-1.244961e+001
1.951977e+002	-1.244943e+001
1.950258e+002	-2.250309e+001
1.948885e+002	-3.137397e+001
1.948203e+002	-3.787920e+001
1.952364e+002	-2.782518e+001
1.958253e+002	-1.185708e+001
1.959993e+002	-1.008270e+001
1.960522e+002	-1.244817e+001
1.960532e+002	-1.658775e+001
1.962964e+002	-1.244781e+001
1.966432e+002	-4.759340e+000
1.966616e+002	-8.307589e+000
1.966799e+002	-1.185583e+001
1.966290e+002	-1.776973e+001
1.964917e+002	-2.664061e+001
1.964754e+002	-3.137163e+001
1.965629e+002	-3.255422e+001
1.969098e+002	-2.486587e+001
1.972221e+002	-1.836017e+001
1.969983e+002	-3.018803e+001
1.967400e+002	-4.319878e+001
1.967929e+002	-4.556426e+001
1.967939e+002	-4.970383e+001
1.971754e+002	-4.083270e+001
1.974358e+002	-3.610121e+001
1.974022e+002	-4.142367e+001
1.980950e+002	-2.190715e+001
1.986148e+002	-8.304711e+000
1.982700e+002	-2.427233e+001
1.979424e+002	-3.964874e+001
1.983066e+002	-3.136894e+001
1.985670e+002	-2.663756e+001
1.984124e+002	-3.609978e+001
1.985345e+002	-3.609959e+001
1.989160e+002	-2.722835e+001
1.994703e+002	-1.244314e+001
1.996962e+002	-8.894537e+000
1.999566e+002	-4.163044e+000
2.001997e+002	-2.310902e-002
2.001662e+002	-5.345457e+000
1.998386e+002	-2.072186e+001
1.998224e+002	-2.545289e+001
1.996505e+002	-3.550654e+001
1.999628e+002	-2.900095e+001
2.004307e+002	-1.717272e+001
2.006219e+002	-1.480689e+001
2.006230e+002	-1.894657e+001
2.007969e+002	-1.717218e+001
2.007115e+002	-2.426874e+001
2.006606e+002	-3.018264e+001
2.005752e+002	-3.727932e+001
2.009221e+002	-2.959095e+001
2.012517e+002	-2.249392e+001
2.015294e+002	-1.717110e+001
2.015996e+002	-1.894514e+001
2.016352e+002	-2.190194e+001
2.016708e+002	-2.485885e+001
2.016718e+002	-2.899843e+001
2.019495e+002	-2.367561e+001
2.020889e+002	-2.308399e+001
2.021245e+002	-2.604091e+001
2.022639e+002	-2.544929e+001
2.026454e+002	-1.657805e+001
2.029922e+002	-8.889682e+000
2.028376e+002	-1.835190e+001
2.030462e+002	-1.539473e+001
2.034276e+002	-6.523494e+000
2.035151e+002	-7.706195e+000
2.037582e+002	-3.566143e+000
2.034480e+002	-1.835100e+001
2.032761e+002	-2.840466e+001
2.036403e+002	-2.012485e+001
2.036413e+002	-2.426443e+001
2.035213e+002	-3.254398e+001
2.036088e+002	-3.372657e+001
2.037655e+002	-3.254363e+001
2.041815e+002	-2.248961e+001
2.042690e+002	-2.367220e+001
2.045986e+002	-1.657517e+001
2.047552e+002	-1.539222e+001
2.045314e+002	-2.722009e+001
2.048092e+002	-2.189727e+001
2.050869e+002	-1.657446e+001
2.048977e+002	-2.721955e+001
2.047085e+002	-3.786465e+001
2.048997e+002	-3.549881e+001
2.050045e+002	-3.609008e+001
2.049191e+002	-4.318675e+001
2.052832e+002	-3.490694e+001
2.057685e+002	-2.248727e+001
2.060116e+002	-1.834723e+001
2.060299e+002	-2.189548e+001
2.058926e+002	-3.076635e+001
2.059974e+002	-3.135761e+001
2.060157e+002	-3.490587e+001
2.065355e+002	-2.130332e+001
2.067786e+002	-1.716338e+001
2.066932e+002	-2.425994e+001
2.067288e+002	-2.721685e+001
2.071967e+002	-1.538862e+001
2.073880e+002	-1.302280e+001
2.069913e+002	-3.076474e+001
2.068194e+002	-4.081851e+001
2.073219e+002	-2.780740e+001
2.079973e+002	-8.882319e+000
2.083442e+002	-1.193846e+000
2.083106e+002	-6.516302e+000
2.081214e+002	-1.716140e+001
2.079841e+002	-2.603229e+001
2.077949e+002	-3.667738e+001
2.077787e+002	-4.140840e+001
2.081601e+002	-3.253716e+001
2.082995e+002	-3.194564e+001
2.083351e+002	-3.490246e+001
2.085609e+002	-3.135384e+001
2.088213e+002	-2.662247e+001
2.088743e+002	-2.898783e+001
2.091693e+002	-2.307358e+001
2.089455e+002	-3.490155e+001
2.086179e+002	-5.027785e+001
2.086881e+002	-5.205188e+001
2.092080e+002	-3.844933e+001
2.096586e+002	-2.721255e+001
2.099536e+002	-2.129828e+001
2.100411e+002	-2.248099e+001
2.103707e+002	-1.538396e+001
2.105792e+002	-1.242679e+001
2.105975e+002	-1.597504e+001
2.102008e+002	-3.371687e+001
2.100462e+002	-4.317920e+001
2.104277e+002	-3.430796e+001
2.108956e+002	-2.247973e+001
2.111387e+002	-1.833968e+001
2.110706e+002	-2.484502e+001
2.110716e+002	-2.898460e+001
2.115050e+002	-1.833914e+001
2.117827e+002	-1.301632e+001
2.118356e+002	-1.538180e+001
2.118020e+002	-2.070426e+001
2.119587e+002	-1.952119e+001
2.123055e+002	-1.183284e+001
2.122201e+002	-1.892951e+001
2.121693e+002	-2.484341e+001
2.122913e+002	-2.484323e+001
2.121713e+002	-3.312267e+001
2.120340e+002	-4.199356e+001
2.120350e+002	-4.613313e+001
2.125202e+002	-3.371346e+001
2.128844e+002	-2.543366e+001
2.132832e+002	-1.597109e+001
2.136300e+002	-8.282612e+000
2.135619e+002	-1.478784e+001
2.129058e+002	-4.140085e+001
2.125956e+002	-5.618571e+001
2.132364e+002	-3.844340e+001
2.138254e+002	-2.247541e+001
2.139302e+002	-2.306657e+001
2.142425e+002	-1.656097e+001
2.144337e+002	-1.419515e+001
2.142099e+002	-2.602312e+001
2.143493e+002	-2.543150e+001
2.150248e+002	-6.506421e+000
2.150604e+002	-9.463230e+000
2.149403e+002	-1.774278e+001
2.150970e+002	-1.655972e+001
2.152709e+002	-1.478533e+001
2.150990e+002	-2.483909e+001
2.147888e+002	-3.962395e+001
2.150838e+002	-3.370969e+001
2.150848e+002	-3.784937e+001
2.152069e+002	-3.784919e+001
2.158996e+002	-1.833267e+001
2.160217e+002	-1.833249e+001
2.157288e+002	-3.252602e+001
2.155223e+002	-4.376256e+001
2.156271e+002	-4.435371e+001
2.160604e+002	-3.370825e+001
2.165975e+002	-1.951436e+001
2.168406e+002	-1.537443e+001
2.165823e+002	-2.838507e+001
2.164795e+002	-3.607318e+001
2.167399e+002	-3.134181e+001
2.168620e+002	-3.134163e+001
2.171224e+002	-2.661025e+001
2.174002e+002	-2.128732e+001
2.172628e+002	-3.015821e+001
2.171255e+002	-3.902909e+001
2.166942e+002	-5.795392e+001
2.168163e+002	-5.795374e+001
2.173707e+002	-4.316842e+001
2.175273e+002	-4.198547e+001
2.176148e+002	-4.316806e+001
2.178407e+002	-3.961946e+001
2.182048e+002	-3.133965e+001
2.182923e+002	-3.252224e+001
2.186738e+002	-2.365100e+001
2.189169e+002	-1.951095e+001
2.190390e+002	-1.951077e+001
2.189881e+002	-2.542468e+001
2.191794e+002	-2.305884e+001
2.194744e+002	-1.714469e+001
2.200634e+002	-1.176602e+000
2.201509e+002	-2.359187e+000
2.203075e+002	-1.176241e+000
2.199973e+002	-1.596120e+001
2.197216e+002	-2.956329e+001
2.199994e+002	-2.424035e+001
2.200349e+002	-2.719727e+001
2.200014e+002	-3.251973e+001
2.202445e+002	-2.837968e+001
2.202801e+002	-3.133660e+001
2.201082e+002	-4.139025e+001
2.203686e+002	-3.665887e+001
2.209230e+002	-2.187355e+001
2.211835e+002	-1.714217e+001
2.213228e+002	-1.655055e+001
2.213757e+002	-1.891603e+001
2.212384e+002	-2.778692e+001
2.207725e+002	-4.789441e+001
2.211194e+002	-4.020594e+001
2.216392e+002	-2.660361e+001
2.213982e+002	-3.902281e+001
2.217105e+002	-3.251722e+001
2.225934e+002	-6.495286e+000
2.227501e+002	-5.312223e+000
2.226819e+002	-1.181756e+001
2.224754e+002	-2.305399e+001
2.223035e+002	-3.310776e+001
2.223564e+002	-3.547312e+001
2.225477e+002	-3.310740e+001
2.228600e+002	-2.660180e+001
2.233798e+002	-1.299925e+001
2.236229e+002	-8.859319e+000
2.235721e+002	-1.477311e+001
2.232618e+002	-2.955807e+001
2.228824e+002	-4.670858e+001
2.228489e+002	-5.203104e+001
2.234551e+002	-3.547150e+001
2.239403e+002	-2.305183e+001
2.239414e+002	-2.719152e+001
2.237695e+002	-3.724517e+001
2.239780e+002	-3.428801e+001
2.239617e+002	-3.901903e+001
2.239282e+002	-4.434149e+001
2.241194e+002	-4.197576e+001
2.244490e+002	-3.487873e+001
2.247095e+002	-3.014725e+001
2.244338e+002	-4.374944e+001
2.244002e+002	-4.907178e+001
2.244704e+002	-5.084593e+001
2.247481e+002	-4.552311e+001
2.251469e+002	-3.606043e+001
2.258051e+002	-1.772679e+001
2.264805e+002	1.198276e+000
2.262567e+002	-1.062958e+001
2.259810e+002	-2.423155e+001
2.259302e+002	-3.014545e+001
2.257929e+002	-3.901634e+001
2.253962e+002	-5.675828e+001
2.258295e+002	-4.611283e+001
2.260381e+002	-4.315566e+001
2.259699e+002	-4.966090e+001
2.263168e+002	-4.197253e+001
2.268366e+002	-2.836998e+001
2.271662e+002	-2.127295e+001
2.275304e+002	-1.299314e+001
2.275487e+002	-1.654139e+001
2.276535e+002	-1.713265e+001
2.277237e+002	-1.890669e+001
2.274999e+002	-3.073456e+001
2.275874e+002	-3.191726e+001
2.282109e+002	-1.476629e+001
2.285059e+002	-8.852136e+000
2.282822e+002	-2.068000e+001
2.279719e+002	-3.546486e+001
2.278692e+002	-4.315297e+001
2.280950e+002	-3.960436e+001
2.281306e+002	-4.256117e+001
2.281144e+002	-4.729218e+001
2.282883e+002	-4.551791e+001
2.288427e+002	-3.073258e+001
2.295355e+002	-1.121606e+001
2.297613e+002	-7.667566e+000
2.298661e+002	-8.258718e+000
2.301438e+002	-2.935902e+000
2.300583e+002	-1.003257e+001
2.301458e+002	-1.121517e+001
2.298183e+002	-2.659157e+001
2.296291e+002	-3.723655e+001
2.300451e+002	-2.718253e+001
2.306168e+002	-1.180589e+001
2.309983e+002	-2.934638e+000
2.309820e+002	-7.665771e+000
2.307755e+002	-1.890220e+001
2.306728e+002	-2.659031e+001
2.306911e+002	-3.013844e+001
2.307959e+002	-3.072971e+001
2.310045e+002	-2.777254e+001
2.315416e+002	-1.357866e+001
2.317674e+002	-1.003005e+001
2.318376e+002	-1.180409e+001
2.318213e+002	-1.653510e+001
2.318396e+002	-2.008336e+001
2.321865e+002	-1.239499e+001
2.325853e+002	-2.932301e+000
2.323615e+002	-1.476018e+001
2.322588e+002	-2.244829e+001
2.321042e+002	-3.191062e+001
2.322781e+002	-3.013611e+001
2.324348e+002	-2.895316e+001
2.325223e+002	-3.013575e+001
2.328519e+002	-2.303872e+001
2.329048e+002	-2.540420e+001
2.331825e+002	-2.008138e+001
2.334256e+002	-1.594144e+001
2.334958e+002	-1.771547e+001
2.337043e+002	-1.475820e+001
