    nm         	pN
0.000000e+000	6.208720e+002
1.220219e-001	6.208701e+002
3.288083e-002	6.127989e+002
6.690907e-002	6.094344e+002
1.361464e-001	6.074154e+002
1.349873e-001	6.027063e+002
1.162296e-001	5.973246e+002
-8.121952e-003	5.879078e+002
-9.279534e-003	5.831988e+002
7.754487e-002	5.818518e+002
1.995667e-001	5.818500e+002
1.280244e-001	5.744512e+002
1.092667e-001	5.690696e+002
5.531147e-002	5.623429e+002
1.895499e-002	5.562887e+002
-1.740149e-002	5.502346e+002
6.943454e-002	5.488881e+002
1.034613e-001	5.455236e+002
-3.279865e-003	5.367797e+002
4.834855e-002	5.340878e+002
1.351846e-001	5.327414e+002
9.882811e-002	5.266872e+002
1.152678e-001	5.226506e+002
1.316973e-001	5.186136e+002
1.305383e-001	5.139045e+002
1.821769e-001	5.112130e+002
1.282217e-001	5.044863e+002
1.974474e-001	5.024668e+002
2.314872e-001	4.991028e+002
1.071458e-001	4.896864e+002
1.411741e-001	4.863219e+002
2.104114e-001	4.843029e+002
2.092538e-001	4.795939e+002
2.080948e-001	4.748847e+002
1.717383e-001	4.688306e+002
1.705800e-001	4.641215e+002
1.694093e-001	4.594119e+002
8.026758e-002	4.513406e+002
-8.874892e-003	4.432693e+002
-9.802827e-002	4.351976e+002
-9.918657e-002	4.304885e+002
-1.236216e-002	4.291416e+002
3.927715e-002	4.264501e+002
1.437010e-001	4.257757e+002
1.249425e-001	4.203940e+002
2.117684e-001	4.190472e+002
1.754119e-001	4.129930e+002
2.094503e-001	4.096289e+002
2.434786e-001	4.062644e+002
2.071330e-001	4.002107e+002
1.883759e-001	3.948291e+002
1.520195e-001	3.887749e+002
1.156630e-001	3.827208e+002
9.690523e-002	3.773391e+002
1.485315e-001	3.746471e+002
2.529670e-001	3.739732e+002
2.869952e-001	3.706087e+002
1.450558e-001	3.605198e+002
1.790964e-001	3.571558e+002
3.363055e-001	3.584986e+002
3.879434e-001	3.558071e+002
2.987893e-001	3.477353e+002
2.096475e-001	3.396640e+002
-2.687430e-003	3.268850e+002
-5.663101e-002	3.201588e+002
-4.020294e-002	3.161217e+002
1.143564e-002	3.134302e+002
-4.251956e-002	3.067035e+002
-6.127731e-002	3.013219e+002
-2.723818e-002	2.979578e+002
6.790066e-003	2.945933e+002
4.082920e-002	2.912293e+002
1.980507e-001	2.925725e+002
1.440948e-001	2.858458e+002
5.495228e-002	2.777745e+002
1.945743e-001	2.784452e+002
1.230197e-001	2.710460e+002
-3.651771e-002	2.602846e+002
-9.047364e-002	2.535579e+002
-2.123633e-002	2.515389e+002
-7.519153e-002	2.448122e+002
-1.291475e-001	2.380855e+002
2.807402e-002	2.394287e+002
-8.283183e-003	2.333745e+002
-7.983710e-002	2.259753e+002
4.218547e-002	2.259735e+002
1.114228e-001	2.239545e+002
7.506630e-002	2.179003e+002
1.442913e-001	2.158809e+002
2.839133e-001	2.165516e+002
3.179532e-001	2.131875e+002
4.399764e-001	2.131857e+002
3.684211e-001	2.057865e+002
4.200597e-001	2.030949e+002
4.892853e-001	2.010755e+002
4.529289e-001	1.950213e+002
3.285890e-001	1.856050e+002
1.514514e-001	1.741710e+002
1.854913e-001	1.708070e+002
3.251133e-001	1.714777e+002
3.943390e-001	1.694582e+002
4.635647e-001	1.674388e+002
4.272198e-001	1.613851e+002
4.436493e-001	1.573481e+002
5.832707e-001	1.580187e+002
4.765301e-001	1.492749e+002
3.697773e-001	1.405306e+002
5.269981e-001	1.418738e+002
5.082403e-001	1.364922e+002
5.246800e-001	1.324556e+002
5.411211e-001	1.284191e+002
4.167812e-001	1.190027e+002
4.684082e-001	1.163107e+002
4.144530e-001	1.095840e+002
3.780966e-001	1.035299e+002
4.825313e-001	1.028560e+002
6.221417e-001	1.035262e+002
6.209827e-001	9.881709e+001
6.374238e-001	9.478051e+001
6.714622e-001	9.141646e+001
6.175070e-001	8.468978e+001
6.691340e-001	8.199781e+001
6.327891e-001	7.594408e+001
6.844161e-001	7.325212e+001
7.360547e-001	7.056061e+001
9.636602e-001	7.459348e+001
1.085683e+000	7.459164e+001
1.102123e+000	7.055507e+001
1.171349e+000	6.853563e+001
1.205389e+000	6.517159e+001
1.133833e+000	5.777236e+001
1.044692e+000	4.970107e+001
1.096319e+000	4.700910e+001
1.183144e+000	4.566220e+001
1.181985e+000	4.095309e+001
1.268811e+000	3.960618e+001
1.302849e+000	3.624214e+001
1.372075e+000	3.422270e+001
1.511697e+000	3.489339e+001
1.563335e+000	3.220187e+001
1.632561e+000	3.018244e+001
1.473023e+000	1.942102e+001
1.507063e+000	1.605697e+001
1.505904e+000	1.134786e+001
1.275971e+000	-2.103664e+000
1.433191e+000	-7.604550e-001
1.643198e+000	2.599893e+000
1.712435e+000	5.809066e-001
1.764062e+000	-2.111055e+000
1.639722e+000	-1.152741e+001
1.568167e+000	-1.892663e+001
1.672603e+000	-1.960056e+001
1.935406e+000	-1.422262e+001
1.934236e+000	-1.893218e+001
1.827494e+000	-2.767601e+001
1.826337e+000	-3.238511e+001
1.789980e+000	-3.843928e+001
1.753624e+000	-4.449344e+001
1.910845e+000	-4.315023e+001
1.962472e+000	-4.584219e+001
1.785346e+000	-5.727569e+001
1.731390e+000	-6.400238e+001
1.818215e+000	-6.534929e+001
1.852255e+000	-6.871333e+001
1.868694e+000	-7.274991e+001
1.744343e+000	-8.216672e+001
1.795981e+000	-8.485824e+001
1.847608e+000	-8.755020e+001
1.811252e+000	-9.360435e+001
1.862891e+000	-9.629587e+001
2.178491e+000	-8.890036e+001
2.388496e+000	-8.554000e+001
2.264156e+000	-9.495636e+001
2.192603e+000	-1.023556e+002
2.244241e+000	-1.050471e+002
2.278268e+000	-1.084116e+002
2.277110e+000	-1.131207e+002
2.240754e+000	-1.191749e+002
2.362777e+000	-1.191767e+002
2.537597e+000	-1.171610e+002
2.448443e+000	-1.252327e+002
2.376900e+000	-1.326315e+002
2.516522e+000	-1.319608e+002
2.480164e+000	-1.380150e+002
2.461407e+000	-1.433966e+002
2.565831e+000	-1.440710e+002
2.547073e+000	-1.494526e+002
2.669097e+000	-1.494545e+002
2.615140e+000	-1.561812e+002
2.420417e+000	-1.682872e+002
2.454444e+000	-1.716517e+002
2.682049e+000	-1.676188e+002
2.927266e+000	-1.629129e+002
3.594812e+000	-1.420682e+002
3.857615e+000	-1.366902e+002
3.874043e+000	-1.407272e+002
3.978468e+000	-1.414016e+002
3.977309e+000	-1.461107e+002
3.940952e+000	-1.521649e+002
4.186168e+000	-1.474590e+002
4.290593e+000	-1.481334e+002
4.007871e+000	-1.636021e+002
3.971515e+000	-1.696563e+002
4.128737e+000	-1.683130e+002
4.074781e+000	-1.750397e+002
4.214403e+000	-1.743691e+002
4.160448e+000	-1.810957e+002
4.088892e+000	-1.884950e+002
4.087735e+000	-1.932041e+002
4.350537e+000	-1.878261e+002
4.683737e+000	-1.797581e+002
4.876145e+000	-1.770702e+002
4.734205e+000	-1.871591e+002
4.680250e+000	-1.938858e+002
4.714289e+000	-1.972499e+002
4.695520e+000	-2.026320e+002
4.887938e+000	-1.999437e+002
5.027573e+000	-1.992726e+002
4.973605e+000	-2.059997e+002
5.095628e+000	-2.060015e+002
5.112080e+000	-2.100377e+002
5.269300e+000	-2.086945e+002
5.461697e+000	-2.060071e+002
5.618919e+000	-2.046639e+002
5.881733e+000	-1.992855e+002
5.880574e+000	-2.039946e+002
5.562657e+000	-2.208083e+002
6.036613e+000	-2.073614e+002
6.510593e+000	-1.939136e+002
6.615018e+000	-1.945879e+002
6.684255e+000	-1.966069e+002
6.911859e+000	-1.925740e+002
7.033882e+000	-1.925759e+002
6.962328e+000	-1.999751e+002
6.855599e+000	-2.087185e+002
6.942423e+000	-2.100654e+002
6.976463e+000	-2.134294e+002
6.887297e+000	-2.215017e+002
7.062130e+000	-2.194854e+002
7.342531e+000	-2.134350e+002
7.693308e+000	-2.046953e+002
7.885726e+000	-2.020070e+002
7.761386e+000	-2.114234e+002
7.777814e+000	-2.154604e+002
8.357377e+000	-1.979778e+002
9.200901e+000	-1.704082e+002
9.569288e+000	-1.609956e+002
9.708909e+000	-1.603249e+002
9.566969e+000	-1.704138e+002
9.425031e+000	-1.805027e+002
9.247895e+000	-1.919366e+002
9.264334e+000	-1.959732e+002
9.386357e+000	-1.959750e+002
9.367588e+000	-2.013571e+002
9.348843e+000	-2.067383e+002
9.400469e+000	-2.094302e+002
1.010321e+001	-1.872404e+002
1.129868e+001	-1.462216e+002
1.198383e+001	-1.247043e+002
1.228183e+001	-1.179813e+002
1.221027e+001	-1.253805e+002
1.263146e+001	-1.139503e+002
1.370374e+001	-7.763865e+001
1.486403e+001	-3.796441e+001
1.507404e+001	-3.460406e+001
1.480891e+001	-4.940021e+001
1.473737e+001	-5.679899e+001
1.471861e+001	-6.218062e+001
1.494622e+001	-5.814774e+001
1.519143e+001	-5.344232e+001
1.533104e+001	-5.277165e+001
1.538267e+001	-5.546361e+001
1.527593e+001	-6.420744e+001
1.509880e+001	-7.564138e+001
1.495686e+001	-8.573028e+001
1.477972e+001	-9.716423e+001
1.484894e+001	-9.918367e+001
1.521734e+001	-8.977055e+001
1.551533e+001	-8.304800e+001
1.560217e+001	-8.439446e+001
1.588257e+001	-7.834399e+001
1.602218e+001	-7.767376e+001
1.647856e+001	-6.489844e+001
1.695254e+001	-5.145060e+001
1.716255e+001	-4.809025e+001
1.698541e+001	-5.952420e+001
1.705464e+001	-6.154364e+001
1.747582e+001	-5.011338e+001
1.749226e+001	-5.414996e+001
1.750870e+001	-5.818653e+001
1.757793e+001	-6.020597e+001
1.745359e+001	-6.962232e+001
1.711807e+001	-8.710859e+001
1.713451e+001	-9.114517e+001
1.732692e+001	-8.845734e+001
1.729057e+001	-9.451106e+001
1.734220e+001	-9.720302e+001
1.760500e+001	-9.182508e+001
1.793820e+001	-8.375703e+001
1.804263e+001	-8.443141e+001
1.809425e+001	-8.712337e+001
1.804030e+001	-9.385006e+001
1.796875e+001	-1.012488e+002
1.809078e+001	-1.012507e+002
1.817760e+001	-1.025976e+002
1.815884e+001	-1.079792e+002
1.828087e+001	-1.079811e+002
1.863165e+001	-9.924093e+001
1.859531e+001	-1.052947e+002
1.840057e+001	-1.174011e+002
1.843461e+001	-1.207652e+002
1.838066e+001	-1.274919e+002
1.844988e+001	-1.295113e+002
1.844872e+001	-1.342204e+002
1.857075e+001	-1.342222e+002
1.844641e+001	-1.436386e+002
1.856843e+001	-1.436405e+002
1.867285e+001	-1.443148e+002
1.879488e+001	-1.443167e+002
1.882892e+001	-1.476807e+002
1.898613e+001	-1.463380e+002
1.930173e+001	-1.389424e+002
1.926537e+001	-1.449966e+002
1.922901e+001	-1.510508e+002
1.922785e+001	-1.557599e+002
1.934988e+001	-1.557617e+002
1.943670e+001	-1.571086e+002
1.957632e+001	-1.564379e+002
1.976874e+001	-1.537497e+002
2.006673e+001	-1.470271e+002
2.054071e+001	-1.335793e+002
2.025799e+001	-1.490480e+002
1.979929e+001	-1.712415e+002
1.997411e+001	-1.692257e+002
2.028970e+001	-1.618307e+002
2.018296e+001	-1.705745e+002
2.039297e+001	-1.672141e+002
2.058539e+001	-1.645259e+002
2.065461e+001	-1.665453e+002
2.093502e+001	-1.604948e+002
2.126820e+001	-1.524272e+002
2.168939e+001	-1.409970e+002
2.205778e+001	-1.315839e+002
2.247896e+001	-1.201541e+002
2.256579e+001	-1.215005e+002
2.277580e+001	-1.181402e+002
2.298581e+001	-1.147798e+002
2.296705e+001	-1.201614e+002
2.273712e+001	-1.336125e+002
2.285915e+001	-1.336144e+002
2.294597e+001	-1.349613e+002
2.317358e+001	-1.309284e+002
2.368276e+001	-1.161355e+002
2.378718e+001	-1.168099e+002
2.385640e+001	-1.188293e+002
2.366167e+001	-1.309358e+002
2.357253e+001	-1.390071e+002
2.362416e+001	-1.416991e+002
2.406294e+001	-1.295963e+002
2.436094e+001	-1.228733e+002
2.450056e+001	-1.222026e+002
2.513291e+001	-1.027029e+002
2.560689e+001	-8.925505e+001
2.553533e+001	-9.665426e+001
2.593892e+001	-8.589655e+001
2.632490e+001	-7.581134e+001
2.625335e+001	-8.321057e+001
2.577706e+001	-1.060762e+002
2.591668e+001	-1.054055e+002
2.642585e+001	-9.061304e+001
2.665345e+001	-8.658016e+001
2.645872e+001	-9.868664e+001
2.665114e+001	-9.599837e+001
2.707232e+001	-8.456811e+001
2.745831e+001	-7.448292e+001
2.768591e+001	-7.045003e+001
2.756157e+001	-7.986640e+001
2.764840e+001	-8.121331e+001
2.761204e+001	-8.726746e+001
2.750530e+001	-9.601130e+001
2.780330e+001	-8.928830e+001
2.813649e+001	-8.122070e+001
2.810013e+001	-8.727485e+001
2.790539e+001	-9.938133e+001
2.786905e+001	-1.054350e+002
2.809666e+001	-1.014022e+002
2.823628e+001	-1.007315e+002
2.823512e+001	-1.054406e+002
2.835714e+001	-1.054424e+002
2.832078e+001	-1.114966e+002
2.800287e+001	-1.283103e+002
2.786093e+001	-1.383992e+002
2.847568e+001	-1.195720e+002
2.887926e+001	-1.088143e+002
2.917726e+001	-1.020913e+002
2.988001e+001	-7.990150e+001
3.042437e+001	-6.376399e+001
3.084555e+001	-5.233373e+001
3.117874e+001	-4.426612e+001
3.119518e+001	-4.830270e+001
3.122922e+001	-5.166674e+001
3.128085e+001	-5.435871e+001
3.143807e+001	-5.301550e+001
3.157769e+001	-5.234482e+001
3.148854e+001	-6.041657e+001
3.146978e+001	-6.579821e+001
3.136304e+001	-7.454203e+001
3.129148e+001	-8.194125e+001
3.139591e+001	-8.261563e+001
3.150033e+001	-8.329000e+001
3.162235e+001	-8.329185e+001
3.183237e+001	-7.993106e+001
3.200718e+001	-7.791576e+001
3.195323e+001	-8.464201e+001
3.198727e+001	-8.800650e+001
3.209169e+001	-8.868088e+001
3.233690e+001	-8.397502e+001
3.245893e+001	-8.397687e+001
3.280972e+001	-7.523673e+001
3.309012e+001	-6.918626e+001
3.331772e+001	-6.515339e+001
3.317578e+001	-7.524228e+001
3.292826e+001	-8.936589e+001
3.313827e+001	-8.600554e+001
3.345387e+001	-7.861001e+001
3.410382e+001	-5.843777e+001
3.434902e+001	-5.373237e+001
3.425987e+001	-6.180412e+001
3.415312e+001	-7.054794e+001
3.402878e+001	-7.996431e+001
3.402763e+001	-8.467341e+001
3.388569e+001	-9.476231e+001
3.411329e+001	-9.072942e+001
3.449928e+001	-8.064423e+001
3.463890e+001	-7.997355e+001
3.486651e+001	-7.594066e+001
3.521729e+001	-6.720053e+001
3.539211e+001	-6.518479e+001
3.537335e+001	-7.056642e+001
3.554817e+001	-6.855068e+001
3.581098e+001	-6.317274e+001
3.600339e+001	-6.048492e+001
3.603742e+001	-6.384897e+001
3.600107e+001	-6.990312e+001
3.615829e+001	-6.855992e+001
3.640349e+001	-6.385451e+001
3.656071e+001	-6.251130e+001
3.694670e+001	-5.242610e+001
3.720950e+001	-4.704816e+001
3.699717e+001	-5.982717e+001
3.683763e+001	-7.058858e+001
3.718841e+001	-6.184845e+001
3.724005e+001	-6.453997e+001
3.732688e+001	-6.588687e+001
3.753690e+001	-6.252607e+001
3.779970e+001	-5.714814e+001
3.792172e+001	-5.714998e+001
3.802615e+001	-5.782437e+001
3.788421e+001	-6.791325e+001
3.770707e+001	-7.934720e+001
3.784669e+001	-7.867652e+001
3.816228e+001	-7.128145e+001
3.831950e+001	-6.993824e+001
3.824795e+001	-7.733745e+001
3.833479e+001	-7.868391e+001
3.931908e+001	-4.573496e+001
4.010982e+001	-2.018249e+001
3.973910e+001	-3.901381e+001
3.945638e+001	-5.448248e+001
3.936724e+001	-6.255379e+001
3.954205e+001	-6.053850e+001
3.931213e+001	-7.398959e+001
3.899421e+001	-9.080332e+001
3.922181e+001	-8.677043e+001
3.939663e+001	-8.475470e+001
3.967704e+001	-7.870423e+001
4.011581e+001	-6.660190e+001
4.030822e+001	-6.391363e+001
4.050063e+001	-6.122580e+001
4.048188e+001	-6.660744e+001
4.053351e+001	-6.929895e+001
4.060274e+001	-7.131839e+001
4.083034e+001	-6.728550e+001
4.082919e+001	-7.199460e+001
4.070484e+001	-8.141098e+001
4.086207e+001	-8.006776e+001
4.119525e+001	-7.200015e+001
4.131728e+001	-7.200200e+001
4.150970e+001	-6.931374e+001
4.164932e+001	-6.864306e+001
4.150738e+001	-7.873194e+001
4.154141e+001	-8.209643e+001
4.168103e+001	-8.142576e+001
4.199663e+001	-7.403023e+001
4.220664e+001	-7.066987e+001
4.215268e+001	-7.739657e+001
4.236270e+001	-7.403576e+001
4.287186e+001	-5.924332e+001
4.339863e+001	-4.377833e+001
4.359104e+001	-4.109051e+001
4.353709e+001	-4.781676e+001
4.335996e+001	-5.925070e+001
4.355237e+001	-5.656289e+001
4.381517e+001	-5.118495e+001
4.381401e+001	-5.589405e+001
4.381285e+001	-6.060315e+001
4.432201e+001	-4.581071e+001
4.453203e+001	-4.244990e+001
4.467165e+001	-4.177922e+001
4.489926e+001	-3.774634e+001
4.495089e+001	-4.043831e+001
4.489694e+001	-4.716455e+001
4.454383e+001	-6.532334e+001
4.417312e+001	-8.415422e+001
4.436553e+001	-8.146640e+001
4.483951e+001	-6.801856e+001
4.501432e+001	-6.600327e+001
4.511874e+001	-6.667764e+001
4.527597e+001	-6.533443e+001
4.541559e+001	-6.466375e+001
4.560799e+001	-6.197592e+001
4.573002e+001	-6.197777e+001
4.601042e+001	-5.592730e+001
4.625563e+001	-5.122189e+001
4.630726e+001	-5.391341e+001
4.651727e+001	-5.055305e+001
4.685047e+001	-4.248500e+001
4.704288e+001	-3.979718e+001
4.683055e+001	-5.257575e+001
4.661822e+001	-6.535475e+001
4.672264e+001	-6.602912e+001
4.680946e+001	-6.737603e+001
4.668513e+001	-7.679239e+001
4.673677e+001	-7.948391e+001
4.706995e+001	-7.141630e+001
4.742075e+001	-6.267572e+001
4.775394e+001	-5.460811e+001
4.780558e+001	-5.729963e+001
4.792760e+001	-5.730148e+001
4.806721e+001	-5.663123e+001
4.818923e+001	-5.663308e+001
4.801211e+001	-6.806659e+001
4.816932e+001	-6.672381e+001
4.843212e+001	-6.134589e+001
4.846616e+001	-6.470993e+001
4.850020e+001	-6.807398e+001
4.860462e+001	-6.874835e+001
4.909619e+001	-5.462842e+001
4.974614e+001	-3.445619e+001
5.007934e+001	-2.638814e+001
4.991980e+001	-3.714956e+001
4.974266e+001	-4.858351e+001
4.961832e+001	-5.799987e+001
4.970515e+001	-5.934678e+001
4.995035e+001	-5.464136e+001
5.030114e+001	-4.590122e+001
5.049356e+001	-4.321296e+001
5.036922e+001	-5.262932e+001
5.012168e+001	-6.675338e+001
5.005014e+001	-7.415216e+001
5.033054e+001	-6.810169e+001
5.054055e+001	-6.474133e+001
5.097933e+001	-5.263855e+001
5.138292e+001	-4.188083e+001
5.196247e+001	-2.439871e+001
5.204930e+001	-2.574517e+001
5.176657e+001	-4.121429e+001
5.148385e+001	-5.668296e+001
5.153549e+001	-5.937448e+001
5.165751e+001	-5.937633e+001
5.155077e+001	-6.812016e+001
5.190156e+001	-5.938002e+001
5.228754e+001	-4.929483e+001
5.251515e+001	-4.526195e+001
5.270757e+001	-4.257368e+001
5.311115e+001	-3.181596e+001
5.325077e+001	-3.114527e+001
5.333760e+001	-3.249218e+001
5.326604e+001	-3.989140e+001
5.319450e+001	-4.729018e+001
5.340451e+001	-4.392983e+001
5.380809e+001	-3.317210e+001
5.419408e+001	-2.308690e+001
5.401694e+001	-3.452085e+001
5.368143e+001	-5.200667e+001
5.373306e+001	-5.469863e+001
5.383749e+001	-5.537301e+001
5.392431e+001	-5.671991e+001
5.364159e+001	-7.218859e+001
5.358765e+001	-7.891483e+001
5.385045e+001	-7.353690e+001
5.399006e+001	-7.286666e+001
5.400650e+001	-7.690323e+001
5.421652e+001	-7.354244e+001
5.446172e+001	-6.883703e+001
5.475971e+001	-6.211447e+001
5.502252e+001	-5.673653e+001
5.530292e+001	-5.068607e+001
5.514338e+001	-6.144749e+001
5.482546e+001	-7.826122e+001
5.494748e+001	-7.826307e+001
5.506951e+001	-7.826492e+001
5.510355e+001	-8.162896e+001
5.531355e+001	-7.826861e+001
5.580513e+001	-6.414824e+001
5.617352e+001	-5.473557e+001
5.620756e+001	-5.809963e+001
5.622399e+001	-6.213664e+001
5.609965e+001	-7.155301e+001
5.639765e+001	-6.483002e+001
5.639649e+001	-6.953912e+001
5.646572e+001	-7.155855e+001
5.679891e+001	-6.349049e+001
5.699132e+001	-6.080268e+001
5.697257e+001	-6.618431e+001
5.720017e+001	-6.215143e+001
5.763895e+001	-5.004865e+001
5.795455e+001	-4.265311e+001
5.777742e+001	-5.408707e+001
5.765308e+001	-6.350342e+001
5.765192e+001	-6.821253e+001
5.782672e+001	-6.619724e+001
5.784317e+001	-7.023381e+001
5.810597e+001	-6.485587e+001
5.854475e+001	-5.275309e+001
5.840281e+001	-6.284199e+001
5.847204e+001	-6.486141e+001
5.864686e+001	-6.284567e+001
5.875128e+001	-6.352005e+001
5.911967e+001	-5.410739e+001
5.934727e+001	-5.007450e+001
5.925813e+001	-5.814581e+001
5.895781e+001	-7.428702e+001
5.902704e+001	-7.630645e+001
5.937783e+001	-6.756631e+001
5.955264e+001	-6.555056e+001
5.978025e+001	-6.151769e+001
5.991987e+001	-6.084701e+001
5.991871e+001	-6.555611e+001
5.998794e+001	-6.757555e+001
6.016276e+001	-6.555981e+001
6.026718e+001	-6.623418e+001
6.035400e+001	-6.758109e+001
6.045845e+001	-6.825502e+001
6.061565e+001	-6.691225e+001
6.093126e+001	-5.951672e+001
6.107088e+001	-5.884605e+001
6.108731e+001	-6.288263e+001
6.096296e+001	-7.229943e+001
6.124337e+001	-6.624896e+001
6.122461e+001	-7.163060e+001
6.143463e+001	-6.826981e+001
6.153905e+001	-6.894418e+001
6.160828e+001	-7.096362e+001
6.155432e+001	-7.769029e+001
6.174674e+001	-7.500203e+001
6.211513e+001	-6.558937e+001
6.223715e+001	-6.559122e+001
6.227119e+001	-6.895526e+001
6.237561e+001	-6.962964e+001
6.284958e+001	-5.618224e+001
6.295400e+001	-5.685662e+001
6.311122e+001	-5.551341e+001
6.346201e+001	-4.677327e+001
6.339047e+001	-5.417205e+001
6.307255e+001	-7.098577e+001
6.291301e+001	-8.174720e+001
6.294705e+001	-8.511124e+001
6.322745e+001	-7.906078e+001
6.338467e+001	-7.771801e+001
6.370026e+001	-7.032248e+001
6.415664e+001	-5.754718e+001
6.422587e+001	-5.956662e+001
6.387275e+001	-7.772540e+001
6.410038e+001	-7.369208e+001
6.446876e+001	-6.427941e+001
6.499553e+001	-4.881443e+001
6.502956e+001	-5.217847e+001
6.487003e+001	-6.293990e+001
6.493925e+001	-6.495932e+001
6.470932e+001	-7.841086e+001
6.465537e+001	-8.513711e+001
6.453102e+001	-9.455391e+001
6.460026e+001	-9.657290e+001
6.477507e+001	-9.455761e+001
6.493229e+001	-9.321440e+001
6.505431e+001	-9.321625e+001
6.521153e+001	-9.187304e+001
6.538635e+001	-8.985730e+001
6.513882e+001	-1.039814e+002
6.517286e+001	-1.073454e+002
6.536526e+001	-1.046576e+002
6.550489e+001	-1.039869e+002
6.585569e+001	-9.524632e+001
6.631205e+001	-8.247146e+001
6.648688e+001	-8.045571e+001
6.639772e+001	-8.852746e+001
6.632618e+001	-9.592624e+001
6.657138e+001	-9.122083e+001
6.658782e+001	-9.525740e+001
6.639308e+001	-1.073639e+002
6.683187e+001	-9.526109e+001
6.720025e+001	-8.584843e+001
6.730468e+001	-8.652281e+001
6.739150e+001	-8.786971e+001
6.758393e+001	-8.518145e+001
6.754757e+001	-9.123560e+001
6.712407e+001	-1.120841e+002
6.717569e+001	-1.147760e+002
6.738571e+001	-1.114152e+002
6.741974e+001	-1.147797e+002
6.722502e+001	-1.268858e+002
6.727664e+001	-1.295777e+002
6.755705e+001	-1.235273e+002
6.787265e+001	-1.161317e+002
6.818824e+001	-1.087367e+002
6.834546e+001	-1.073934e+002
6.834429e+001	-1.121025e+002
6.848391e+001	-1.114319e+002
6.874672e+001	-1.060539e+002
6.893913e+001	-1.033661e+002
6.863881e+001	-1.195073e+002
6.874323e+001	-1.201817e+002
6.927000e+001	-1.047167e+002
6.958560e+001	-9.732117e+001
6.949646e+001	-1.053925e+002
6.946010e+001	-1.114466e+002
6.930056e+001	-1.222081e+002
6.924660e+001	-1.289348e+002
6.947421e+001	-1.249019e+002
6.964903e+001	-1.228861e+002
6.973585e+001	-1.242330e+002
6.978750e+001	-1.269246e+002
6.999750e+001	-1.235642e+002
7.004913e+001	-1.262562e+002
6.985440e+001	-1.383622e+002
7.025799e+001	-1.276045e+002
7.073196e+001	-1.141571e+002
7.101236e+001	-1.081066e+002
7.108159e+001	-1.101260e+002
7.078127e+001	-1.262672e+002
7.055134e+001	-1.397183e+002
7.070857e+001	-1.383751e+002
7.118253e+001	-1.249277e+002
7.160371e+001	-1.134975e+002
7.165536e+001	-1.161890e+002
7.184777e+001	-1.135012e+002
7.262089e+001	-8.862168e+001
7.335883e+001	-6.508680e+001
7.369202e+001	-5.701918e+001
7.367326e+001	-6.240082e+001
7.376010e+001	-6.374729e+001
7.421647e+001	-5.097242e+001
7.419771e+001	-5.635404e+001
7.421415e+001	-6.039062e+001
7.430098e+001	-6.173752e+001
7.472216e+001	-5.030728e+001
7.489698e+001	-4.829153e+001
7.491342e+001	-5.232811e+001
7.522900e+001	-4.493303e+001
7.513987e+001	-5.300434e+001
7.519149e+001	-5.569630e+001
7.585904e+001	-3.485153e+001
7.592828e+001	-3.687052e+001
7.525840e+001	-6.713394e+001
7.502848e+001	-8.058504e+001
7.532648e+001	-7.386204e+001
7.585324e+001	-5.839705e+001
7.618643e+001	-5.032945e+001
7.607969e+001	-5.907328e+001
7.609614e+001	-6.310986e+001
7.625334e+001	-6.176709e+001
7.621698e+001	-6.782125e+001
7.628622e+001	-6.984023e+001
7.672500e+001	-5.773746e+001
7.702300e+001	-5.101490e+001
7.728580e+001	-4.563697e+001
7.728464e+001	-5.034607e+001
7.719549e+001	-5.841738e+001
7.763427e+001	-4.631503e+001
7.780909e+001	-4.429930e+001
7.791351e+001	-4.497367e+001
7.836989e+001	-3.219837e+001
7.845671e+001	-3.354527e+001
7.822678e+001	-4.699681e+001
7.787368e+001	-6.515515e+001
7.778453e+001	-7.322690e+001
7.787136e+001	-7.457335e+001
7.804617e+001	-7.255806e+001
7.829137e+001	-6.785266e+001
7.873016e+001	-5.574987e+001
7.883458e+001	-5.642425e+001
7.893900e+001	-5.709863e+001
7.925460e+001	-4.970310e+001
7.937663e+001	-4.970495e+001
7.958663e+001	-4.634460e+001
7.965587e+001	-4.836358e+001
7.970750e+001	-5.105555e+001
7.963595e+001	-5.845432e+001
7.972278e+001	-5.980123e+001
7.991519e+001	-5.711340e+001
7.991403e+001	-6.182251e+001
7.987767e+001	-6.787667e+001
8.026367e+001	-5.779104e+001
8.033290e+001	-5.981046e+001
8.013816e+001	-7.191694e+001
8.024258e+001	-7.259131e+001
8.052299e+001	-6.654085e+001
8.066261e+001	-6.587016e+001
8.097820e+001	-5.847464e+001
8.074827e+001	-7.192618e+001
8.083510e+001	-7.327308e+001
8.152024e+001	-5.175578e+001
8.162468e+001	-5.242971e+001
8.157073e+001	-5.915641e+001
8.169275e+001	-5.915825e+001
8.139243e+001	-7.529946e+001
8.147925e+001	-7.664637e+001
8.195323e+001	-6.319853e+001
8.221603e+001	-5.782059e+001
8.200370e+001	-7.059959e+001
8.214332e+001	-6.992892e+001
8.247651e+001	-6.186130e+001
8.266893e+001	-5.917303e+001
8.265017e+001	-6.455467e+001
8.252583e+001	-7.397104e+001
8.229590e+001	-8.742256e+001
8.236512e+001	-8.944200e+001
8.268072e+001	-8.204647e+001
8.313710e+001	-6.927117e+001
8.313594e+001	-7.398027e+001
8.308199e+001	-8.070696e+001
8.327439e+001	-7.801913e+001
8.369558e+001	-6.658888e+001
8.383520e+001	-6.591819e+001
8.372846e+001	-7.466203e+001
8.349853e+001	-8.811357e+001
8.369095e+001	-8.542529e+001
8.384816e+001	-8.408254e+001
8.393499e+001	-8.542899e+001
8.402181e+001	-8.677589e+001
8.435501e+001	-7.870829e+001
8.437144e+001	-8.274486e+001
8.456387e+001	-8.005659e+001
8.484427e+001	-7.400613e+001
8.440317e+001	-9.552711e+001
8.440200e+001	-1.002367e+002
8.492877e+001	-8.477125e+001
8.549073e+001	-6.796165e+001
8.564795e+001	-6.661843e+001
8.599874e+001	-5.787786e+001
8.597998e+001	-6.325949e+001
8.557407e+001	-8.343587e+001
8.555531e+001	-8.881751e+001
8.608208e+001	-7.335252e+001
8.632730e+001	-6.864667e+001
8.632612e+001	-7.335621e+001
8.609621e+001	-8.680730e+001
8.605985e+001	-9.286146e+001
8.642824e+001	-8.344880e+001
8.686702e+001	-7.134602e+001
8.695384e+001	-7.269293e+001
8.700548e+001	-7.538443e+001
8.710990e+001	-7.605882e+001
8.673919e+001	-9.489014e+001
8.649167e+001	-1.090138e+002
8.668409e+001	-1.063255e+002
8.691169e+001	-1.022926e+002
8.689293e+001	-1.076742e+002
8.705015e+001	-1.063310e+002
8.736574e+001	-9.893595e+001
8.745257e+001	-1.002829e+002
8.741623e+001	-1.063366e+002
8.746785e+001	-1.090285e+002
8.778345e+001	-1.016330e+002
8.778229e+001	-1.063421e+002
8.785152e+001	-1.083615e+002
8.793835e+001	-1.097085e+002
8.814836e+001	-1.063477e+002
8.844635e+001	-9.962510e+001
8.867397e+001	-9.559178e+001
8.890157e+001	-9.155889e+001
8.923476e+001	-8.349129e+001
8.912802e+001	-9.223512e+001
8.893328e+001	-1.043416e+002
8.891453e+001	-1.097232e+002
8.947649e+001	-9.291319e+001
8.998565e+001	-7.812075e+001
8.993171e+001	-8.484698e+001
8.957860e+001	-1.030058e+002
8.978861e+001	-9.964542e+001
9.020979e+001	-8.821518e+001
9.033181e+001	-8.821702e+001
9.033065e+001	-9.292613e+001
9.055826e+001	-8.889324e+001
9.050431e+001	-9.561949e+001
9.029198e+001	-1.083985e+002
9.020283e+001	-1.164698e+002
9.046564e+001	-1.110919e+002
9.079883e+001	-1.030242e+002
9.060409e+001	-1.151307e+002
9.055015e+001	-1.218570e+002
9.063697e+001	-1.232039e+002
9.091737e+001	-1.171534e+002
9.107458e+001	-1.158106e+002
9.128460e+001	-1.124499e+002
9.140662e+001	-1.124517e+002
9.144065e+001	-1.158162e+002
9.179145e+001	-1.070756e+002
9.223022e+001	-9.497327e+001
9.215868e+001	-1.023720e+002
9.194634e+001	-1.151511e+002
9.229714e+001	-1.064105e+002
9.222558e+001	-1.138097e+002
9.199567e+001	-1.272608e+002
9.215287e+001	-1.259180e+002
9.252127e+001	-1.165049e+002
9.241452e+001	-1.252492e+002
9.260694e+001	-1.225609e+002
9.278175e+001	-1.205456e+002
9.251662e+001	-1.353418e+002
9.255066e+001	-1.387058e+002
9.281347e+001	-1.333279e+002
9.293549e+001	-1.333297e+002
9.296951e+001	-1.366942e+002
9.314434e+001	-1.346785e+002
9.349512e+001	-1.259383e+002
9.345877e+001	-1.319925e+002
9.329923e+001	-1.427539e+002
9.342125e+001	-1.427558e+002
9.334971e+001	-1.501545e+002
9.336615e+001	-1.541911e+002
9.375213e+001	-1.441059e+002
9.427890e+001	-1.286409e+002
9.418974e+001	-1.367127e+002
9.431177e+001	-1.367145e+002
9.397627e+001	-1.542003e+002
9.386951e+001	-1.629446e+002
9.427310e+001	-1.521869e+002
9.451830e+001	-1.474815e+002
9.464032e+001	-1.474833e+002
9.507910e+001	-1.353806e+002
9.551788e+001	-1.232778e+002
9.542873e+001	-1.313495e+002
9.514601e+001	-1.468182e+002
9.528564e+001	-1.461475e+002
9.575962e+001	-1.326997e+002
9.593442e+001	-1.306844e+002
9.639081e+001	-1.179091e+002
9.661841e+001	-1.138762e+002
9.656446e+001	-1.206029e+002
9.732000e+001	-9.639547e+001
9.772358e+001	-8.563775e+001
9.807437e+001	-7.689761e+001
9.868913e+001	-5.806998e+001
9.895193e+001	-5.269204e+001
9.914434e+001	-5.000423e+001
9.942474e+001	-4.395375e+001
9.963475e+001	-4.059341e+001
9.959839e+001	-4.664756e+001
9.959723e+001	-5.135668e+001
9.975445e+001	-5.001346e+001
9.989407e+001	-4.934278e+001
9.999849e+001	-5.001715e+001
1.000677e+002	-5.203659e+001
9.982021e+001	-6.616021e+001
9.955508e+001	-8.095636e+001
9.980028e+001	-7.625094e+001
9.986951e+001	-7.827038e+001
9.985075e+001	-8.365202e+001
1.000960e+002	-7.894660e+001
1.005347e+002	-6.684382e+001
1.007975e+002	-6.146587e+001
1.010076e+002	-5.810509e+001
1.013232e+002	-5.071001e+001
1.013396e+002	-5.474658e+001
1.008985e+002	-7.626757e+001
1.008269e+002	-8.366679e+001
1.009138e+002	-8.501325e+001
1.011942e+002	-7.896323e+001
1.016329e+002	-6.686045e+001
1.019485e+002	-5.946493e+001
1.019474e+002	-6.417403e+001
1.018406e+002	-7.291830e+001
1.018395e+002	-7.762741e+001
1.019615e+002	-7.762926e+001
1.020131e+002	-8.032077e+001
1.023815e+002	-7.090811e+001
1.027851e+002	-6.015038e+001
1.027311e+002	-6.687707e+001
1.028356e+002	-6.755144e+001
1.031864e+002	-5.881087e+001
1.030268e+002	-6.957228e+001
1.029201e+002	-7.831656e+001
1.033061e+002	-6.823137e+001
1.032697e+002	-7.428509e+001
1.034621e+002	-7.159726e+001
1.036721e+002	-6.823690e+001
1.036886e+002	-7.227348e+001
1.037050e+002	-7.631006e+001
1.039150e+002	-7.294971e+001
1.041250e+002	-6.958891e+001
1.039303e+002	-8.169539e+001
1.038940e+002	-8.774954e+001
1.041568e+002	-8.237161e+001
1.043492e+002	-7.968334e+001
1.046472e+002	-7.296080e+001
1.046636e+002	-7.699737e+001
1.047152e+002	-7.968889e+001
1.048373e+002	-7.969073e+001
1.047657e+002	-8.708996e+001
1.048173e+002	-8.978192e+001
1.046050e+002	-1.025605e+002
1.046566e+002	-1.052524e+002
1.052714e+002	-8.642481e+001
1.057630e+002	-7.230489e+001
1.057090e+002	-7.903159e+001
1.056727e+002	-8.508530e+001
1.062522e+002	-6.760317e+001
1.064974e+002	-6.289777e+001
1.064259e+002	-7.029654e+001
1.060200e+002	-9.047248e+001
1.059660e+002	-9.719917e+001
1.062112e+002	-9.249376e+001
1.063860e+002	-9.047801e+001
1.068248e+002	-7.837568e+001
1.069644e+002	-7.770500e+001
1.070513e+002	-7.905190e+001
1.071557e+002	-7.972584e+001
1.075593e+002	-6.896812e+001
1.077165e+002	-6.762534e+001
1.074866e+002	-8.107643e+001
1.072390e+002	-9.520050e+001
1.078186e+002	-7.771793e+001
1.082222e+002	-6.696020e+001
1.083090e+002	-6.830711e+001
1.081143e+002	-8.041314e+001
1.080779e+002	-8.646731e+001
1.081999e+002	-8.646915e+001
1.084276e+002	-8.243627e+001
1.084968e+002	-8.445571e+001
1.086012e+002	-8.512964e+001
1.086352e+002	-8.849413e+001
1.083877e+002	-1.026177e+002
1.082810e+002	-1.113616e+002
1.086142e+002	-1.032940e+002
1.090529e+002	-9.119119e+001
1.095445e+002	-7.707127e+001
1.096313e+002	-7.841817e+001
1.095950e+002	-8.447232e+001
1.096466e+002	-8.716385e+001
1.098038e+002	-8.582064e+001
1.101370e+002	-7.775303e+001
1.101007e+002	-8.380719e+001
1.100291e+002	-9.120597e+001
1.101512e+002	-9.120781e+001
1.102908e+002	-9.053713e+001
1.102192e+002	-9.793635e+001
1.099365e+002	-1.134050e+002
1.102345e+002	-1.066820e+002
1.103917e+002	-1.053393e+002
1.099506e+002	-1.268603e+002
1.095623e+002	-1.463637e+002
1.099659e+002	-1.356059e+002
1.106686e+002	-1.134161e+002
1.108083e+002	-1.127454e+002
1.108775e+002	-1.147649e+002
1.108939e+002	-1.188014e+002
1.109984e+002	-1.194758e+002
1.111908e+002	-1.167876e+002
1.112776e+002	-1.181345e+002
1.108365e+002	-1.396555e+002
1.108881e+002	-1.423474e+002
1.112037e+002	-1.349519e+002
1.115193e+002	-1.275564e+002
1.121341e+002	-1.087292e+002
1.125201e+002	-9.864398e+001
1.125893e+002	-1.006634e+002
1.127289e+002	-9.999274e+001
1.128333e+002	-1.006671e+002
1.133073e+002	-8.721927e+001
1.134997e+002	-8.453144e+001
1.134634e+002	-9.058517e+001
1.134446e+002	-9.596680e+001
1.134083e+002	-1.020210e+002
1.138294e+002	-9.059070e+001
1.140571e+002	-8.655783e+001
1.140735e+002	-9.059440e+001
1.142835e+002	-8.723405e+001
1.145991e+002	-7.983852e+001
1.148443e+002	-7.513312e+001
1.150895e+002	-7.042771e+001
1.152819e+002	-6.773988e+001
1.153159e+002	-7.110393e+001
1.153148e+002	-7.581303e+001
1.153664e+002	-7.850499e+001
1.157172e+002	-6.976442e+001
1.159448e+002	-6.573153e+001
1.162076e+002	-6.035359e+001
1.165056e+002	-5.363060e+001
1.165045e+002	-5.833970e+001
1.166793e+002	-5.632441e+001
1.167485e+002	-5.834339e+001
1.167649e+002	-6.238041e+001
1.166582e+002	-7.112425e+001
1.166570e+002	-7.583335e+001
1.164623e+002	-8.793984e+001
1.165139e+002	-9.063136e+001
1.170935e+002	-7.314922e+001
1.178666e+002	-4.826929e+001
1.183406e+002	-3.482189e+001
1.184450e+002	-3.549627e+001
1.182679e+002	-4.693022e+001
1.181788e+002	-5.500152e+001
1.178608e+002	-7.181526e+001
1.177189e+002	-8.190414e+001
1.177705e+002	-8.459610e+001
1.180333e+002	-7.921817e+001
1.183841e+002	-7.047759e+001
1.188581e+002	-5.703019e+001
1.187338e+002	-6.644656e+001
1.185918e+002	-7.653544e+001
1.186962e+002	-7.720982e+001
1.188887e+002	-7.452155e+001
1.190987e+002	-7.116119e+001
1.194143e+002	-6.376568e+001
1.196946e+002	-5.771565e+001
1.198343e+002	-5.704497e+001
1.199915e+002	-5.570176e+001
1.202191e+002	-5.166888e+001
1.203235e+002	-5.234325e+001
1.202696e+002	-5.906950e+001
1.198989e+002	-7.790082e+001
1.198625e+002	-8.395498e+001
1.199669e+002	-8.462937e+001
1.201946e+002	-8.059603e+001
1.201758e+002	-8.597766e+001
1.204034e+002	-8.194478e+001
1.208598e+002	-6.916948e+001
1.210874e+002	-6.513659e+001
1.212094e+002	-6.513844e+001
1.211379e+002	-7.253766e+001
1.208551e+002	-8.800634e+001
1.208364e+002	-9.338798e+001
1.210992e+002	-8.801004e+001
1.210980e+002	-9.271914e+001
1.213080e+002	-8.935879e+001
1.215532e+002	-8.465337e+001
1.216928e+002	-8.398270e+001
1.219733e+002	-7.793222e+001
1.223241e+002	-6.919165e+001
1.224637e+002	-6.852140e+001
1.227617e+002	-6.179841e+001
1.226725e+002	-6.986971e+001
1.226538e+002	-7.525135e+001
1.225998e+002	-8.197804e+001
1.226163e+002	-8.601462e+001
1.229142e+002	-7.929207e+001
1.230715e+002	-7.794886e+001
1.231407e+002	-7.996784e+001
1.233507e+002	-7.660749e+001
1.233848e+002	-7.997154e+001
1.236299e+002	-7.526613e+001
1.239983e+002	-6.585346e+001
1.239972e+002	-7.056256e+001
1.241720e+002	-6.854727e+001
1.242060e+002	-7.191132e+001
1.240465e+002	-8.267274e+001
1.240101e+002	-8.872689e+001
1.241674e+002	-8.738368e+001
1.243246e+002	-8.604047e+001
1.244994e+002	-8.402518e+001
1.247446e+002	-7.931977e+001
1.247610e+002	-8.335635e+001
1.245135e+002	-9.747996e+001
1.246883e+002	-9.546467e+001
1.249863e+002	-8.874167e+001
1.252667e+002	-8.269121e+001
1.251072e+002	-9.345263e+001
1.248949e+002	-1.062312e+002
1.248585e+002	-1.122854e+002
1.251037e+002	-1.075799e+002
1.252081e+002	-1.082543e+002
1.252422e+002	-1.116184e+002
1.254170e+002	-1.096031e+002
1.257854e+002	-1.001904e+002
1.258370e+002	-1.028819e+002
1.258006e+002	-1.089361e+002
1.259051e+002	-1.096105e+002
1.262207e+002	-1.022149e+002
1.263251e+002	-1.028893e+002
1.260776e+002	-1.170129e+002
1.259004e+002	-1.284469e+002
1.262336e+002	-1.203793e+002
1.265844e+002	-1.116387e+002
1.269176e+002	-1.035711e+002
1.272156e+002	-9.684808e+001
1.273728e+002	-9.550531e+001
1.274597e+002	-9.685178e+001
1.273177e+002	-1.069407e+002
1.272462e+002	-1.143399e+002
1.275618e+002	-1.069444e+002
1.281413e+002	-8.946224e+001
1.280346e+002	-9.820608e+001
1.277870e+002	-1.123297e+002
1.279971e+002	-1.089693e+002
1.283654e+002	-9.955668e+001
1.283995e+002	-1.029207e+002
1.281871e+002	-1.156997e+002
1.283444e+002	-1.143565e+002
1.292583e+002	-8.409723e+001
1.299962e+002	-6.056235e+001
1.302942e+002	-5.383935e+001
1.306450e+002	-4.509922e+001
1.311894e+002	-2.896170e+001
1.312586e+002	-3.098114e+001
1.311695e+002	-3.905244e+001
1.312739e+002	-3.972682e+001
1.317830e+002	-2.493436e+001
1.318523e+002	-2.695335e+001
1.315695e+002	-4.242248e+001
1.317972e+002	-3.838915e+001
1.323063e+002	-2.359670e+001
1.322876e+002	-2.897833e+001
1.321984e+002	-3.705008e+001
1.323908e+002	-3.436182e+001
1.325481e+002	-3.301861e+001
1.327933e+002	-2.831319e+001
1.327921e+002	-3.302230e+001
1.331605e+002	-2.360963e+001
1.333529e+002	-2.092181e+001
1.333517e+002	-2.563091e+001
1.332978e+002	-3.235716e+001
1.329623e+002	-4.984342e+001
1.330139e+002	-5.253539e+001
1.331535e+002	-5.186470e+001
1.331524e+002	-5.657381e+001
1.335384e+002	-4.648861e+001
1.334668e+002	-5.388738e+001
1.336592e+002	-5.119957e+001
1.343268e+002	-3.035479e+001
1.344136e+002	-3.170169e+001
1.343948e+002	-3.708333e+001
1.344289e+002	-4.044739e+001
1.346213e+002	-3.775911e+001
1.350249e+002	-2.700139e+001
1.351117e+002	-2.834830e+001
1.348818e+002	-4.179982e+001
1.347574e+002	-5.121618e+001
1.351610e+002	-4.045846e+001
1.357758e+002	-2.163084e+001
1.362497e+002	-8.183444e+000
1.362134e+002	-1.423760e+001
1.357371e+002	-3.710365e+001
1.357359e+002	-4.181275e+001
1.358579e+002	-4.181460e+001
1.359800e+002	-4.181645e+001
1.360316e+002	-4.450797e+001
1.361712e+002	-4.383728e+001
1.365220e+002	-3.509715e+001
1.368200e+002	-2.837415e+001
1.369420e+002	-2.837600e+001
1.366769e+002	-4.317215e+001
1.366582e+002	-4.855379e+001
1.370969e+002	-3.645145e+001
1.373245e+002	-3.241812e+001
1.374114e+002	-3.376503e+001
1.372870e+002	-4.318139e+001
1.376202e+002	-3.511378e+001
1.378478e+002	-3.108090e+001
1.381282e+002	-2.503042e+001
1.383206e+002	-2.234216e+001
1.382491e+002	-2.974138e+001
1.386527e+002	-1.898366e+001
1.391267e+002	-5.535817e+000
1.389671e+002	-1.629724e+001
1.389484e+002	-2.167887e+001
1.396159e+002	-8.340974e-001
1.398259e+002	2.526241e+000
1.397368e+002	-5.545056e+000
1.392957e+002	-2.706604e+001
1.389778e+002	-4.387978e+001
1.392582e+002	-3.782931e+001
1.395561e+002	-3.110676e+001
1.394670e+002	-3.917806e+001
1.394659e+002	-4.388716e+001
1.397638e+002	-3.716462e+001
1.399915e+002	-3.313130e+001
1.401487e+002	-3.178853e+001
1.403411e+002	-2.910026e+001
1.404103e+002	-3.111969e+001
1.403212e+002	-3.919100e+001
1.402144e+002	-4.793527e+001
1.406180e+002	-3.717754e+001
1.408104e+002	-3.448928e+001
1.409324e+002	-3.449113e+001
1.409313e+002	-3.920024e+001
1.412117e+002	-3.314976e+001
1.413161e+002	-3.382414e+001
1.410862e+002	-4.727568e+001
1.410850e+002	-5.198478e+001
1.412246e+002	-5.131410e+001
1.417338e+002	-3.652165e+001
1.422782e+002	-2.038414e+001
1.427697e+002	-6.263763e+000
1.427334e+002	-1.231793e+001
1.423627e+002	-3.114925e+001
1.422383e+002	-4.056561e+001
1.425363e+002	-3.384261e+001
1.424824e+002	-4.056930e+001
1.425516e+002	-4.258874e+001
1.427088e+002	-4.124553e+001
1.428484e+002	-4.057485e+001
1.427065e+002	-5.066373e+001
1.427405e+002	-5.402779e+001
1.433201e+002	-3.654566e+001
1.437765e+002	-2.377035e+001
1.438985e+002	-2.377220e+001
1.441437e+002	-1.906678e+001
1.441954e+002	-2.175831e+001
1.444230e+002	-1.772542e+001
1.444746e+002	-2.041738e+001
1.442095e+002	-3.521354e+001
1.439443e+002	-5.000969e+001
1.440136e+002	-5.202912e+001
1.444875e+002	-3.858128e+001
1.448031e+002	-3.118620e+001
1.448196e+002	-3.522278e+001
1.447656e+002	-4.194947e+001
1.450108e+002	-3.724405e+001
1.453440e+002	-2.917600e+001
1.455188e+002	-2.716027e+001
1.457816e+002	-2.178233e+001
1.457101e+002	-2.918154e+001
1.456034e+002	-3.792537e+001
1.458134e+002	-3.456502e+001
1.459002e+002	-3.591193e+001
1.458110e+002	-4.398324e+001
1.456163e+002	-5.608971e+001
1.459143e+002	-4.936672e+001
1.462123e+002	-4.264416e+001
1.461232e+002	-5.071547e+001
1.463684e+002	-4.601005e+001
1.469479e+002	-2.852748e+001
1.469644e+002	-3.256406e+001
1.465936e+002	-5.139538e+001
1.465749e+002	-5.677702e+001
1.468025e+002	-5.274414e+001
1.471885e+002	-4.265895e+001
1.476273e+002	-3.055616e+001
1.481364e+002	-1.576371e+001
1.482409e+002	-1.643764e+001
1.481341e+002	-2.518192e+001
1.485729e+002	-1.307913e+001
1.488181e+002	-8.373719e+000
1.486058e+002	-2.115273e+001
1.488862e+002	-1.510226e+001
1.489906e+002	-1.577664e+001
1.487607e+002	-2.922772e+001
1.487771e+002	-3.326430e+001
1.487408e+002	-3.931847e+001
1.491091e+002	-2.990580e+001
1.494247e+002	-2.251027e+001
1.494588e+002	-2.587477e+001
1.493696e+002	-3.394606e+001
1.497028e+002	-2.587846e+001
1.499656e+002	-2.050052e+001
1.498237e+002	-3.058941e+001
1.496641e+002	-4.135083e+001
1.498038e+002	-4.068015e+001
1.499962e+002	-3.799188e+001
1.502238e+002	-3.395900e+001
1.507154e+002	-1.983908e+001
1.506966e+002	-2.522071e+001
1.505195e+002	-3.665466e+001
1.505887e+002	-3.867364e+001
1.508339e+002	-3.396824e+001
1.513431e+002	-1.917578e+001
1.516587e+002	-1.178026e+001
1.515343e+002	-2.119707e+001
1.514628e+002	-2.859584e+001
1.514968e+002	-3.196034e+001
1.516364e+002	-3.128965e+001
1.514945e+002	-4.137854e+001
1.516341e+002	-4.070786e+001
1.518793e+002	-3.600245e+001
1.522125e+002	-2.793439e+001
1.525809e+002	-1.852172e+001
1.526325e+002	-2.121370e+001
1.521562e+002	-4.407930e+001
1.520671e+002	-5.215105e+001
1.521187e+002	-5.484256e+001
1.520824e+002	-6.089673e+001
1.523452e+002	-5.551878e+001
1.529071e+002	-3.870875e+001
1.531347e+002	-3.467587e+001
1.533271e+002	-3.198804e+001
1.532380e+002	-4.005935e+001
1.530785e+002	-5.082077e+001
1.533061e+002	-4.678789e+001
1.538328e+002	-3.132290e+001
1.539549e+002	-3.132475e+001
1.538657e+002	-3.939606e+001
1.537238e+002	-4.948494e+001
1.535994e+002	-5.890131e+001
1.536335e+002	-6.226580e+001
1.539491e+002	-5.487027e+001
1.542647e+002	-4.747519e+001
1.545627e+002	-4.075220e+001
1.548079e+002	-3.604679e+001
1.548067e+002	-4.075589e+001
1.547351e+002	-4.815511e+001
1.550859e+002	-3.941453e+001
1.553311e+002	-3.470911e+001
1.554180e+002	-3.605602e+001
1.558039e+002	-2.597083e+001
1.559260e+002	-2.597268e+001
1.557136e+002	-3.875123e+001
1.557653e+002	-4.144320e+001
1.559225e+002	-4.009999e+001
1.559741e+002	-4.279195e+001
1.557794e+002	-5.489799e+001
1.562182e+002	-4.279565e+001
1.563226e+002	-4.346958e+001
1.562159e+002	-5.221386e+001
1.561619e+002	-5.894010e+001
1.563367e+002	-5.692481e+001
1.567931e+002	-4.414950e+001
1.568799e+002	-4.549641e+001
1.570195e+002	-4.482572e+001
1.571064e+002	-4.617262e+001
1.574220e+002	-3.877710e+001
1.580191e+002	-2.062245e+001
1.580708e+002	-2.331396e+001
1.576825e+002	-4.281782e+001
1.576109e+002	-5.021659e+001
1.575921e+002	-5.559823e+001
1.578373e+002	-5.089281e+001
1.583289e+002	-3.677289e+001
1.586445e+002	-2.937737e+001
1.589249e+002	-2.332690e+001
1.595045e+002	-5.844327e+000
1.596793e+002	-3.829036e+000
1.592910e+002	-2.333244e+001
1.591314e+002	-3.409386e+001
1.591655e+002	-3.745835e+001
1.592875e+002	-3.746019e+001
1.595679e+002	-3.140973e+001
1.600243e+002	-1.863442e+001
1.598119e+002	-3.141343e+001
1.598988e+002	-3.275989e+001
1.599152e+002	-3.679691e+001
1.602484e+002	-2.872886e+001
1.602121e+002	-3.478301e+001
1.601405e+002	-4.218223e+001
1.600338e+002	-5.092607e+001
1.601558e+002	-5.092792e+001
1.605418e+002	-4.084271e+001
1.607342e+002	-3.815445e+001
1.608738e+002	-3.748421e+001
1.608023e+002	-4.488299e+001
1.607131e+002	-5.295474e+001
1.609935e+002	-4.690428e+001
1.611859e+002	-4.421600e+001
1.611496e+002	-5.027017e+001
1.612188e+002	-5.228960e+001
1.612176e+002	-5.699870e+001
1.613573e+002	-5.632802e+001
1.616905e+002	-4.826041e+001
1.618653e+002	-4.624467e+001
1.616881e+002	-5.767862e+001
1.616518e+002	-6.373278e+001
1.619498e+002	-5.700978e+001
1.619310e+002	-6.239142e+001
1.620354e+002	-6.306580e+001
1.624038e+002	-5.365269e+001
1.625611e+002	-5.230992e+001
1.628942e+002	-4.424187e+001
1.632626e+002	-3.482920e+001
1.632263e+002	-4.088337e+001
1.635067e+002	-3.483289e+001
1.640686e+002	-1.802286e+001
1.644194e+002	-9.282712e+000
1.643127e+002	-1.802655e+001
1.643467e+002	-2.139104e+001
1.642928e+002	-2.811729e+001
1.640628e+002	-4.156882e+001
1.640089e+002	-4.829552e+001
1.639549e+002	-5.502175e+001
1.642529e+002	-4.829921e+001
1.642870e+002	-5.166325e+001
1.640746e+002	-6.444181e+001
1.644782e+002	-5.368409e+001
1.651634e+002	-3.216724e+001
1.656021e+002	-2.006446e+001
1.657594e+002	-1.872125e+001
1.656878e+002	-2.612046e+001
1.654051e+002	-4.158914e+001
1.656855e+002	-3.553868e+001
1.661067e+002	-2.410843e+001
1.659471e+002	-3.486984e+001
1.656292e+002	-5.168358e+001
1.657688e+002	-5.101290e+001
1.660668e+002	-4.428990e+001
1.660833e+002	-4.832692e+001
1.663813e+002	-4.160392e+001
1.668729e+002	-2.748356e+001
1.670829e+002	-2.412320e+001
1.670113e+002	-3.152242e+001
1.669398e+002	-3.892120e+001
1.672202e+002	-3.287072e+001
1.671310e+002	-4.094247e+001
1.671650e+002	-4.430653e+001
1.673927e+002	-4.027365e+001
1.679722e+002	-2.279107e+001
1.682526e+002	-1.674061e+001
1.679523e+002	-3.288181e+001
1.678983e+002	-3.960850e+001
1.683371e+002	-2.750572e+001
1.685295e+002	-2.481789e+001
1.684580e+002	-3.221712e+001
1.683336e+002	-4.163348e+001
1.684733e+002	-4.096280e+001
1.688944e+002	-2.953255e+001
1.689989e+002	-3.020692e+001
1.686282e+002	-4.903780e+001
1.686094e+002	-5.441943e+001
1.689426e+002	-4.635183e+001
1.692406e+002	-3.962883e+001
1.696970e+002	-2.685396e+001
1.697838e+002	-2.820042e+001
1.695891e+002	-4.030689e+001
1.698343e+002	-3.560149e+001
1.702027e+002	-2.618882e+001
1.701135e+002	-3.426013e+001
1.698836e+002	-4.771166e+001
1.697944e+002	-5.578296e+001
1.700396e+002	-5.107756e+001
1.703728e+002	-4.300994e+001
1.706181e+002	-3.830409e+001
1.708105e+002	-3.561627e+001
1.711437e+002	-2.754822e+001
1.714065e+002	-2.217028e+001
1.715109e+002	-2.284465e+001
1.714745e+002	-2.889881e+001
1.716493e+002	-2.688352e+001
1.717538e+002	-2.755745e+001
1.717878e+002	-3.092194e+001
1.721034e+002	-2.352641e+001
1.723662e+002	-1.814847e+001
1.725058e+002	-1.747780e+001
1.724871e+002	-2.285943e+001
1.726267e+002	-2.218875e+001
1.729775e+002	-1.344861e+001
1.730115e+002	-1.681265e+001
1.729928e+002	-2.219429e+001
1.729564e+002	-2.824846e+001
1.728320e+002	-3.766526e+001
1.727781e+002	-4.439150e+001
1.727417e+002	-5.044567e+001
1.730221e+002	-4.439520e+001
1.733026e+002	-3.834473e+001
1.735477e+002	-3.363932e+001
1.739161e+002	-2.422665e+001
1.739854e+002	-2.624609e+001
1.739490e+002	-3.230025e+001
1.739831e+002	-3.566430e+001
1.743690e+002	-2.557910e+001
1.743151e+002	-3.230579e+001
1.740148e+002	-4.844700e+001
1.742248e+002	-4.508620e+001
1.745404e+002	-3.769112e+001
1.748208e+002	-3.164066e+001
1.751012e+002	-2.559018e+001
1.752056e+002	-2.626457e+001
1.750636e+002	-3.635345e+001
1.750097e+002	-4.308015e+001
1.753605e+002	-3.433956e+001
1.756585e+002	-2.761656e+001
1.759917e+002	-1.954895e+001
1.762017e+002	-1.618860e+001
1.762357e+002	-1.955265e+001
1.761466e+002	-2.762395e+001
1.759694e+002	-3.905790e+001
1.759331e+002	-4.511207e+001
1.758088e+002	-5.452843e+001
1.758076e+002	-5.923753e+001
1.761936e+002	-4.915234e+001
1.764388e+002	-4.444693e+001
1.763496e+002	-5.251867e+001
1.766476e+002	-4.579568e+001
1.771040e+002	-3.302037e+001
1.774020e+002	-2.629781e+001
1.774008e+002	-3.100692e+001
1.773645e+002	-3.706108e+001
1.778913e+002	-2.159611e+001
1.780485e+002	-2.025289e+001
1.777306e+002	-3.706663e+001
1.776942e+002	-4.312078e+001
1.778866e+002	-4.043252e+001
1.782550e+002	-3.101985e+001
1.787994e+002	-1.488234e+001
1.790270e+002	-1.084946e+001
1.789554e+002	-1.824824e+001
1.787607e+002	-3.035471e+001
1.786540e+002	-3.909855e+001
1.788464e+002	-3.641073e+001
1.789860e+002	-3.574004e+001
1.790200e+002	-3.910409e+001
1.790189e+002	-4.381319e+001
1.791585e+002	-4.314296e+001
1.793333e+002	-4.112722e+001
1.794025e+002	-4.314665e+001
1.795773e+002	-4.113091e+001
1.798753e+002	-3.440791e+001
1.798918e+002	-3.844449e+001
1.799786e+002	-3.979140e+001
1.802942e+002	-3.239632e+001
1.808034e+002	-1.760342e+001
1.811366e+002	-9.535810e+000
1.810474e+002	-1.760712e+001
1.811343e+002	-1.895402e+001
1.809395e+002	-3.106049e+001
1.807096e+002	-4.451159e+001
1.808140e+002	-4.518596e+001
1.807953e+002	-5.056759e+001
1.810581e+002	-4.518965e+001
1.814616e+002	-3.443194e+001
1.816717e+002	-3.107158e+001
1.818289e+002	-2.972837e+001
1.823556e+002	-1.426339e+001
1.825480e+002	-1.157512e+001
1.819838e+002	-3.780381e+001
1.818594e+002	-4.722018e+001
1.825446e+002	-2.570288e+001
1.828602e+002	-1.830736e+001
1.825775e+002	-3.377603e+001
1.826995e+002	-3.377788e+001
1.828743e+002	-3.176258e+001
1.833483e+002	-1.831474e+001
1.834879e+002	-1.764406e+001
1.830468e+002	-3.916505e+001
1.828344e+002	-5.194406e+001
1.831676e+002	-4.387601e+001
1.835888e+002	-3.244620e+001
1.840804e+002	-1.832582e+001
1.843432e+002	-1.294788e+001
1.840077e+002	-3.043415e+001
1.840241e+002	-3.447073e+001
1.845509e+002	-1.900575e+001
1.847433e+002	-1.631792e+001
1.847069e+002	-2.237164e+001
1.844946e+002	-3.515064e+001
1.844407e+002	-4.187733e+001
1.847563e+002	-3.448181e+001
1.850894e+002	-2.641420e+001
1.849475e+002	-3.650309e+001
1.851927e+002	-3.179769e+001
1.849100e+002	-4.726636e+001
1.851200e+002	-4.390556e+001
1.858052e+002	-2.238827e+001
1.857688e+002	-2.844243e+001
1.856269e+002	-3.853131e+001
1.860304e+002	-2.777359e+001
1.865924e+002	-1.096399e+001
1.869784e+002	-8.783608e-001
1.870476e+002	-2.897789e+000
1.870817e+002	-6.261843e+000
1.868341e+002	-2.038590e+001
1.867450e+002	-2.845721e+001
1.870254e+002	-2.240674e+001
1.874290e+002	-1.164901e+001
1.875158e+002	-1.299592e+001
1.872155e+002	-2.913712e+001
1.869679e+002	-4.326118e+001
1.871604e+002	-4.057292e+001
1.876167e+002	-2.779761e+001
1.877739e+002	-2.645484e+001
1.879312e+002	-2.511163e+001
1.880004e+002	-2.713107e+001
1.880344e+002	-3.049511e+001
1.878045e+002	-4.394620e+001
1.875394e+002	-5.874279e+001
1.875910e+002	-6.143431e+001
1.880122e+002	-5.000406e+001
1.884158e+002	-3.924634e+001
1.884498e+002	-4.261083e+001
1.883431e+002	-5.135466e+001
1.887467e+002	-4.059694e+001
1.890623e+002	-3.320141e+001
1.890787e+002	-3.723842e+001
1.888136e+002	-5.203458e+001
1.888124e+002	-5.674368e+001
1.890752e+002	-5.136575e+001
1.893908e+002	-4.397022e+001
1.897416e+002	-3.523008e+001
1.900044e+002	-2.985215e+001
1.903904e+002	-1.976694e+001
1.905652e+002	-1.775121e+001
1.903705e+002	-2.985769e+001
1.902461e+002	-3.927404e+001
1.904033e+002	-3.793128e+001
1.905958e+002	-3.524301e+001
1.908586e+002	-2.986508e+001
1.910158e+002	-2.852186e+001
1.911906e+002	-2.650657e+001
1.914886e+002	-1.978357e+001
1.915050e+002	-2.382015e+001
1.914335e+002	-3.121936e+001
1.914499e+002	-3.525594e+001
1.915367e+002	-3.660285e+001
1.919227e+002	-2.651765e+001
1.918512e+002	-3.391643e+001
1.919028e+002	-3.660839e+001
1.919720e+002	-3.862738e+001
1.917069e+002	-5.342397e+001
1.919169e+002	-5.006318e+001
1.927957e+002	-2.114895e+001
1.930585e+002	-1.577101e+001
1.926525e+002	-3.594694e+001
1.927218e+002	-3.796638e+001
1.930374e+002	-3.057085e+001
1.934410e+002	-1.981314e+001
1.937917e+002	-1.107299e+001
1.938082e+002	-1.510957e+001
1.938598e+002	-1.780109e+001
1.938763e+002	-2.183811e+001
1.937519e+002	-3.125447e+001
1.937684e+002	-3.529105e+001
1.941543e+002	-2.520585e+001
1.941180e+002	-3.126002e+001
1.940112e+002	-4.000384e+001
1.940981e+002	-4.135075e+001
1.943081e+002	-3.799040e+001
1.946237e+002	-3.059487e+001
1.947105e+002	-3.194178e+001
1.946917e+002	-3.732341e+001
1.947610e+002	-3.934240e+001
1.948830e+002	-3.934425e+001
1.951106e+002	-3.531136e+001
1.954966e+002	-2.522617e+001
1.956010e+002	-2.590054e+001
1.959518e+002	-1.715997e+001
1.961442e+002	-1.447214e+001
1.960023e+002	-2.456103e+001
1.956492e+002	-4.271983e+001
1.954544e+002	-5.482586e+001
1.954885e+002	-5.819035e+001
1.955401e+002	-6.088186e+001
1.959965e+002	-4.810699e+001
1.962241e+002	-4.407367e+001
1.962581e+002	-4.743817e+001
1.965913e+002	-3.937011e+001
1.965198e+002	-4.676933e+001
1.967474e+002	-4.273645e+001
1.971862e+002	-3.063367e+001
1.970970e+002	-3.870497e+001
1.969023e+002	-5.081145e+001
1.971475e+002	-4.610604e+001
1.973927e+002	-4.140063e+001
1.976379e+002	-3.669522e+001
1.982174e+002	-1.921265e+001
1.984627e+002	-1.450724e+001
1.980392e+002	-3.535570e+001
1.981260e+002	-3.670260e+001
1.985120e+002	-2.661741e+001
1.987044e+002	-2.392915e+001
1.988088e+002	-2.460352e+001
1.992124e+002	-1.384580e+001
1.992288e+002	-1.788237e+001
1.991925e+002	-2.393654e+001
1.993497e+002	-2.259333e+001
1.993309e+002	-2.797496e+001
1.993474e+002	-3.201198e+001
1.992054e+002	-4.210087e+001
1.993099e+002	-4.277524e+001
1.996958e+002	-3.269005e+001
1.998707e+002	-3.067431e+001
1.998695e+002	-3.538341e+001
1.999211e+002	-3.807538e+001
1.999024e+002	-4.345701e+001
2.001124e+002	-4.009621e+001
2.004104e+002	-3.337321e+001
2.005324e+002	-3.337506e+001
2.006016e+002	-3.539450e+001
2.008292e+002	-3.136162e+001
2.007225e+002	-4.010545e+001
2.006157e+002	-4.884972e+001
2.007730e+002	-4.750651e+001
2.008598e+002	-4.885342e+001
2.009642e+002	-4.952736e+001
2.012798e+002	-4.213227e+001
2.015954e+002	-3.473675e+001
2.019990e+002	-2.397902e+001
2.022970e+002	-1.725603e+001
2.019263e+002	-3.608735e+001
2.017668e+002	-4.684877e+001
2.017128e+002	-5.357546e+001
2.017292e+002	-5.761203e+001
2.020800e+002	-4.887190e+001
2.025188e+002	-3.676911e+001
2.029048e+002	-2.668392e+001
2.028332e+002	-3.408269e+001
2.027793e+002	-4.080938e+001
2.029013e+002	-4.081123e+001
2.028826e+002	-4.619287e+001
2.029518e+002	-4.821230e+001
2.031970e+002	-4.350689e+001
2.036006e+002	-3.274916e+001
2.036170e+002	-3.678574e+001
2.035982e+002	-4.216738e+001
2.038962e+002	-3.544438e+001
2.042998e+002	-2.468665e+001
2.044394e+002	-2.401597e+001
2.043327e+002	-3.276025e+001
2.045603e+002	-2.872693e+001
2.048583e+002	-2.200437e+001
2.048395e+002	-2.738601e+001
2.046272e+002	-4.016457e+001
2.048196e+002	-3.747674e+001
2.053112e+002	-2.335638e+001
2.056620e+002	-1.461623e+001
2.056432e+002	-1.999787e+001
2.056069e+002	-2.605204e+001
2.057817e+002	-2.403629e+001
2.061325e+002	-1.529616e+001
2.061489e+002	-1.933272e+001
2.059014e+002	-3.345635e+001
2.060234e+002	-3.345820e+001
2.064094e+002	-2.337300e+001
2.067250e+002	-1.597792e+001
2.069174e+002	-1.328965e+001
2.069162e+002	-1.799876e+001
2.068975e+002	-2.338039e+001
2.071955e+002	-1.665783e+001
2.072119e+002	-2.069441e+001
2.074571e+002	-1.598901e+001
2.075967e+002	-1.531832e+001
2.073844e+002	-2.809688e+001
2.076824e+002	-2.137434e+001
2.078220e+002	-2.070365e+001
2.078736e+002	-2.339517e+001
2.079253e+002	-2.608713e+001
2.079593e+002	-2.945118e+001
2.082221e+002	-2.407324e+001
2.081154e+002	-3.281752e+001
2.082550e+002	-3.214683e+001
2.082890e+002	-3.551088e+001
2.082878e+002	-4.021999e+001
2.083923e+002	-4.089436e+001
2.083735e+002	-4.627599e+001
2.084779e+002	-4.695038e+001
2.090047e+002	-3.148539e+001
2.095667e+002	-1.467535e+001
2.096359e+002	-1.669479e+001
2.097579e+002	-1.669664e+001
2.097039e+002	-2.342288e+001
2.096324e+002	-3.082210e+001
2.095960e+002	-3.687626e+001
2.098764e+002	-3.082580e+001
2.105440e+002	-9.981021e+000
2.107188e+002	-7.965288e+000
2.104713e+002	-2.208935e+001
2.105053e+002	-2.545340e+001
2.104513e+002	-3.218008e+001
2.103270e+002	-4.159645e+001
2.103434e+002	-4.563303e+001
2.102543e+002	-5.370477e+001
2.104291e+002	-5.168903e+001
2.107623e+002	-4.362143e+001
2.109899e+002	-3.958810e+001
2.111647e+002	-3.757280e+001
2.115331e+002	-2.815969e+001
2.121127e+002	-1.067758e+001
2.124811e+002	-1.264455e+000
2.126207e+002	-5.942206e-001
2.124611e+002	-1.135564e+001
2.123544e+002	-2.009947e+001
2.126172e+002	-1.472153e+001
2.128624e+002	-1.001613e+001
2.127732e+002	-1.808743e+001
2.127897e+002	-2.212446e+001
2.125773e+002	-3.490301e+001
2.124002e+002	-4.633696e+001
2.124166e+002	-5.037354e+001
2.122923e+002	-5.978990e+001
2.123791e+002	-6.113680e+001
2.126243e+002	-5.643139e+001
2.131511e+002	-4.096641e+001
2.135547e+002	-3.020869e+001
2.137119e+002	-2.886548e+001
2.136227e+002	-3.693722e+001
2.137624e+002	-3.626654e+001
2.139724e+002	-3.290619e+001
2.144639e+002	-1.878582e+001
2.148499e+002	-8.700624e+000
2.149543e+002	-9.375006e+000
2.150940e+002	-8.704320e+000
2.151808e+002	-1.005122e+001
2.150916e+002	-1.812253e+001
2.149849e+002	-2.686680e+001
2.148957e+002	-3.493811e+001
2.148946e+002	-3.964721e+001
2.148230e+002	-4.704644e+001
2.150858e+002	-4.166850e+001
2.154542e+002	-3.225583e+001
2.156114e+002	-3.091262e+001
2.153639e+002	-4.503624e+001
2.154331e+002	-4.705568e+001
2.157839e+002	-3.831553e+001
2.159763e+002	-3.562727e+001
2.158168e+002	-4.638868e+001
2.155341e+002	-6.185736e+001
2.158673e+002	-5.378975e+001
2.162884e+002	-4.235950e+001
2.166040e+002	-3.496397e+001
2.168492e+002	-3.025856e+001
2.170065e+002	-2.891535e+001
2.172693e+002	-2.353742e+001
2.174089e+002	-2.286673e+001
2.174957e+002	-2.421363e+001
2.171250e+002	-4.304496e+001
2.172646e+002	-4.237428e+001
2.178618e+002	-2.421918e+001
2.183709e+002	-9.426732e+000
2.185106e+002	-8.756046e+000
2.183862e+002	-1.817241e+001
2.181739e+002	-3.095141e+001
2.179615e+002	-4.373042e+001
2.176260e+002	-6.121624e+001
2.175545e+002	-6.861545e+001
2.175709e+002	-7.265203e+001
2.180273e+002	-5.987672e+001
2.185892e+002	-4.306713e+001
2.187113e+002	-4.306898e+001
2.186749e+002	-4.912314e+001
2.189025e+002	-4.508981e+001
2.188134e+002	-5.316156e+001
2.189002e+002	-5.450802e+001
2.192334e+002	-4.644041e+001
2.193202e+002	-4.778732e+001
2.194246e+002	-4.846169e+001
2.197050e+002	-4.241122e+001
2.198623e+002	-4.106802e+001
2.200723e+002	-3.770766e+001
2.202823e+002	-3.434687e+001
2.202459e+002	-4.040103e+001
2.200864e+002	-5.116245e+001
2.202612e+002	-4.914716e+001
2.204712e+002	-4.578636e+001
2.206108e+002	-4.511567e+001
2.206273e+002	-4.915270e+001
2.209781e+002	-4.041211e+001
2.211529e+002	-3.839682e+001
2.213101e+002	-3.705361e+001
2.215377e+002	-3.302073e+001
2.218533e+002	-2.562520e+001
2.218345e+002	-3.100683e+001
2.216574e+002	-4.244078e+001
2.221138e+002	-2.966547e+001
2.223766e+002	-2.428753e+001
2.222874e+002	-3.235928e+001
2.223215e+002	-3.572333e+001
2.225315e+002	-3.236298e+001
2.225303e+002	-3.707208e+001
2.226347e+002	-3.774646e+001
2.228799e+002	-3.304105e+001
2.231075e+002	-2.900772e+001
2.233352e+002	-2.497484e+001
2.232812e+002	-3.170153e+001
2.234208e+002	-3.103085e+001
2.237364e+002	-2.363532e+001
2.242808e+002	-7.497812e+000
2.241740e+002	-1.624209e+001
2.232930e+002	-5.457452e+001
2.231159e+002	-6.600848e+001
2.238010e+002	-4.449118e+001
2.241342e+002	-3.642357e+001
2.243794e+002	-3.171816e+001
2.246070e+002	-2.768528e+001
2.250458e+002	-1.558250e+001
2.250270e+002	-2.096413e+001
2.246387e+002	-4.046754e+001
2.247256e+002	-4.181444e+001
2.248651e+002	-4.114375e+001
2.249696e+002	-4.181814e+001
2.250564e+002	-4.316504e+001
2.250552e+002	-4.787414e+001
2.250365e+002	-5.325577e+001
2.253873e+002	-4.451520e+001
2.254741e+002	-4.586210e+001
2.253674e+002	-5.460593e+001
2.254190e+002	-5.729790e+001
2.254530e+002	-6.066194e+001
2.256454e+002	-5.797412e+001
2.257499e+002	-5.864850e+001
2.259247e+002	-5.663275e+001
2.264162e+002	-4.251283e+001
2.266087e+002	-3.982456e+001
2.266603e+002	-4.251653e+001
2.268351e+002	-4.050078e+001
2.270979e+002	-3.512284e+001
2.272375e+002	-3.445217e+001
2.275004e+002	-2.907423e+001
2.275872e+002	-3.042113e+001
2.275332e+002	-3.714783e+001
2.276728e+002	-3.647714e+001
2.276717e+002	-4.118625e+001
2.275825e+002	-4.925800e+001
2.276342e+002	-5.194951e+001
2.279322e+002	-4.522651e+001
2.283006e+002	-3.581386e+001
2.285106e+002	-3.245349e+001
2.285974e+002	-3.379996e+001
2.285610e+002	-3.985412e+001
2.282431e+002	-5.666786e+001
2.283300e+002	-5.801476e+001
2.289095e+002	-4.053220e+001
2.291899e+002	-3.448172e+001
2.292767e+002	-3.582862e+001
2.296099e+002	-2.776101e+001
2.299783e+002	-1.834790e+001
2.301179e+002	-1.767723e+001
2.302575e+002	-1.700699e+001
2.302388e+002	-2.238862e+001
2.300792e+002	-3.315004e+001
2.300253e+002	-3.987629e+001
2.300945e+002	-4.189572e+001
2.300054e+002	-4.996703e+001
2.299338e+002	-5.736625e+001
2.300910e+002	-5.602303e+001
2.306706e+002	-3.854091e+001
2.311446e+002	-2.509307e+001
2.310378e+002	-3.383691e+001
2.308607e+002	-4.527086e+001
2.311763e+002	-3.787577e+001
2.313335e+002	-3.653256e+001
2.309980e+002	-5.401883e+001
2.307505e+002	-6.814244e+001
2.309077e+002	-6.679923e+001
2.313641e+002	-5.402437e+001
2.315917e+002	-4.999105e+001
2.316609e+002	-5.201048e+001
2.319413e+002	-4.596001e+001
2.322041e+002	-4.058207e+001
2.326605e+002	-2.780721e+001
2.330289e+002	-1.839410e+001
2.332916e+002	-1.301616e+001
