    nm         	pN
0.000000e+000	6.409685e+002
5.164875e-002	6.382774e+002
-1.079380e-001	6.275141e+002
-5.628925e-002	6.248230e+002
-1.278635e-001	6.174230e+002
-1.114180e-001	6.133866e+002
-2.181970e-001	6.046413e+002
-3.601792e-001	5.945508e+002
-3.437395e-001	5.905142e+002
-3.448985e-001	5.858051e+002
-3.108543e-001	5.824412e+002
-2.416025e-001	5.804228e+002
-3.483815e-001	5.716775e+002
-3.847423e-001	5.656232e+002
-3.330950e-001	5.629320e+002
-3.870662e-001	5.562047e+002
-4.058297e-001	5.508228e+002
-4.950041e-001	5.427503e+002
-6.017788e-001	5.340052e+002
-6.029421e-001	5.292959e+002
-5.864981e-001	5.252594e+002
-5.524539e-001	5.218956e+002
-6.064192e-001	5.151685e+002
-6.955937e-001	5.070960e+002
-8.023741e-001	4.983506e+002
-8.035331e-001	4.936415e+002
-8.398998e-001	4.875870e+002
-8.058556e-001	4.842231e+002
-7.894115e-001	4.801867e+002
-7.905706e-001	4.754775e+002
-7.741309e-001	4.714409e+002
-8.457001e-001	4.640412e+002
-9.172707e-001	4.566413e+002
-9.360350e-001	4.512594e+002
-8.491837e-001	4.499136e+002
-8.679458e-001	4.445317e+002
-8.339031e-001	4.411678e+002
-7.998530e-001	4.378042e+002
-8.010113e-001	4.330951e+002
-8.021762e-001	4.283857e+002
-7.329236e-001	4.263673e+002
-6.812756e-001	4.236762e+002
-5.592152e-001	4.236758e+002
-5.603742e-001	4.189666e+002
-4.207108e-001	4.196389e+002
-5.979014e-001	4.082029e+002
-6.694720e-001	4.008031e+002
-6.882349e-001	3.954213e+002
-7.069984e-001	3.900394e+002
-8.665845e-001	3.792761e+002
-7.797332e-001	3.779302e+002
-6.928761e-001	3.765846e+002
-7.116396e-001	3.712027e+002
-8.712256e-001	3.604395e+002
-1.136432e+000	3.456400e+002
-1.031972e+000	3.449671e+002
-9.099118e-001	3.449666e+002
-9.110767e-001	3.402573e+002
-9.122350e-001	3.355482e+002
-8.429824e-001	3.335298e+002
-1.125788e+000	3.180578e+002
-1.250171e+000	3.086398e+002
-1.251330e+000	3.039307e+002
-1.217286e+000	3.005668e+002
-1.236050e+000	2.951849e+002
-1.325224e+000	2.871124e+002
-1.308779e+000	2.830760e+002
-1.292340e+000	2.790394e+002
-1.416717e+000	2.696216e+002
-1.329860e+000	2.682759e+002
-1.295816e+000	2.649120e+002
-1.050538e+000	2.696203e+002
-1.086905e+000	2.635657e+002
-1.052856e+000	2.602020e+002
-7.899723e-001	2.655830e+002
-7.031218e-001	2.642371e+002
-5.986652e-001	2.635640e+002
-6.878411e-001	2.554914e+002
-7.066039e-001	2.501095e+002
-7.429655e-001	2.440552e+002
-8.321407e-001	2.359826e+002
-8.157010e-001	2.319460e+002
-9.048754e-001	2.238735e+002
-8.532274e-001	2.211823e+002
-8.191832e-001	2.178185e+002
-8.203429e-001	2.131093e+002
-8.567045e-001	2.070550e+002
-9.282810e-001	1.996549e+002
-8.766322e-001	1.969638e+002
-7.369680e-001	1.976361e+002
-6.501109e-001	1.962904e+002
-5.456551e-001	1.956172e+002
-5.820232e-001	1.895626e+002
-6.183906e-001	1.835081e+002
-6.899612e-001	1.761082e+002
-7.087248e-001	1.707264e+002
-5.338573e-001	1.727439e+002
-2.885733e-001	1.774524e+002
-2.545291e-001	1.740885e+002
-3.789126e-001	1.646705e+002
-5.737026e-001	1.525620e+002
-6.980803e-001	1.431442e+002
-7.696560e-001	1.357442e+002
-5.771840e-001	1.384344e+002
-5.079322e-001	1.364160e+002
-5.266943e-001	1.310342e+002
-3.870316e-001	1.317065e+002
-2.649705e-001	1.317060e+002
-9.010313e-002	1.337236e+002
-1.264712e-001	1.276690e+002
-7.482393e-002	1.249778e+002
-5.837698e-002	1.209415e+002
-9.474508e-002	1.148869e+002
-9.590411e-002	1.101777e+002
-1.850785e-001	1.021052e+002
-1.686345e-001	9.806880e+001
-1.873966e-001	9.268696e+001
-1.709569e-001	8.865035e+001
-2.601328e-001	8.057779e+001
-1.380717e-001	8.057736e+001
1.919550e-002	8.192239e+001
8.844298e-002	7.990376e+001
1.224930e-001	7.654010e+001
2.093436e-001	7.519421e+001
5.426387e-001	8.326589e+001
5.766829e-001	7.990201e+001
3.818929e-001	6.779350e+001
4.159371e-001	6.442963e+001
4.675859e-001	6.173849e+001
3.079991e-001	5.097522e+001
3.948555e-001	4.962954e+001
4.817075e-001	4.828364e+001
5.509593e-001	4.626523e+001
4.793894e-001	3.886541e+001
6.014491e-001	3.886497e+001
6.354933e-001	3.550110e+001
6.167297e-001	3.011924e+001
4.395384e-001	1.868325e+001
3.855730e-001	1.195615e+001
4.196173e-001	8.592275e+000
4.888691e-001	6.573863e+000
6.109287e-001	6.573432e+000
6.801820e-001	4.555020e+000
7.142262e-001	1.191151e+000
8.186813e-001	5.179811e-001
9.935487e-001	2.535520e+000
1.080405e+000	1.189847e+000
1.255273e+000	3.207387e+000
1.518155e+000	8.588364e+000
1.869055e+000	1.733279e+001
2.131938e+000	2.271377e+001
1.919545e+000	9.932529e+000
1.883177e+000	3.877939e+000
1.987632e+000	3.204780e+000
2.180104e+000	5.895047e+000
2.548606e+000	1.531220e+001
2.811489e+000	2.069318e+001
2.915944e+000	2.002001e+001
2.967593e+000	1.732887e+001
2.931226e+000	1.127429e+001
2.912463e+000	5.892440e+000
2.700070e+000	-6.888789e+000
2.751717e+000	-9.579930e+000
3.014600e+000	-4.198952e+000
2.978233e+000	-1.025354e+001
3.047485e+000	-1.227194e+001
3.081529e+000	-1.563582e+001
2.939547e+000	-2.572635e+001
2.744758e+000	-3.783486e+001
2.708390e+000	-4.388944e+001
2.724830e+000	-4.792605e+001
2.565243e+000	-5.868932e+001
2.740117e+000	-5.667156e+001
3.038203e+000	-4.994534e+001
3.125059e+000	-5.129101e+001
3.106297e+000	-5.667286e+001
3.474794e+000	-4.725593e+001
3.667264e+000	-4.456566e+001
3.877341e+000	-4.120266e+001
4.404265e+000	-2.573158e+001
4.473518e+000	-2.774998e+001
4.577974e+000	-2.842315e+001
4.911269e+000	-2.035146e+001
5.402990e+000	-6.225628e+000
5.595462e+000	-3.535349e+000
5.664708e+000	-5.553987e+000
5.593138e+000	-1.295381e+001
5.539171e+000	-1.968090e+001
5.379586e+000	-3.044417e+001
5.484041e+000	-3.111734e+001
5.870143e+000	-2.102767e+001
6.115427e+000	-1.631921e+001
6.043851e+000	-2.371925e+001
6.113103e+000	-2.573767e+001
6.270372e+000	-2.439263e+001
6.322020e+000	-2.708377e+001
6.338460e+000	-3.112038e+001
6.495729e+000	-2.977535e+001
7.128268e+000	-1.026832e+001
7.602386e+000	3.184773e+000
7.337185e+000	-1.161444e+001
7.036775e+000	-2.775912e+001
7.141230e+000	-2.843229e+001
7.104863e+000	-3.448686e+001
7.103704e+000	-3.919599e+001
6.996926e+000	-4.794127e+001
6.854943e+000	-5.803181e+001
6.695357e+000	-6.879507e+001
6.870230e+000	-6.677731e+001
6.781055e+000	-7.484987e+001
6.551056e+000	-8.830384e+001
6.708319e+000	-8.695904e+001
7.024010e+000	-7.956008e+001
7.374908e+000	-7.081566e+001
7.743406e+000	-6.139872e+001
7.953481e+000	-5.803573e+001
7.899516e+000	-6.476282e+001
7.986366e+000	-6.610872e+001
8.161240e+000	-6.409095e+001
8.300898e+000	-6.341888e+001
8.405359e+000	-6.409182e+001
8.122549e+000	-7.956399e+001
8.033373e+000	-8.763655e+001
8.208247e+000	-8.561879e+001
8.471130e+000	-8.023780e+001
8.399554e+000	-8.763785e+001
8.257572e+000	-9.772839e+001
8.379631e+000	-9.772883e+001
8.536900e+000	-9.638380e+001
9.011018e+000	-8.293069e+001
9.221087e+000	-7.956791e+001
9.325548e+000	-8.024086e+001
9.271577e+000	-8.696817e+001
9.164798e+000	-9.571346e+001
9.163639e+000	-1.004226e+002
9.391319e+000	-9.638684e+001
9.724614e+000	-8.831515e+001
9.881877e+000	-8.697034e+001
1.009195e+001	-8.360734e+001
1.056607e+001	-7.015424e+001
1.052970e+001	-7.620882e+001
1.021169e+001	-9.302623e+001
1.029855e+001	-9.437191e+001
1.031498e+001	-9.840851e+001
1.026102e+001	-1.051356e+002
1.054151e+001	-9.908190e+001
1.054034e+001	-1.037912e+002
1.048638e+001	-1.105183e+002
1.076686e+001	-1.044646e+002
1.083611e+001	-1.064832e+002
1.067653e+001	-1.172463e+002
1.108023e+001	-1.064841e+002
1.137832e+001	-9.975767e+001
1.098989e+001	-1.192658e+002
1.049585e+001	-1.428099e+002
1.052990e+001	-1.461737e+002
1.114484e+001	-1.273392e+002
1.191821e+001	-1.024505e+002
1.205787e+001	-1.017783e+002
1.184547e+001	-1.145597e+002
1.173870e+001	-1.233048e+002
1.170233e+001	-1.293594e+002
1.175398e+001	-1.320505e+002
1.210488e+001	-1.233061e+002
1.231496e+001	-1.199431e+002
1.240181e+001	-1.212890e+002
1.275271e+001	-1.125446e+002
1.305079e+001	-1.058183e+002
1.282079e+001	-1.192723e+002
1.290765e+001	-1.206180e+002
1.341697e+001	-1.058196e+002
1.371506e+001	-9.909320e+001
1.352027e+001	-1.112019e+002
1.337828e+001	-1.212925e+002
1.335952e+001	-1.266743e+002
1.365761e+001	-1.199479e+002
1.397330e+001	-1.125489e+002
1.413057e+001	-1.112041e+002
1.416461e+001	-1.145680e+002
1.418106e+001	-1.186044e+002
1.419750e+001	-1.226407e+002
1.417874e+001	-1.280226e+002
1.426559e+001	-1.293685e+002
1.447567e+001	-1.260055e+002
1.449210e+001	-1.300421e+002
1.470218e+001	-1.266791e+002
1.517630e+001	-1.132260e+002
1.550959e+001	-1.051543e+002
1.529720e+001	-1.179356e+002
1.517282e+001	-1.273536e+002
1.534769e+001	-1.253358e+002
1.520570e+001	-1.354266e+002
1.485248e+001	-1.535892e+002
1.448166e+001	-1.724246e+002
1.441009e+001	-1.798244e+002
1.490181e+001	-1.656986e+002
1.553435e+001	-1.461916e+002
1.599087e+001	-1.334110e+002
1.635937e+001	-1.239941e+002
1.621739e+001	-1.340846e+002
1.612821e+001	-1.421571e+002
1.598623e+001	-1.522477e+002
1.617870e+001	-1.495574e+002
1.681124e+001	-1.300504e+002
1.723255e+001	-1.186152e+002
1.710817e+001	-1.280330e+002
1.707181e+001	-1.340876e+002
1.677140e+001	-1.502323e+002
1.647099e+001	-1.663770e+002
1.662825e+001	-1.650322e+002
1.701436e+001	-1.549423e+002
1.694278e+001	-1.623423e+002
1.715286e+001	-1.589793e+002
1.752136e+001	-1.495622e+002
1.755540e+001	-1.529260e+002
1.771267e+001	-1.515812e+002
1.765870e+001	-1.583083e+002
1.737589e+001	-1.737803e+002
1.744515e+001	-1.757987e+002
1.823612e+001	-1.502375e+002
1.842859e+001	-1.475473e+002
1.816338e+001	-1.623467e+002
1.816222e+001	-1.670558e+002
1.846031e+001	-1.603294e+002
1.879361e+001	-1.522577e+002
1.879244e+001	-1.569670e+002
1.898491e+001	-1.542767e+002
1.912458e+001	-1.536044e+002
1.900020e+001	-1.630222e+002
1.936870e+001	-1.536053e+002
1.986042e+001	-1.394795e+002
1.994727e+001	-1.408254e+002
1.994611e+001	-1.455345e+002
2.013858e+001	-1.428442e+002
2.043668e+001	-1.361178e+002
2.040031e+001	-1.421724e+002
2.043435e+001	-1.455362e+002
2.013394e+001	-1.616809e+002
1.969271e+001	-1.832070e+002
1.992039e+001	-1.791713e+002
2.048252e+001	-1.623549e+002
2.065739e+001	-1.603372e+002
2.090267e+001	-1.556289e+002
2.093671e+001	-1.589928e+002
2.051308e+001	-1.798462e+002
1.987822e+001	-2.087717e+002
2.001789e+001	-2.080994e+002
2.036878e+001	-1.993552e+002
2.049084e+001	-1.993556e+002
2.085934e+001	-1.899385e+002
2.098140e+001	-1.899389e+002
2.101545e+001	-1.933028e+002
2.136635e+001	-1.845583e+002
2.154121e+001	-1.825408e+002
2.164567e+001	-1.832140e+002
2.182054e+001	-1.811962e+002
2.169616e+001	-1.906142e+002
2.180061e+001	-1.912874e+002
2.220432e+001	-1.805250e+002
2.244960e+001	-1.758165e+002
2.246604e+001	-1.798531e+002
2.234166e+001	-1.892709e+002
2.212927e+001	-2.020524e+002
2.205769e+001	-2.094522e+002
2.214455e+001	-2.107979e+002
2.238983e+001	-2.060897e+002
2.261750e+001	-2.020541e+002
2.314444e+001	-1.865828e+002
2.370656e+001	-1.697665e+002
2.372301e+001	-1.738029e+002
2.335219e+001	-1.926383e+002
2.326301e+001	-2.007108e+002
2.357870e+001	-1.933119e+002
2.382398e+001	-1.886036e+002
2.377002e+001	-1.953307e+002
2.373365e+001	-2.013853e+002
2.399653e+001	-1.960043e+002
2.425941e+001	-1.906234e+002
2.443428e+001	-1.886058e+002
2.443312e+001	-1.933149e+002
2.444957e+001	-1.973513e+002
2.485327e+001	-1.865889e+002
2.501054e+001	-1.852441e+002
2.495657e+001	-1.919712e+002
2.516664e+001	-1.886084e+002
2.539432e+001	-1.845727e+002
2.526994e+001	-1.939907e+002
2.537440e+001	-1.946637e+002
2.539084e+001	-1.987003e+002
2.531927e+001	-2.061001e+002
2.549413e+001	-2.040826e+002
2.593305e+001	-1.919747e+002
2.596709e+001	-1.953386e+002
2.596593e+001	-2.000477e+002
2.631683e+001	-1.913035e+002
2.631567e+001	-1.960126e+002
2.643773e+001	-1.960130e+002
2.673582e+001	-1.892866e+002
2.680507e+001	-1.913052e+002
2.682151e+001	-1.953416e+002
2.683795e+001	-1.993782e+002
2.680159e+001	-2.054326e+002
2.699406e+001	-2.027423e+002
2.715132e+001	-2.013975e+002
2.744942e+001	-1.946710e+002
2.767709e+001	-1.906355e+002
2.802799e+001	-1.818911e+002
2.822046e+001	-1.792008e+002
2.818409e+001	-1.852554e+002
2.828855e+001	-1.859286e+002
2.851623e+001	-1.818929e+002
2.842705e+001	-1.899654e+002
2.846110e+001	-1.933293e+002
2.847754e+001	-1.973657e+002
2.861720e+001	-1.966936e+002
2.849282e+001	-2.061114e+002
2.847406e+001	-2.114933e+002
2.849050e+001	-2.155299e+002
2.855975e+001	-2.175483e+002
2.898106e+001	-2.061131e+002
2.917354e+001	-2.034228e+002
2.941881e+001	-1.987146e+002
2.976971e+001	-1.899702e+002
3.008540e+001	-1.825712e+002
3.075315e+001	-1.617187e+002
3.142090e+001	-1.408662e+002
3.212385e+001	-1.186683e+002
3.254517e+001	-1.072332e+002
3.226236e+001	-1.227051e+002
3.212037e+001	-1.327959e+002
3.233045e+001	-1.294329e+002
3.271655e+001	-1.193432e+002
3.313786e+001	-1.079081e+002
3.331273e+001	-1.058905e+002
3.315314e+001	-1.166538e+002
3.320479e+001	-1.193449e+002
3.343247e+001	-1.153092e+002
3.348412e+001	-1.180003e+002
3.360618e+001	-1.180008e+002
3.376344e+001	-1.166560e+002
3.369187e+001	-1.240558e+002
3.354989e+001	-1.341463e+002
3.397120e+001	-1.227112e+002
3.423408e+001	-1.173302e+002
3.428573e+001	-1.200214e+002
3.419656e+001	-1.280939e+002
3.414258e+001	-1.348212e+002
3.431745e+001	-1.328037e+002
3.480917e+001	-1.186779e+002
3.521288e+001	-1.079155e+002
3.521172e+001	-1.126246e+002
3.515775e+001	-1.193519e+002
3.510378e+001	-1.260790e+002
3.506741e+001	-1.321336e+002
3.529509e+001	-1.280978e+002
3.554037e+001	-1.233896e+002
3.536318e+001	-1.348256e+002
3.515079e+001	-1.476068e+002
3.520244e+001	-1.502980e+002
3.516607e+001	-1.563525e+002
3.535854e+001	-1.536623e+002
3.549821e+001	-1.529900e+002
3.547944e+001	-1.583718e+002
3.570711e+001	-1.543363e+002
3.575876e+001	-1.570275e+002
3.596884e+001	-1.536644e+002
3.577405e+001	-1.657730e+002
3.610734e+001	-1.577013e+002
3.684551e+001	-1.341581e+002
3.696757e+001	-1.341585e+002
3.673757e+001	-1.476125e+002
3.664839e+001	-1.556850e+002
3.696408e+001	-1.482861e+002
3.712135e+001	-1.469411e+002
3.706738e+001	-1.536684e+002
3.736547e+001	-1.469419e+002
3.752274e+001	-1.455971e+002
3.738075e+001	-1.556876e+002
3.787247e+001	-1.415618e+002
3.841700e+001	-1.254180e+002
3.869748e+001	-1.193645e+002
3.859071e+001	-1.281096e+002
3.850154e+001	-1.361821e+002
3.844756e+001	-1.429094e+002
3.841119e+001	-1.489640e+002
3.890292e+001	-1.348382e+002
3.928902e+001	-1.247485e+002
3.930547e+001	-1.287849e+002
3.928670e+001	-1.341668e+002
3.956719e+001	-1.281130e+002
3.984767e+001	-1.220596e+002
4.000494e+001	-1.207145e+002
4.002138e+001	-1.247511e+002
3.991461e+001	-1.334962e+002
3.991344e+001	-1.382055e+002
4.021153e+001	-1.314791e+002
4.052722e+001	-1.240801e+002
4.073730e+001	-1.207171e+002
4.075374e+001	-1.247537e+002
4.038292e+001	-1.435891e+002
4.024093e+001	-1.536797e+002
4.032779e+001	-1.550253e+002
4.016821e+001	-1.657886e+002
4.027266e+001	-1.664618e+002
4.065876e+001	-1.563721e+002
4.092165e+001	-1.509911e+002
4.118453e+001	-1.456102e+002
4.132419e+001	-1.449379e+002
4.132303e+001	-1.496470e+002
4.140988e+001	-1.509929e+002
4.135592e+001	-1.577200e+002
4.156599e+001	-1.543572e+002
4.174086e+001	-1.523394e+002
4.217977e+001	-1.402318e+002
4.249546e+001	-1.328328e+002
4.275834e+001	-1.274518e+002
4.323246e+001	-1.139987e+002
4.319610e+001	-1.200531e+002
4.293089e+001	-1.348525e+002
4.312336e+001	-1.321623e+002
4.354467e+001	-1.207271e+002
4.361393e+001	-1.227455e+002
4.382400e+001	-1.193828e+002
4.419250e+001	-1.099656e+002
4.426175e+001	-1.119842e+002
4.433100e+001	-1.140027e+002
4.485793e+001	-9.853157e+001
4.526163e+001	-8.776919e+001
4.563013e+001	-7.835203e+001
4.608665e+001	-6.557165e+001
4.620871e+001	-6.557210e+001
4.640118e+001	-6.288182e+001
4.678728e+001	-5.279215e+001
4.668050e+001	-6.153745e+001
4.664414e+001	-6.759180e+001
4.653736e+001	-7.633710e+001
4.660662e+001	-7.835551e+001
4.649984e+001	-8.710080e+001
4.679793e+001	-8.037435e+001
4.713122e+001	-7.230266e+001
4.718287e+001	-7.499380e+001
4.690006e+001	-9.046597e+001
4.711013e+001	-8.710298e+001
4.740822e+001	-8.037653e+001
4.772392e+001	-7.297757e+001
4.763474e+001	-8.105013e+001
4.768639e+001	-8.374127e+001
4.791406e+001	-7.970575e+001
4.803612e+001	-7.970619e+001
4.801736e+001	-8.508804e+001
4.810422e+001	-8.643371e+001
4.824388e+001	-8.576142e+001
4.852436e+001	-7.970793e+001
4.855841e+001	-8.307158e+001
4.853965e+001	-8.845343e+001
4.867931e+001	-8.778136e+001
4.897740e+001	-8.105491e+001
4.906425e+001	-8.240082e+001
4.930953e+001	-7.769234e+001
4.951961e+001	-7.432956e+001
4.957125e+001	-7.702070e+001
4.941167e+001	-8.778397e+001
4.960414e+001	-8.509369e+001
5.018387e+001	-6.760442e+001
5.041155e+001	-6.356889e+001
5.032238e+001	-7.164146e+001
4.995156e+001	-9.047684e+001
5.000321e+001	-9.316799e+001
5.049493e+001	-7.904215e+001
5.063459e+001	-7.836985e+001
5.063343e+001	-8.307897e+001
5.077309e+001	-8.240690e+001
5.078953e+001	-8.644328e+001
5.103481e+001	-8.173504e+001
5.126249e+001	-7.769930e+001
5.133174e+001	-7.971793e+001
5.133058e+001	-8.442705e+001
5.145264e+001	-8.442748e+001
5.160991e+001	-8.308245e+001
5.176717e+001	-8.173764e+001
5.190684e+001	-8.106534e+001
5.199369e+001	-8.241124e+001
5.201013e+001	-8.644763e+001
5.193856e+001	-9.384746e+001
5.214863e+001	-9.048468e+001
5.251713e+001	-8.106752e+001
5.270961e+001	-7.837725e+001
5.288447e+001	-7.635970e+001
5.268969e+001	-8.846821e+001
5.274133e+001	-9.115935e+001
5.268736e+001	-9.788667e+001
5.280942e+001	-9.788712e+001
5.291388e+001	-9.856027e+001
5.321197e+001	-9.183383e+001
5.361568e+001	-8.107143e+001
5.338568e+001	-9.452541e+001
5.327890e+001	-1.032707e+002
5.311931e+001	-1.140340e+002
5.287171e+001	-1.281605e+002
5.311699e+001	-1.234522e+002
5.350309e+001	-1.133625e+002
5.358995e+001	-1.147084e+002
5.365920e+001	-1.167268e+002
5.383406e+001	-1.147093e+002
5.413216e+001	-1.079829e+002
5.444785e+001	-1.005839e+002
5.442908e+001	-1.059658e+002
5.433991e+001	-1.140383e+002
5.421553e+001	-1.234561e+002
5.426718e+001	-1.261473e+002
5.430122e+001	-1.295111e+002
5.444089e+001	-1.288388e+002
5.442212e+001	-1.342207e+002
5.468501e+001	-1.288397e+002
5.498309e+001	-1.221135e+002
5.506995e+001	-1.234592e+002
5.531523e+001	-1.187509e+002
5.563092e+001	-1.113519e+002
5.552415e+001	-1.200970e+002
5.564620e+001	-1.200975e+002
5.571545e+001	-1.221161e+002
5.555587e+001	-1.328793e+002
5.578355e+001	-1.288436e+002
5.629287e+001	-1.140453e+002
5.650294e+001	-1.106823e+002
5.657219e+001	-1.127007e+002
5.660624e+001	-1.160646e+002
5.637624e+001	-1.295185e+002
5.628707e+001	-1.375911e+002
5.656755e+001	-1.315374e+002
5.684804e+001	-1.254837e+002
5.700531e+001	-1.241389e+002
5.707456e+001	-1.261573e+002
5.765429e+001	-1.086682e+002
5.821642e+001	-9.185166e+001
5.828567e+001	-9.387007e+001
5.817889e+001	-1.026154e+002
5.819534e+001	-1.066520e+002
5.840541e+001	-1.032890e+002
5.842186e+001	-1.073253e+002
5.831508e+001	-1.160706e+002
5.866598e+001	-1.073262e+002
5.926331e+001	-8.916443e+001
5.954380e+001	-8.311071e+001
5.971867e+001	-8.109317e+001
5.971751e+001	-8.580230e+001
5.990998e+001	-8.311202e+001
6.019046e+001	-7.705853e+001
6.020691e+001	-8.109492e+001
6.045219e+001	-7.638667e+001
6.055664e+001	-7.705984e+001
6.099555e+001	-6.495197e+001
6.120563e+001	-6.158919e+001
6.113405e+001	-6.898902e+001
6.099207e+001	-7.907956e+001
6.076208e+001	-9.253352e+001
6.118339e+001	-8.109840e+001
6.183353e+001	-6.091863e+001
6.211402e+001	-5.486491e+001
6.177840e+001	-7.235484e+001
6.168923e+001	-8.042740e+001
6.168806e+001	-8.513674e+001
6.166930e+001	-9.051859e+001
6.200260e+001	-8.244690e+001
6.244151e+001	-7.033904e+001
6.245795e+001	-7.437564e+001
6.279124e+001	-6.630396e+001
6.307173e+001	-6.025024e+001
6.300017e+001	-6.765007e+001
6.313983e+001	-6.697778e+001
6.329709e+001	-6.563296e+001
6.301428e+001	-8.110491e+001
6.266107e+001	-9.926757e+001
6.273032e+001	-1.012862e+002
6.281717e+001	-1.026319e+002
6.299204e+001	-1.006143e+002
6.309649e+001	-1.012875e+002
6.328897e+001	-9.859723e+001
6.369267e+001	-8.783484e+001
6.409638e+001	-7.707245e+001
6.416563e+001	-7.909086e+001
6.430530e+001	-7.841856e+001
6.421612e+001	-8.649112e+001
6.377488e+001	-1.080172e+002
6.405537e+001	-1.019635e+002
6.468791e+001	-8.245647e+001
6.493320e+001	-7.774800e+001
6.482642e+001	-8.649329e+001
6.457881e+001	-1.006200e+002
6.468327e+001	-1.012932e+002
6.492856e+001	-9.658470e+001
6.573713e+001	-7.035078e+001
6.591200e+001	-6.833324e+001
6.564679e+001	-8.313247e+001
6.532878e+001	-9.994987e+001
6.506357e+001	-1.147493e+002
6.537927e+001	-1.073501e+002
6.597661e+001	-8.918834e+001
6.613387e+001	-8.784354e+001
6.579825e+001	-1.053335e+002
6.558587e+001	-1.181147e+002
6.593675e+001	-1.093705e+002
6.618204e+001	-1.046620e+002
6.621608e+001	-1.080259e+002
6.661979e+001	-9.726351e+001
6.656582e+001	-1.039908e+002
6.684630e+001	-9.793712e+001
6.717960e+001	-8.986543e+001
6.731926e+001	-8.919313e+001
6.740611e+001	-9.053903e+001
6.738735e+001	-9.592088e+001
6.729817e+001	-1.039934e+002
6.705058e+001	-1.181199e+002
6.692620e+001	-1.275380e+002
6.699545e+001	-1.295564e+002
6.731114e+001	-1.221574e+002
6.783807e+001	-1.066863e+002
6.806575e+001	-1.026506e+002
6.765972e+001	-1.228312e+002
6.739452e+001	-1.376307e+002
6.744616e+001	-1.403218e+002
6.737459e+001	-1.477216e+002
6.767268e+001	-1.409954e+002
6.825242e+001	-1.235061e+002
6.874414e+001	-1.093805e+002
6.895421e+001	-1.060175e+002
6.930511e+001	-9.727308e+001
6.946237e+001	-9.592827e+001
6.937319e+001	-1.040008e+002
6.940724e+001	-1.073645e+002
6.965252e+001	-1.026562e+002
6.972178e+001	-1.046746e+002
6.998466e+001	-9.929367e+001
6.993069e+001	-1.060210e+002
6.982390e+001	-1.147663e+002
6.982275e+001	-1.194754e+002
6.996241e+001	-1.188031e+002
7.013728e+001	-1.167856e+002
7.013612e+001	-1.214947e+002
7.020537e+001	-1.235131e+002
7.015140e+001	-1.302404e+002
7.046710e+001	-1.228412e+002
7.062436e+001	-1.214964e+002
7.057039e+001	-1.282235e+002
7.076287e+001	-1.255332e+002
7.099054e+001	-1.214977e+002
7.054931e+001	-1.430238e+002
7.021369e+001	-1.605137e+002
7.047658e+001	-1.551328e+002
7.075706e+001	-1.490793e+002
7.075590e+001	-1.537884e+002
7.137084e+001	-1.349539e+002
7.177455e+001	-1.241915e+002
7.187900e+001	-1.248646e+002
7.187784e+001	-1.295738e+002
7.170065e+001	-1.410097e+002
7.141785e+001	-1.564817e+002
7.124066e+001	-1.679177e+002
7.139793e+001	-1.665727e+002
7.201287e+001	-1.477381e+002
7.239897e+001	-1.376485e+002
7.246822e+001	-1.396669e+002
7.216781e+001	-1.558116e+002
7.220186e+001	-1.591755e+002
7.251754e+001	-1.517765e+002
7.267482e+001	-1.504315e+002
7.300811e+001	-1.423598e+002
7.307736e+001	-1.443782e+002
7.311141e+001	-1.477421e+002
7.311025e+001	-1.524512e+002
7.324991e+001	-1.517791e+002
7.317833e+001	-1.591789e+002
7.324758e+001	-1.611973e+002
7.312320e+001	-1.706154e+002
7.324526e+001	-1.706158e+002
7.350815e+001	-1.652348e+002
7.368302e+001	-1.632171e+002
7.369946e+001	-1.672537e+002
7.397995e+001	-1.611999e+002
7.408440e+001	-1.618731e+002
7.415365e+001	-1.638915e+002
7.429332e+001	-1.632192e+002
7.402812e+001	-1.780187e+002
7.411497e+001	-1.793643e+002
7.436025e+001	-1.746561e+002
7.462313e+001	-1.692751e+002
7.481560e+001	-1.665848e+002
7.499047e+001	-1.645673e+002
7.514774e+001	-1.632223e+002
7.555144e+001	-1.524599e+002
7.569110e+001	-1.517878e+002
7.568995e+001	-1.564969e+002
7.560077e+001	-1.645695e+002
7.570522e+001	-1.652426e+002
7.593290e+001	-1.612069e+002
7.624860e+001	-1.538079e+002
7.635305e+001	-1.544811e+002
7.608785e+001	-1.692803e+002
7.585786e+001	-1.827343e+002
7.585669e+001	-1.874434e+002
7.618998e+001	-1.793717e+002
7.636486e+001	-1.773542e+002
7.657493e+001	-1.739912e+002
7.683781e+001	-1.686102e+002
7.681905e+001	-1.739921e+002
7.685309e+001	-1.773559e+002
7.708077e+001	-1.733202e+002
7.692119e+001	-1.840835e+002
7.690242e+001	-1.894653e+002
7.725332e+001	-1.807211e+002
7.753381e+001	-1.746674e+002
7.758545e+001	-1.773585e+002
7.749627e+001	-1.854311e+002
7.719587e+001	-2.015758e+002
7.687785e+001	-2.183932e+002
7.722875e+001	-2.096488e+002
7.759726e+001	-2.002316e+002
7.784254e+001	-1.955234e+002
7.805261e+001	-1.921604e+002
7.791062e+001	-2.022511e+002
7.801508e+001	-2.029241e+002
7.801392e+001	-2.076334e+002
7.817119e+001	-2.062884e+002
7.855729e+001	-1.961987e+002
7.841530e+001	-2.062893e+002
7.866058e+001	-2.015810e+002
7.887066e+001	-1.982180e+002
7.862306e+001	-2.123447e+002
7.874512e+001	-2.123451e+002
7.921924e+001	-1.988920e+002
7.965815e+001	-1.867842e+002
7.965699e+001	-1.914935e+002
7.918055e+001	-2.143648e+002
7.914419e+001	-2.204194e+002
7.937187e+001	-2.163837e+002
7.940591e+001	-2.197476e+002
7.942235e+001	-2.237842e+002
7.956201e+001	-2.231119e+002
7.956086e+001	-2.278210e+002
7.977093e+001	-2.244580e+002
7.998100e+001	-2.210952e+002
7.996223e+001	-2.264771e+002
8.033074e+001	-2.170599e+002
8.089287e+001	-2.002433e+002
8.090931e+001	-2.042800e+002
8.082014e+001	-2.123525e+002
8.115343e+001	-2.042808e+002
8.129309e+001	-2.036085e+002
8.129194e+001	-2.083177e+002
8.166043e+001	-1.989007e+002
8.169448e+001	-2.022646e+002
8.160531e+001	-2.103372e+002
8.149853e+001	-2.190822e+002
8.162059e+001	-2.190827e+002
8.190107e+001	-2.130292e+002
8.193512e+001	-2.163928e+002
8.210999e+001	-2.143753e+002
8.221444e+001	-2.150485e+002
8.228370e+001	-2.170669e+002
8.221213e+001	-2.244667e+002
8.236939e+001	-2.231219e+002
8.289631e+001	-2.076508e+002
8.395133e+001	-1.719993e+002
8.546402e+001	-1.188583e+002
8.674787e+001	-7.446218e+001
8.752123e+001	-4.957352e+001
8.799535e+001	-3.612042e+001
8.804700e+001	-3.881155e+001
8.820426e+001	-3.746674e+001
8.830872e+001	-3.813969e+001
8.841318e+001	-3.881286e+001
8.832400e+001	-4.688542e+001
8.853408e+001	-4.352241e+001
8.877936e+001	-3.881416e+001
8.863737e+001	-4.890470e+001
8.860101e+001	-5.495928e+001
8.888149e+001	-4.890556e+001
8.921479e+001	-4.083388e+001
8.933685e+001	-4.083431e+001
8.952932e+001	-3.814404e+001
8.924651e+001	-5.361622e+001
8.894611e+001	-6.976067e+001
8.905056e+001	-7.043384e+001
8.926064e+001	-6.707083e+001
8.940030e+001	-6.639876e+001
8.978640e+001	-5.630909e+001
8.992606e+001	-5.563679e+001
9.001292e+001	-5.698248e+001
9.034621e+001	-4.891079e+001
9.094355e+001	-3.074899e+001
9.136486e+001	-1.931387e+001
9.132849e+001	-2.536846e+001
9.129212e+001	-3.142303e+001
9.134377e+001	-3.411418e+001
9.139542e+001	-3.680532e+001
9.165830e+001	-3.142434e+001
9.188599e+001	-2.738860e+001
9.209605e+001	-2.402582e+001
9.207729e+001	-2.940767e+001
9.184729e+001	-4.286164e+001
9.200456e+001	-4.151662e+001
9.207381e+001	-4.353503e+001
9.168539e+001	-6.304314e+001
9.147300e+001	-7.582438e+001
9.166547e+001	-7.313412e+001
9.198116e+001	-6.573515e+001
9.257850e+001	-4.757337e+001
9.301741e+001	-3.546551e+001
9.315707e+001	-3.479344e+001
9.319112e+001	-3.815709e+001
9.313715e+001	-4.488441e+001
9.325920e+001	-4.488484e+001
9.334606e+001	-4.623051e+001
9.330969e+001	-5.228510e+001
9.366060e+001	-4.354067e+001
9.411711e+001	-3.076030e+001
9.434478e+001	-2.672479e+001
9.453725e+001	-2.403452e+001
9.492336e+001	-1.394463e+001
9.523905e+001	-6.545675e+000
9.514987e+001	-1.461824e+001
9.490227e+001	-2.874494e+001
9.474269e+001	-3.950820e+001
9.486475e+001	-3.950864e+001
9.518043e+001	-3.210968e+001
9.542572e+001	-2.740121e+001
9.568861e+001	-2.202023e+001
9.588108e+001	-1.932996e+001
9.572149e+001	-3.009322e+001
9.564991e+001	-3.749327e+001
9.578957e+001	-3.682097e+001
9.571801e+001	-4.422080e+001
9.569924e+001	-4.960265e+001
9.597973e+001	-4.354894e+001
9.645385e+001	-3.009583e+001
9.699838e+001	-1.395202e+001
9.722605e+001	-9.916504e+000
9.669680e+001	-3.480604e+001
9.641400e+001	-5.027799e+001
9.650086e+001	-5.162367e+001
9.697497e+001	-3.817057e+001
9.771313e+001	-1.462736e+001
9.787040e+001	-1.328256e+001
9.781643e+001	-2.000965e+001
9.779767e+001	-2.539150e+001
9.788452e+001	-2.673740e+001
9.804179e+001	-2.539237e+001
9.828706e+001	-2.068412e+001
9.830351e+001	-2.472051e+001
9.858399e+001	-1.866702e+001
9.905811e+001	-5.213912e+000
9.881051e+001	-1.934039e+001
9.838688e+001	-4.019398e+001
9.842093e+001	-4.355763e+001
9.870141e+001	-3.750414e+001
9.861223e+001	-4.557670e+001
9.866388e+001	-4.826784e+001
9.906759e+001	-3.750544e+001
9.920726e+001	-3.683315e+001
9.929411e+001	-3.817883e+001
9.946898e+001	-3.616129e+001
9.999590e+001	-2.069021e+001
1.001180e+002	-2.069065e+001
1.000464e+002	-2.809047e+001
1.000980e+002	-3.078162e+001
1.003081e+002	-2.741861e+001
1.003069e+002	-3.212795e+001
1.003938e+002	-3.347362e+001
1.003046e+002	-4.154618e+001
1.003035e+002	-4.625530e+001
1.003375e+002	-4.961918e+001
1.000899e+002	-6.374588e+001
1.004584e+002	-5.432873e+001
1.012846e+002	-2.742209e+001
1.020932e+002	-1.188174e+000
1.021272e+002	-4.552054e+000
1.015980e+002	-2.944159e+001
1.011391e+002	-5.164020e+001
1.012612e+002	-5.164063e+001
1.019641e+002	-2.944289e+001
1.026319e+002	-8.590171e+000
1.029476e+002	-1.191223e+000
1.028056e+002	-1.128175e+001
1.026460e+002	-2.204502e+001
1.024512e+002	-3.415375e+001
1.027845e+002	-2.608206e+001
1.031354e+002	-1.733764e+001
1.031519e+002	-2.137424e+001
1.028867e+002	-3.617346e+001
1.024630e+002	-5.702683e+001
1.027611e+002	-5.030060e+001
1.032000e+002	-3.819274e+001
1.034277e+002	-3.415723e+001
1.038490e+002	-2.272210e+001
1.041647e+002	-1.532315e+001
1.042340e+002	-1.734156e+001
1.040920e+002	-2.743209e+001
1.042844e+002	-2.474181e+001
1.046353e+002	-1.599762e+001
1.049158e+002	-9.943902e+000
1.047386e+002	-2.137990e+001
1.044382e+002	-3.752458e+001
1.046659e+002	-3.348884e+001
1.049464e+002	-2.743513e+001
1.049628e+002	-3.147173e+001
1.047856e+002	-4.290773e+001
1.050837e+002	-3.618129e+001
1.055578e+002	-2.272819e+001
1.056095e+002	-2.541933e+001
1.057492e+002	-2.474703e+001
1.058184e+002	-2.676566e+001
1.058349e+002	-3.080206e+001
1.060801e+002	-2.609381e+001
1.061670e+002	-2.743948e+001
1.059546e+002	-4.022094e+001
1.061119e+002	-3.887591e+001
1.062691e+002	-3.753111e+001
1.064088e+002	-3.685881e+001
1.066189e+002	-3.349580e+001
1.065649e+002	-4.022312e+001
1.065637e+002	-4.493223e+001
1.068266e+002	-3.955125e+001
1.070191e+002	-3.686099e+001
1.072996e+002	-3.080727e+001
1.072808e+002	-3.618912e+001
1.073853e+002	-3.686229e+001
1.076129e+002	-3.282654e+001
1.075414e+002	-4.022660e+001
1.078923e+002	-3.148217e+001
1.083312e+002	-1.937431e+001
1.087525e+002	-7.939410e+000
1.086633e+002	-1.601197e+001
1.088030e+002	-1.533967e+001
1.089602e+002	-1.399464e+001
1.092407e+002	-7.941145e+000
1.091868e+002	-1.466824e+001
1.089568e+002	-2.812221e+001
1.087444e+002	-4.090345e+001
1.087432e+002	-4.561279e+001
1.088653e+002	-4.561323e+001
1.089521e+002	-4.695891e+001
1.093382e+002	-3.686924e+001
1.097067e+002	-2.745209e+001
1.096528e+002	-3.417940e+001
1.096692e+002	-3.821580e+001
1.094920e+002	-4.965179e+001
1.100189e+002	-3.418071e+001
1.101762e+002	-3.283568e+001
1.100166e+002	-4.359895e+001
1.103499e+002	-3.552726e+001
1.107008e+002	-2.678306e+001
1.108405e+002	-2.611076e+001
1.108569e+002	-3.014715e+001
1.110670e+002	-2.678436e+001
1.110482e+002	-3.216621e+001
1.112231e+002	-3.014845e+001
1.115388e+002	-2.274949e+001
1.119953e+002	-9.969124e+000
1.121878e+002	-7.278846e+000
1.119578e+002	-2.073282e+001
1.121502e+002	-1.804255e+001
1.126068e+002	-5.262179e+000
1.128344e+002	-1.226443e+000
1.130797e+002	3.481796e+000
1.134306e+002	1.222622e+001
1.131830e+002	-1.900475e+000
1.129002e+002	-1.737242e+001
1.126878e+002	-3.015366e+001
1.127042e+002	-3.419027e+001
1.127911e+002	-3.553596e+001
1.129484e+002	-3.419115e+001
1.128944e+002	-4.091824e+001
1.127524e+002	-5.100899e+001
1.127689e+002	-5.504537e+001
1.128909e+002	-5.504582e+001
1.131010e+002	-5.168281e+001
1.135575e+002	-3.890244e+001
1.138380e+002	-3.284873e+001
1.139601e+002	-3.284916e+001
1.141525e+002	-3.015889e+001
1.143802e+002	-2.612337e+001
1.144142e+002	-2.948725e+001
1.143955e+002	-3.486910e+001
1.145175e+002	-3.486953e+001
1.143404e+002	-4.630531e+001
1.149201e+002	-2.881625e+001
1.157815e+002	-5.643695e-001
1.156043e+002	-1.200014e+001
1.148814e+002	-4.428908e+001
1.145986e+002	-5.976102e+001
1.148615e+002	-5.438004e+001
1.152124e+002	-4.563584e+001
1.157217e+002	-3.083727e+001
1.162486e+002	-1.536620e+001
1.166347e+002	-5.276529e+000
1.167216e+002	-6.622202e+000
1.164564e+002	-2.142165e+001
1.166136e+002	-2.007661e+001
1.167885e+002	-1.805907e+001
1.165585e+002	-3.151305e+001
1.165398e+002	-3.689490e+001
1.167674e+002	-3.285917e+001
1.168191e+002	-3.555031e+001
1.166595e+002	-4.631356e+001
1.167463e+002	-4.765947e+001
1.171149e+002	-3.824232e+001
1.175538e+002	-2.613468e+001
1.175878e+002	-2.949855e+001
1.176571e+002	-3.151696e+001
1.177791e+002	-3.151739e+001
1.177780e+002	-3.622651e+001
1.176712e+002	-4.497180e+001
1.175644e+002	-5.371709e+001
1.178625e+002	-4.699065e+001
1.183014e+002	-3.488301e+001
1.184763e+002	-3.286525e+001
1.189504e+002	-1.941215e+001
1.191077e+002	-1.806734e+001
1.190185e+002	-2.613990e+001
1.189117e+002	-3.488519e+001
1.194738e+002	-1.806864e+001
1.198071e+002	-9.996953e+000
1.197356e+002	-1.739677e+001
1.196288e+002	-2.614207e+001
1.191171e+002	-5.035888e+001
1.185351e+002	-7.726638e+001
1.190620e+002	-6.179530e+001
1.199234e+002	-3.354320e+001
1.200454e+002	-3.354364e+001
1.202379e+002	-3.085336e+001
1.205712e+002	-2.278167e+001
1.209749e+002	-1.201928e+001
1.210618e+002	-1.336517e+001
1.210606e+002	-1.807430e+001
1.211827e+002	-1.807473e+001
1.212519e+002	-2.009314e+001
1.214092e+002	-1.874833e+001
1.214432e+002	-2.211198e+001
1.216181e+002	-2.009444e+001
1.219866e+002	-1.067751e+001
1.223551e+002	-1.260359e+000
1.219843e+002	-2.009575e+001
1.217191e+002	-3.489518e+001
1.219291e+002	-3.153219e+001
1.222624e+002	-2.346049e+001
1.227366e+002	-1.000739e+001
1.231227e+002	8.226517e-002
1.233327e+002	3.445272e+000
1.233316e+002	-1.263839e+000
1.234184e+002	-2.609738e+000
1.232236e+002	-1.471825e+001
1.230641e+002	-2.548151e+001
1.233269e+002	-2.010053e+001
1.233962e+002	-2.211894e+001
1.234126e+002	-2.615555e+001
1.235523e+002	-2.548325e+001
1.237272e+002	-2.346571e+001
1.240077e+002	-1.741200e+001
1.240065e+002	-2.212112e+001
1.240229e+002	-2.615773e+001
1.239514e+002	-3.355755e+001
1.238094e+002	-4.364809e+001
1.241075e+002	-3.692186e+001
1.242647e+002	-3.557683e+001
1.242108e+002	-4.230415e+001
1.240512e+002	-5.306741e+001
1.242436e+002	-5.037714e+001
1.246474e+002	-3.961474e+001
1.251391e+002	-2.548891e+001
1.252259e+002	-2.683481e+001
1.254888e+002	-2.145382e+001
1.252588e+002	-3.490780e+001
1.248880e+002	-5.374319e+001
1.252741e+002	-4.365330e+001
1.260299e+002	-1.943737e+001
1.260815e+002	-2.212851e+001
1.260099e+002	-2.952856e+001
1.263784e+002	-2.011140e+001
1.266589e+002	-1.405769e+001
1.263937e+002	-2.885713e+001
1.262517e+002	-3.894766e+001
1.262858e+002	-4.231154e+001
1.260734e+002	-5.509278e+001
1.261426e+002	-5.711119e+001
1.263351e+002	-5.442091e+001
1.265980e+002	-4.903994e+001
1.273185e+002	-2.616946e+001
1.276518e+002	-1.809777e+001
1.275275e+002	-2.751557e+001
1.277023e+002	-2.549803e+001
1.274371e+002	-4.029747e+001
1.276296e+002	-3.760720e+001
1.276108e+002	-4.298905e+001
1.277329e+002	-4.298948e+001
1.279782e+002	-3.828102e+001
1.277130e+002	-5.308046e+001
1.276766e+002	-5.913504e+001
1.279747e+002	-5.240859e+001
1.283256e+002	-4.366417e+001
1.285357e+002	-4.030139e+001
1.288162e+002	-3.424767e+001
1.290262e+002	-3.088467e+001
1.294123e+002	-2.079501e+001
1.298160e+002	-1.003261e+001
1.300085e+002	-7.342336e+000
1.297961e+002	-2.012357e+001
1.297597e+002	-2.617816e+001
1.297410e+002	-3.156002e+001
1.292645e+002	-5.443135e+001
1.296154e+002	-4.568715e+001
1.303712e+002	-2.147122e+001
1.306693e+002	-1.474477e+001
1.303513e+002	-3.156219e+001
1.304909e+002	-3.088989e+001
1.308770e+002	-2.080023e+001
1.308055e+002	-2.820005e+001
1.305931e+002	-4.098129e+001
1.306975e+002	-4.165445e+001
1.307844e+002	-4.300035e+001
1.311529e+002	-3.358321e+001
1.315566e+002	-2.282081e+001
1.314850e+002	-3.022064e+001
1.315895e+002	-3.089380e+001
1.316763e+002	-3.223970e+001
1.318160e+002	-3.156740e+001
1.322197e+002	-2.080501e+001
1.319193e+002	-3.694969e+001
1.316365e+002	-5.242164e+001
1.316881e+002	-5.511278e+001
1.320390e+002	-4.636836e+001
1.324955e+002	-3.358799e+001
1.325120e+002	-3.762459e+001
1.324052e+002	-4.636967e+001
1.325273e+002	-4.637010e+001
1.328782e+002	-3.762591e+001
1.332291e+002	-2.888148e+001
1.334920e+002	-2.350050e+001
1.330683e+002	-4.435386e+001
1.330320e+002	-5.040845e+001
1.334357e+002	-3.964605e+001
1.336457e+002	-3.628305e+001
1.336270e+002	-4.166489e+001
1.336786e+002	-4.435604e+001
1.339239e+002	-3.964779e+001
1.341164e+002	-3.695752e+001
1.341856e+002	-3.897593e+001
1.341845e+002	-4.368504e+001
1.342361e+002	-4.637618e+001
1.343054e+002	-4.839482e+001
1.343218e+002	-5.243120e+001
1.344967e+002	-5.041366e+001
1.345835e+002	-5.175935e+001
1.350048e+002	-4.032444e+001
1.350565e+002	-4.301558e+001
1.348969e+002	-5.377885e+001
1.350366e+002	-5.310655e+001
1.354051e+002	-4.368940e+001
1.357560e+002	-3.494520e+001
1.365997e+002	-7.365822e+000
1.367394e+002	-6.693525e+000
1.367206e+002	-1.207537e+001
1.365787e+002	-2.216590e+001
1.367183e+002	-2.149383e+001
1.368404e+002	-2.149426e+001
1.366808e+002	-3.225753e+001
1.364684e+002	-4.503877e+001
1.360976e+002	-6.387416e+001
1.360788e+002	-6.925601e+001
1.362009e+002	-6.925644e+001
1.367982e+002	-5.109466e+001
1.376420e+002	-2.351528e+001
1.383801e+002	2.791103e-002
1.386078e+002	4.063647e+000
1.382370e+002	-1.477173e+001
1.378662e+002	-3.360712e+001
1.376890e+002	-4.504312e+001
1.374238e+002	-5.984234e+001
1.376515e+002	-5.580682e+001
1.383192e+002	-3.495433e+001
1.387581e+002	-2.284647e+001
1.388626e+002	-2.351964e+001
1.385974e+002	-3.831885e+001
1.381209e+002	-6.119041e+001
1.379262e+002	-7.329892e+001
1.386115e+002	-5.177369e+001
1.394025e+002	-2.621251e+001
1.394541e+002	-2.890365e+001
1.395938e+002	-2.823135e+001
1.399271e+002	-2.015967e+001
1.400491e+002	-2.016011e+001
1.401712e+002	-2.016054e+001
1.404869e+002	-1.276158e+001
1.405033e+002	-1.679797e+001
1.403966e+002	-2.554326e+001
1.403778e+002	-3.092511e+001
1.409751e+002	-1.276333e+001
1.411324e+002	-1.141829e+001
1.410432e+002	-1.949085e+001
1.408660e+002	-3.092685e+001
1.407241e+002	-4.101739e+001
1.406525e+002	-4.841743e+001
1.410034e+002	-3.967301e+001
1.417063e+002	-1.747506e+001
1.418988e+002	-1.478478e+001
1.418448e+002	-2.151210e+001
1.419141e+002	-2.353051e+001
1.420361e+002	-2.353094e+001
1.418237e+002	-3.631218e+001
1.416290e+002	-4.842091e+001
1.418214e+002	-4.573064e+001
1.419611e+002	-4.505834e+001
1.417135e+002	-5.918505e+001
1.420996e+002	-4.909516e+001
1.426969e+002	-3.093338e+001
1.430830e+002	-2.084371e+001
1.432403e+002	-1.949868e+001
1.431159e+002	-2.891670e+001
1.429739e+002	-3.900724e+001
1.430960e+002	-3.900767e+001
1.432709e+002	-3.699013e+001
1.434633e+002	-3.429985e+001
1.437614e+002	-2.757341e+001
1.439891e+002	-2.353790e+001
1.441112e+002	-2.353833e+001
1.443212e+002	-2.017532e+001
1.445489e+002	-1.613981e+001
1.447590e+002	-1.277680e+001
1.447930e+002	-1.614067e+001
1.444574e+002	-3.363061e+001
1.440866e+002	-5.246599e+001
1.443671e+002	-4.641228e+001
1.445948e+002	-4.237677e+001
1.447520e+002	-4.103174e+001
1.454022e+002	-2.085197e+001
1.459995e+002	-2.690186e+000
1.458575e+002	-1.278072e+001
1.453811e+002	-3.565205e+001
1.454855e+002	-3.632522e+001
1.458364e+002	-2.758081e+001
1.460289e+002	-2.489053e+001
1.464502e+002	-1.345562e+001
1.467659e+002	-6.056673e+000
1.466767e+002	-1.412901e+001
1.465876e+002	-2.220157e+001
1.467800e+002	-1.951129e+001
1.470253e+002	-1.480304e+001
1.470594e+002	-1.816692e+001
1.470054e+002	-2.489401e+001
1.472683e+002	-1.951303e+001
1.476896e+002	-8.078123e+000
1.474772e+002	-2.085936e+001
1.474056e+002	-2.825919e+001
1.474573e+002	-3.095034e+001
1.473505e+002	-3.969562e+001
1.469797e+002	-5.853101e+001
1.470665e+002	-5.987669e+001
1.473118e+002	-5.516845e+001
1.473987e+002	-5.651434e+001
1.477320e+002	-4.844266e+001
1.482765e+002	-3.229884e+001
1.485394e+002	-2.691786e+001
1.481509e+002	-4.642576e+001
1.479561e+002	-5.853449e+001
1.483598e+002	-4.777210e+001
1.491156e+002	-2.355616e+001
1.495193e+002	-1.279376e+001
1.497470e+002	-8.758027e+000
1.497106e+002	-1.481261e+001
1.499031e+002	-1.212234e+001
1.498139e+002	-2.019490e+001
1.493903e+002	-4.104826e+001
1.492659e+002	-5.046628e+001
1.493528e+002	-5.181196e+001
1.494396e+002	-5.315785e+001
1.498081e+002	-4.374071e+001
1.498774e+002	-4.575934e+001
1.502283e+002	-3.701491e+001
1.504736e+002	-3.230667e+001
1.504372e+002	-3.836103e+001
1.504712e+002	-4.172490e+001
1.503645e+002	-5.047019e+001
1.501345e+002	-6.392417e+001
1.503093e+002	-6.190663e+001
1.509419e+002	-4.239938e+001
1.515040e+002	-2.558283e+001
1.516261e+002	-2.558327e+001
1.515897e+002	-3.163785e+001
1.516237e+002	-3.500172e+001
1.515522e+002	-4.240154e+001
1.516742e+002	-4.240199e+001
1.518139e+002	-4.172969e+001
1.521296e+002	-3.433073e+001
1.524277e+002	-2.760429e+001
1.527082e+002	-2.155079e+001
1.527774e+002	-2.356921e+001
1.530227e+002	-1.886096e+001
1.530919e+002	-2.087937e+001
1.530732e+002	-2.626122e+001
1.532481e+002	-2.424368e+001
1.532997e+002	-2.693482e+001
1.531753e+002	-3.635262e+001
1.533678e+002	-3.366234e+001
1.535955e+002	-2.962684e+001
1.534535e+002	-3.971736e+001
1.533819e+002	-4.711720e+001
1.534336e+002	-4.980833e+001
1.538197e+002	-3.971867e+001
1.541353e+002	-3.231971e+001
1.543982e+002	-2.693873e+001
1.548547e+002	-1.415814e+001
1.549768e+002	-1.415857e+001
1.548172e+002	-2.492184e+001
1.547281e+002	-3.299440e+001
1.546565e+002	-4.039444e+001
1.547961e+002	-3.972215e+001
1.548830e+002	-4.106783e+001
1.549874e+002	-4.174099e+001
1.550567e+002	-4.375940e+001
1.550379e+002	-4.914125e+001
1.552128e+002	-4.712371e+001
1.554757e+002	-4.174274e+001
1.557738e+002	-3.501651e+001
1.560367e+002	-2.963553e+001
1.560531e+002	-3.367191e+001
1.561928e+002	-3.299961e+001
1.565437e+002	-2.425541e+001
1.568594e+002	-1.685624e+001
1.572279e+002	-7.439310e+000
1.573675e+002	-6.767013e+000
1.575072e+002	-6.094931e+000
1.573652e+002	-1.618547e+001
1.574168e+002	-1.887661e+001
1.575389e+002	-1.887704e+001
1.572209e+002	-3.569424e+001
1.568853e+002	-5.318438e+001
1.572890e+002	-4.242198e+001
1.579919e+002	-2.022403e+001
1.580964e+002	-2.089720e+001
1.584121e+002	-1.349824e+001
1.586222e+002	-1.013523e+001
1.585682e+002	-1.686233e+001
1.582678e+002	-3.300700e+001
1.582138e+002	-3.973432e+001
1.584063e+002	-3.704406e+001
1.586164e+002	-3.368105e+001
1.590377e+002	-2.224592e+001
1.593710e+002	-1.417423e+001
1.595810e+002	-1.081144e+001
1.597911e+002	-7.448437e+000
1.597547e+002	-1.350303e+001
1.596480e+002	-2.224809e+001
1.598228e+002	-2.023055e+001
1.598569e+002	-2.359443e+001
1.598733e+002	-2.763081e+001
1.601010e+002	-2.359529e+001
1.602055e+002	-2.426846e+001
1.605564e+002	-1.552405e+001
1.606256e+002	-1.754246e+001
1.604484e+002	-2.897846e+001
1.603944e+002	-3.570555e+001
1.607453e+002	-2.696135e+001
1.611843e+002	-1.485348e+001
1.613239e+002	-1.418118e+001
1.613756e+002	-1.687232e+001
1.614096e+002	-2.023621e+001
1.616197e+002	-1.687320e+001
1.620586e+002	-4.765559e+000
1.625855e+002	1.070551e+001
1.626724e+002	9.359834e+000
1.623016e+002	-9.475543e+000
1.618603e+002	-3.100164e+001
1.615599e+002	-4.714633e+001
1.616820e+002	-4.714676e+001
1.620857e+002	-3.638436e+001
1.626126e+002	-2.091329e+001
1.625938e+002	-2.629514e+001
1.626631e+002	-2.831355e+001
1.626795e+002	-3.235016e+001
1.628192e+002	-3.167786e+001
1.631173e+002	-2.495141e+001
1.633274e+002	-2.158862e+001
1.633262e+002	-2.629774e+001
1.635363e+002	-2.293474e+001
1.640104e+002	-9.481631e+000
1.643085e+002	-2.755411e+000
1.639905e+002	-1.957260e+001
1.638661e+002	-2.899063e+001
1.639529e+002	-3.033630e+001
1.642862e+002	-2.226462e+001
1.644435e+002	-2.091980e+001
1.642663e+002	-3.235580e+001
1.645644e+002	-2.562936e+001
1.649329e+002	-1.621243e+001
1.648261e+002	-2.495750e+001
1.646665e+002	-3.572076e+001
1.652111e+002	-1.957695e+001
1.654740e+002	-1.419597e+001
1.651912e+002	-2.966814e+001
1.650492e+002	-3.975867e+001
1.649776e+002	-4.715850e+001
1.652757e+002	-4.043227e+001
1.657322e+002	-2.765168e+001
1.659775e+002	-2.294343e+001
1.662756e+002	-1.621721e+001
1.663624e+002	-1.756290e+001
1.662908e+002	-2.496272e+001
1.658848e+002	-4.514357e+001
1.659717e+002	-4.648924e+001
1.665514e+002	-2.900020e+001
1.669727e+002	-1.756506e+001
1.673060e+002	-9.493374e+000
1.676921e+002	5.962736e-001
1.672861e+002	-1.958434e+001
1.671793e+002	-2.832963e+001
1.672838e+002	-2.900280e+001
1.675291e+002	-2.429455e+001
1.676687e+002	-2.362226e+001
1.675972e+002	-3.102208e+001
1.675784e+002	-3.640393e+001
1.676652e+002	-3.774984e+001
1.676113e+002	-4.447693e+001
1.676453e+002	-4.784080e+001
1.682427e+002	-2.967901e+001
1.688048e+002	-1.286247e+001
1.688388e+002	-1.622635e+001
1.689257e+002	-1.757202e+001
1.692062e+002	-1.151830e+001
1.691346e+002	-1.891836e+001
1.691686e+002	-2.228201e+001
1.690091e+002	-3.304527e+001
1.690079e+002	-3.775461e+001
1.691476e+002	-3.708231e+001
1.690936e+002	-4.380941e+001
1.691804e+002	-4.515531e+001
1.696017e+002	-3.372018e+001
1.700231e+002	-2.228505e+001
1.697755e+002	-3.641176e+001
1.695631e+002	-4.919300e+001
1.698964e+002	-4.112131e+001
1.701944e+002	-3.439509e+001
1.702637e+002	-3.641349e+001
1.704210e+002	-3.506869e+001
1.704902e+002	-3.708710e+001
1.705067e+002	-4.112349e+001
1.703471e+002	-5.188675e+001
1.702755e+002	-5.928680e+001
1.705032e+002	-5.525106e+001
1.705372e+002	-5.861494e+001
1.709409e+002	-4.785254e+001
1.713622e+002	-3.641742e+001
1.715019e+002	-3.574512e+001
1.717472e+002	-3.103687e+001
1.717988e+002	-3.372801e+001
1.718505e+002	-3.641915e+001
1.722366e+002	-2.632948e+001
1.725875e+002	-1.758507e+001
1.725511e+002	-2.363965e+001
1.722331e+002	-4.045706e+001
1.720735e+002	-5.122033e+001
1.720547e+002	-5.660218e+001
1.721944e+002	-5.592989e+001
1.724221e+002	-5.189415e+001
1.726498e+002	-4.785863e+001
1.731415e+002	-3.373279e+001
1.734396e+002	-2.700657e+001
1.734736e+002	-3.037022e+001
1.732260e+002	-4.449693e+001
1.731720e+002	-5.122424e+001
1.735758e+002	-4.046185e+001
1.739795e+002	-2.969945e+001
1.741719e+002	-2.700918e+001
1.745404e+002	-1.759203e+001
1.749265e+002	-7.502360e+000
1.748550e+002	-1.490219e+001
1.747130e+002	-2.499272e+001
1.751167e+002	-1.423032e+001
1.751155e+002	-1.893966e+001
1.749559e+002	-2.970293e+001
1.749724e+002	-3.373931e+001
1.752529e+002	-2.768561e+001
1.751285e+002	-3.710362e+001
1.753386e+002	-3.374062e+001
1.753726e+002	-3.710450e+001
1.752658e+002	-4.584979e+001
1.752999e+002	-4.921344e+001
1.754043e+002	-4.988661e+001
1.757904e+002	-3.979694e+001
1.757893e+002	-4.450606e+001
1.757705e+002	-4.988791e+001
1.757518e+002	-5.526976e+001
1.759442e+002	-5.257948e+001
1.762071e+002	-4.719851e+001
1.763644e+002	-4.585370e+001
1.766801e+002	-3.845452e+001
1.775062e+002	-1.154788e+001
1.782972e+002	1.401329e+001
1.780320e+002	-7.861384e-001
1.775732e+002	-2.298475e+001
1.771143e+002	-4.518358e+001
1.770075e+002	-5.392886e+001
1.770592e+002	-5.662001e+001
1.776037e+002	-4.047620e+001
1.780602e+002	-2.769560e+001
1.780063e+002	-3.442292e+001
1.780931e+002	-3.576860e+001
1.786729e+002	-1.827954e+001
1.790062e+002	-1.020785e+001
1.790930e+002	-1.155353e+001
1.790214e+002	-1.895358e+001
1.789675e+002	-2.568067e+001
1.790191e+002	-2.837181e+001
1.790004e+002	-3.375366e+001
1.789288e+002	-4.115349e+001
1.792093e+002	-3.510000e+001
1.793665e+002	-3.375497e+001
1.793126e+002	-4.048228e+001
1.791706e+002	-5.057282e+001
1.796447e+002	-3.711972e+001
1.801188e+002	-2.366661e+001
1.802409e+002	-2.366704e+001
1.799405e+002	-3.981172e+001
1.798865e+002	-4.653882e+001
1.802022e+002	-3.913986e+001
1.807291e+002	-2.366879e+001
1.812208e+002	-9.542945e+000
1.811669e+002	-1.627026e+001
1.811481e+002	-2.165211e+001
1.813582e+002	-1.828910e+001
1.812690e+002	-2.636166e+001
1.813735e+002	-2.703483e+001
1.811435e+002	-4.048880e+001
1.811599e+002	-4.452520e+001
1.811235e+002	-5.057978e+001
1.812808e+002	-4.923475e+001
1.816493e+002	-3.981782e+001
1.819650e+002	-3.241886e+001
1.822631e+002	-2.569242e+001
1.824908e+002	-2.165690e+001
1.822960e+002	-3.376541e+001
1.829461e+002	-1.358564e+001
1.832442e+002	-6.859195e+000
1.824685e+002	-4.116610e+001
1.820097e+002	-6.336494e+001
1.824838e+002	-4.991183e+001
1.829931e+002	-3.511348e+001
1.834144e+002	-2.367836e+001
1.833781e+002	-2.973293e+001
1.831833e+002	-4.184145e+001
1.831997e+002	-4.587805e+001
1.836210e+002	-3.444292e+001
1.843064e+002	-1.291769e+001
1.844813e+002	-1.090015e+001
1.847793e+002	-4.173710e+000
1.849366e+002	-2.828899e+000
1.847242e+002	-1.561014e+001
1.843710e+002	-3.377280e+001
1.843170e+002	-4.050012e+001
1.843687e+002	-4.319126e+001
1.842619e+002	-5.193633e+001
1.840671e+002	-6.404505e+001
1.846644e+002	-4.588327e+001
1.852618e+002	-2.772126e+001
1.854543e+002	-2.503099e+001
1.851714e+002	-4.050315e+001
1.851175e+002	-4.723026e+001
1.853628e+002	-4.252201e+001
1.855552e+002	-3.983173e+001
1.858181e+002	-3.445075e+001
1.860810e+002	-2.906976e+001
1.865199e+002	-1.696191e+001
1.864835e+002	-2.301649e+001
1.861655e+002	-3.983390e+001
1.861292e+002	-4.588848e+001
1.862864e+002	-4.454346e+001
1.865845e+002	-3.781724e+001
1.869530e+002	-2.840008e+001
1.875327e+002	-1.091103e+001
1.875668e+002	-1.427468e+001
1.874248e+002	-2.436544e+001
1.874765e+002	-2.705658e+001
1.871408e+002	-4.454649e+001
1.871045e+002	-5.060109e+001
1.873321e+002	-4.656535e+001
1.877006e+002	-3.714841e+001
1.882980e+002	-1.898662e+001
1.886137e+002	-1.158745e+001
1.886125e+002	-1.629679e+001
1.884881e+002	-2.571459e+001
1.885046e+002	-2.975120e+001
1.885386e+002	-3.311485e+001
1.882206e+002	-4.993227e+001
1.883427e+002	-4.993270e+001
1.887112e+002	-4.051577e+001
1.892909e+002	-2.302649e+001
1.895538e+002	-1.764551e+001
1.892006e+002	-3.580817e+001
1.893754e+002	-3.379063e+001
1.898672e+002	-1.966479e+001
1.902709e+002	-8.902397e+000
1.904633e+002	-6.212344e+000
1.901453e+002	-2.302953e+001
1.896161e+002	-4.791907e+001
1.898790e+002	-4.253809e+001
1.901771e+002	-3.581165e+001
1.904927e+002	-2.841269e+001
1.905268e+002	-3.177657e+001
1.903672e+002	-4.253983e+001
1.904541e+002	-4.388551e+001
1.909458e+002	-2.975989e+001
1.908918e+002	-3.648698e+001
1.908554e+002	-4.254157e+001
1.911183e+002	-3.716059e+001
1.911876e+002	-3.917900e+001
1.912568e+002	-4.119741e+001
1.913437e+002	-4.254331e+001
1.916242e+002	-3.648960e+001
1.923799e+002	-1.227366e+001
1.925548e+002	-1.025612e+001
1.926241e+002	-1.227453e+001
1.930454e+002	-8.396200e-001
1.931674e+002	-8.400614e-001
1.930430e+002	-1.025786e+001
1.925842e+002	-3.245669e+001
1.925302e+002	-3.918378e+001
1.928107e+002	-3.313008e+001
1.932496e+002	-2.102244e+001
1.934949e+002	-1.631419e+001
1.931417e+002	-3.447683e+001
1.928941e+002	-4.860354e+001
1.929105e+002	-5.263993e+001
1.933142e+002	-4.187754e+001
1.935771e+002	-3.649655e+001
1.936112e+002	-3.986043e+001
1.939269e+002	-3.246147e+001
1.944890e+002	-1.564493e+001
1.944702e+002	-2.102678e+001
1.943106e+002	-3.179005e+001
1.943799e+002	-3.380846e+001
1.942379e+002	-4.389899e+001
1.943248e+002	-4.524489e+001
1.947461e+002	-3.380976e+001
1.949562e+002	-3.044676e+001
1.950958e+002	-2.977468e+001
1.954643e+002	-2.035753e+001
1.955512e+002	-2.170343e+001
1.953564e+002	-3.381194e+001
1.950560e+002	-4.995662e+001
1.954245e+002	-4.053969e+001
1.957578e+002	-3.246800e+001
1.958798e+002	-3.246843e+001
1.963539e+002	-1.901533e+001
1.963880e+002	-2.237898e+001
1.966509e+002	-1.699800e+001
1.969842e+002	-8.926315e+000
1.969302e+002	-1.565362e+001
1.967882e+002	-2.574416e+001
1.969279e+002	-2.507186e+001
1.967331e+002	-3.718059e+001
1.964327e+002	-5.332528e+001
1.964843e+002	-5.601642e+001
1.968000e+002	-4.861746e+001
1.970277e+002	-4.458173e+001
1.975370e+002	-2.978338e+001
1.977823e+002	-2.507490e+001
1.975699e+002	-3.785637e+001
1.975511e+002	-4.323822e+001
1.978668e+002	-3.583905e+001
1.982177e+002	-2.709485e+001
1.986390e+002	-1.565971e+001
1.988667e+002	-1.162397e+001
1.990592e+002	-8.933705e+000
1.988820e+002	-2.036970e+001
1.985464e+002	-3.785985e+001
1.985804e+002	-4.122350e+001
1.988433e+002	-3.584253e+001
1.989830e+002	-3.517044e+001
1.991930e+002	-3.180744e+001
1.995263e+002	-2.373575e+001
1.996836e+002	-2.239072e+001
2.003514e+002	-1.538227e+000
2.010191e+002	1.931426e+001
2.006659e+002	1.151599e+000
2.000310e+002	-2.777388e+001
1.999066e+002	-3.719190e+001
1.999055e+002	-4.190101e+001
2.002740e+002	-3.248408e+001
2.003608e+002	-3.382976e+001
2.005885e+002	-2.979425e+001
2.009746e+002	-1.970437e+001
2.012375e+002	-1.432338e+001
2.013596e+002	-1.432382e+001
2.014816e+002	-1.432425e+001
2.013924e+002	-2.239681e+001
2.019018e+002	-7.598462e+000
2.023583e+002	5.181895e+000
2.022339e+002	-4.235896e+000
2.020919e+002	-1.432643e+001
2.018267e+002	-2.912586e+001
2.014911e+002	-4.661579e+001
2.018772e+002	-3.652613e+001
2.024745e+002	-1.836434e+001
2.025438e+002	-2.038275e+001
2.023842e+002	-3.114601e+001
2.022774e+002	-3.989131e+001
2.023291e+002	-4.258245e+001
2.024159e+002	-4.392812e+001
2.026084e+002	-4.123785e+001
2.028889e+002	-3.518436e+001
2.030461e+002	-3.383933e+001
2.032386e+002	-3.114906e+001
2.033959e+002	-2.980425e+001
2.033595e+002	-3.585861e+001
2.035696e+002	-3.249583e+001
2.035860e+002	-3.653221e+001
2.037785e+002	-3.384194e+001
2.037069e+002	-4.124176e+001
2.036529e+002	-4.796908e+001
2.039334e+002	-4.191537e+001
2.044251e+002	-2.778953e+001
2.050577e+002	-8.282503e+000
2.053382e+002	-2.228787e+000
2.053018e+002	-8.283365e+000
2.051070e+002	-2.039188e+001
2.051234e+002	-2.442849e+001
2.052807e+002	-2.308346e+001
2.053324e+002	-2.577460e+001
2.053312e+002	-3.048372e+001
2.055061e+002	-2.846618e+001
2.058570e+002	-1.972176e+001
2.060494e+002	-1.703149e+001
2.060659e+002	-2.106810e+001
2.059767e+002	-2.914064e+001
2.061340e+002	-2.779562e+001
2.057103e+002	-4.864920e+001
2.053923e+002	-6.546640e+001
2.054440e+002	-6.815754e+001
2.058653e+002	-5.672263e+001
2.062866e+002	-4.528751e+001
2.064967e+002	-4.192450e+001
2.066187e+002	-4.192493e+001
2.068816e+002	-3.654396e+001
2.067924e+002	-4.461652e+001
2.066328e+002	-5.537977e+001
2.067901e+002	-5.403497e+001
2.070530e+002	-4.865399e+001
2.073158e+002	-4.327301e+001
2.075259e+002	-3.991000e+001
2.077184e+002	-3.721973e+001
2.079285e+002	-3.385673e+001
2.079625e+002	-3.722059e+001
2.079965e+002	-4.058447e+001
2.082418e+002	-3.587600e+001
2.085927e+002	-2.713180e+001
2.085036e+002	-3.520436e+001
2.084848e+002	-4.058621e+001
2.088181e+002	-3.251452e+001
2.092042e+002	-2.242464e+001
2.094847e+002	-1.637115e+001
2.094131e+002	-2.377097e+001
2.090775e+002	-4.126090e+001
2.090059e+002	-4.866095e+001
2.093392e+002	-4.058926e+001
2.095845e+002	-3.588078e+001
2.094777e+002	-4.462608e+001
2.097934e+002	-3.722712e+001
2.101267e+002	-2.915544e+001
2.100903e+002	-3.521002e+001
2.098251e+002	-5.000924e+001
2.100528e+002	-4.597371e+001
2.100164e+002	-5.202808e+001
2.101737e+002	-5.068327e+001
2.106126e+002	-3.857540e+001
2.108226e+002	-3.521262e+001
2.106983e+002	-4.463042e+001
2.105915e+002	-5.337571e+001
2.108016e+002	-5.001272e+001
2.110292e+002	-4.597719e+001
2.111337e+002	-4.665014e+001
2.115022e+002	-3.723321e+001
2.115010e+002	-4.194232e+001
2.115703e+002	-4.396073e+001
2.117980e+002	-3.992522e+001
2.120080e+002	-3.656222e+001
2.122357e+002	-3.252670e+001
2.122873e+002	-3.521785e+001
2.123390e+002	-3.790899e+001
2.125139e+002	-3.589122e+001
2.126887e+002	-3.387369e+001
2.124939e+002	-4.598241e+001
2.128448e+002	-3.723799e+001
2.134246e+002	-1.974871e+001
2.137931e+002	-1.033178e+001
2.138447e+002	-1.302292e+001
2.139668e+002	-1.302336e+001
2.139304e+002	-1.907794e+001
2.135596e+002	-3.791333e+001
2.137344e+002	-3.589557e+001
2.142262e+002	-2.176996e+001
2.146475e+002	-1.033483e+001
2.147167e+002	-1.235324e+001
2.145571e+002	-2.311650e+001
2.146616e+002	-2.378967e+001
2.145548e+002	-3.253496e+001
2.142720e+002	-4.800691e+001
2.144293e+002	-4.666188e+001
2.148506e+002	-3.522697e+001
2.150254e+002	-3.320921e+001
2.151475e+002	-3.320965e+001
2.149175e+002	-4.666362e+001
2.150924e+002	-4.464608e+001
2.156193e+002	-2.917500e+001
2.156885e+002	-3.119341e+001
2.153705e+002	-4.801082e+001
2.152637e+002	-5.675612e+001
2.152802e+002	-6.079250e+001
2.155783e+002	-5.406628e+001
2.160348e+002	-4.128568e+001
2.164033e+002	-3.186875e+001
2.167014e+002	-2.514230e+001
2.167706e+002	-2.716094e+001
2.166638e+002	-3.590600e+001
2.164162e+002	-5.003271e+001
2.161686e+002	-6.415942e+001
2.164843e+002	-5.676046e+001
2.169408e+002	-4.397987e+001
2.174854e+002	-2.783606e+001
2.179419e+002	-1.505569e+001
2.179759e+002	-1.841957e+001
2.180100e+002	-2.178343e+001
2.181320e+002	-2.178388e+001
2.183597e+002	-1.774813e+001
2.182529e+002	-2.649343e+001
2.179349e+002	-4.331083e+001
2.182858e+002	-3.456642e+001
2.187775e+002	-2.044058e+001
2.186179e+002	-3.120385e+001
2.187752e+002	-2.985904e+001
2.185628e+002	-4.264028e+001
2.184912e+002	-5.004010e+001
2.189654e+002	-3.658700e+001
2.194747e+002	-2.178866e+001
2.199664e+002	-7.662815e+000
2.200709e+002	-8.335985e+000
2.197352e+002	-2.582591e+001
2.195052e+002	-3.927988e+001
2.198385e+002	-3.120820e+001
2.204007e+002	-1.439165e+001
2.206283e+002	-1.035613e+001
2.208912e+002	-4.975154e+000
2.209077e+002	-9.011536e+000
2.209417e+002	-1.237542e+001
2.208349e+002	-2.112070e+001
2.206401e+002	-3.322921e+001
2.205862e+002	-3.995653e+001
2.208138e+002	-3.592080e+001
2.212703e+002	-2.314042e+001
2.213220e+002	-2.583156e+001
2.216377e+002	-1.843261e+001
2.218654e+002	-1.439687e+001
2.216530e+002	-2.717833e+001
2.212997e+002	-4.534099e+001
2.212986e+002	-5.005011e+001
2.213502e+002	-5.274125e+001
2.218420e+002	-3.861542e+001
2.225097e+002	-1.776292e+001
2.225085e+002	-2.247203e+001
2.227362e+002	-1.843652e+001
2.232279e+002	-4.310689e+000
2.229627e+002	-1.911012e+001
2.223279e+002	-4.803561e+001
2.222387e+002	-5.610817e+001
2.227656e+002	-4.063709e+001
2.233102e+002	-2.449328e+001
2.236434e+002	-1.642159e+001
2.239943e+002	-7.677165e+000
2.241868e+002	-4.986897e+000
2.245025e+002	2.412051e+000
2.242901e+002	-1.036918e+001
2.235672e+002	-4.265811e+001
2.237069e+002	-4.198581e+001
2.239698e+002	-3.660483e+001
2.240214e+002	-3.929597e+001
2.241435e+002	-3.929641e+001
2.243184e+002	-3.727887e+001
2.245812e+002	-3.189788e+001
2.250729e+002	-1.777205e+001
2.253182e+002	-1.306380e+001
2.252642e+002	-1.979089e+001
2.251751e+002	-2.786345e+001
2.250155e+002	-3.862672e+001
2.252080e+002	-3.593645e+001
2.257173e+002	-2.113810e+001
2.259450e+002	-1.710236e+001
2.256269e+002	-3.391977e+001
2.255202e+002	-4.266506e+001
2.257126e+002	-3.997479e+001
2.258699e+002	-3.862977e+001
2.257983e+002	-4.602982e+001
2.262020e+002	-3.526742e+001
2.265177e+002	-2.786823e+001
2.265342e+002	-3.190484e+001
2.264978e+002	-3.795943e+001
2.267607e+002	-3.257844e+001
2.269708e+002	-2.921544e+001
2.272160e+002	-2.450720e+001
2.273557e+002	-2.383490e+001
2.276538e+002	-1.710844e+001
2.280575e+002	-6.346274e+000
2.282852e+002	-2.310538e+000
2.283016e+002	-6.347147e+000
2.280892e+002	-1.912839e+001
2.281057e+002	-2.316477e+001
2.282101e+002	-2.383794e+001
2.282090e+002	-2.854706e+001
2.285247e+002	-2.114810e+001
2.288051e+002	-1.509439e+001
2.288920e+002	-1.644028e+001
2.288380e+002	-2.316738e+001
2.287136e+002	-3.258540e+001
2.285364e+002	-4.402118e+001
2.287641e+002	-3.998566e+001
2.288862e+002	-3.998610e+001
2.289906e+002	-4.065927e+001
2.293239e+002	-3.258758e+001
2.295516e+002	-2.855184e+001
2.294624e+002	-3.662440e+001
2.296373e+002	-3.460686e+001
2.296889e+002	-3.729800e+001
2.298286e+002	-3.662571e+001
2.302851e+002	-2.384533e+001
2.304776e+002	-2.115506e+001
2.305292e+002	-2.384620e+001
2.306513e+002	-2.384663e+001
2.307734e+002	-2.384708e+001
2.306314e+002	-3.393761e+001
2.303486e+002	-4.940955e+001
2.304178e+002	-5.142818e+001
2.306983e+002	-4.537448e+001
2.310492e+002	-3.663005e+001
2.317345e+002	-1.510483e+001
2.321382e+002	-4.342429e+000
2.322779e+002	-3.670357e+000
2.321183e+002	-1.443340e+001
2.319940e+002	-2.385142e+001
2.320808e+002	-2.519710e+001
2.321853e+002	-2.587026e+001
2.324481e+002	-2.048928e+001
2.327990e+002	-1.174487e+001
