    nm         	pN
0.000000e+000	4.178701e+002
2.099566e-001	4.212286e+002
2.615749e-001	4.185363e+002
1.196711e-001	4.084487e+002
4.814115e-002	4.010504e+002
9.976012e-002	3.983582e+002
8.100672e-002	3.929767e+002
7.984841e-002	3.882676e+002
1.842439e-001	3.875922e+002
3.062353e-001	3.875891e+002
4.282259e-001	3.875860e+002
4.798442e-001	3.848937e+002
2.851631e-001	3.727894e+002
1.256679e-001	3.620296e+002
7.172937e-002	3.553035e+002
8.816252e-002	3.512667e+002
1.749680e-001	3.499190e+002
3.306572e-002	3.398316e+002
-1.440217e-001	3.283995e+002
-4.438899e-003	3.290687e+002
-4.078303e-002	3.230150e+002
-9.472152e-002	3.162890e+002
-1.134742e-001	3.109075e+002
-1.498212e-001	3.048537e+002
-2.783061e-002	3.048506e+002
6.196905e-003	3.014861e+002
-4.774159e-002	2.947601e+002
-6.649426e-002	2.893787e+002
5.549563e-002	2.893756e+002
1.247097e-001	2.873557e+002
3.558538e-002	2.792850e+002
1.047958e-001	2.772650e+002
3.323432e-001	2.812957e+002
4.895196e-001	2.826372e+002
4.707669e-001	2.772557e+002
5.047945e-001	2.738912e+002
4.860425e-001	2.685098e+002
4.672891e-001	2.631284e+002
5.716854e-001	2.624529e+002
3.066327e-001	2.476594e+002
2.702885e-001	2.416057e+002
2.339415e-001	2.355519e+002
2.327836e-001	2.308428e+002
3.547742e-001	2.308397e+002
5.119503e-001	2.321812e+002
5.635689e-001	2.294889e+002
4.392591e-001	2.200737e+002
5.260639e-001	2.187261e+002
4.897198e-001	2.126724e+002
5.061533e-001	2.086355e+002
5.577719e-001	2.059433e+002
4.158678e-001	1.958557e+002
2.915609e-001	1.864406e+002
2.200316e-001	1.790424e+002
2.012782e-001	1.736609e+002
4.178301e-002	1.629011e+002
2.165502e-001	1.649148e+002
1.977982e-001	1.595334e+002
2.494165e-001	1.568411e+002
4.417788e-001	1.595272e+002
4.054317e-001	1.534734e+002
2.987138e-001	1.447305e+002
4.910753e-001	1.474166e+002
6.482540e-001	1.487582e+002
6.470963e-001	1.440491e+002
6.987146e-001	1.413568e+002
8.207052e-001	1.413537e+002
8.723242e-001	1.386615e+002
8.183835e-001	1.319353e+002
8.700017e-001	1.292430e+002
8.864385e-001	1.252063e+002
9.028681e-001	1.211693e+002
9.544878e-001	1.184771e+002
9.533287e-001	1.137680e+002
9.521711e-001	1.090589e+002
1.144533e+000	1.117450e+002
1.160963e+000	1.077080e+002
1.036656e+000	9.829292e+001
1.193829e+000	9.963431e+001
1.438975e+000	1.043374e+002
1.613742e+000	1.063512e+002
1.542213e+000	9.895292e+001
1.417899e+000	8.953760e+001
1.469519e+000	8.684533e+001
1.556326e+000	8.549777e+001
1.555162e+000	8.078845e+001
1.641969e+000	7.944088e+001
1.939885e+000	8.616062e+001
1.815579e+000	7.674553e+001
1.673677e+000	6.665807e+001
1.637331e+000	6.060429e+001
1.847287e+000	6.396273e+001
1.846128e+000	5.925364e+001
1.968119e+000	5.925055e+001
2.248441e+000	6.529794e+001
2.159317e+000	5.722732e+001
2.017416e+000	4.713988e+001
2.139406e+000	4.713679e+001
2.138248e+000	4.242770e+001
1.908381e+000	2.897872e+001
1.960000e+000	2.628646e+001
2.152361e+000	2.897254e+001
2.379907e+000	3.300311e+001
2.273194e+000	2.426036e+001
2.078510e+000	1.215587e+001
2.218094e+000	1.282513e+001
2.428051e+000	1.618357e+001
2.444481e+000	1.214660e+001
2.636843e+000	1.483270e+001
2.741245e+000	1.415748e+001
2.828046e+000	1.280970e+001
2.791699e+000	6.755896e+000
2.667393e+000	-2.659185e+000
2.877349e+000	6.992437e-001
3.016927e+000	1.368277e+000
3.191701e+000	3.382244e+000
3.454434e+000	8.757504e+000
3.400493e+000	2.031367e+000
3.522483e+000	2.028277e+000
3.662068e+000	2.697536e+000
3.537756e+000	-6.717771e+000
3.413449e+000	-1.613286e+001
3.447473e+000	-1.949748e+001
3.745396e+000	-1.277751e+001
3.902569e+000	-1.143613e+001
4.042154e+000	-1.076686e+001
3.988212e+000	-1.749301e+001
3.705568e+000	-3.295881e+001
3.493295e+000	-4.573543e+001
3.527320e+000	-4.910005e+001
3.649310e+000	-4.910313e+001
4.052787e+000	-3.834951e+001
4.403486e+000	-2.961272e+001
4.226396e+000	-4.104487e+001
4.154867e+000	-4.844314e+001
4.188891e+000	-5.180775e+001
4.328475e+000	-5.113849e+001
4.274540e+000	-5.786441e+001
4.079856e+000	-6.996891e+001
4.360184e+000	-6.392128e+001
4.411802e+000	-6.661355e+001
4.516199e+000	-6.728899e+001
4.655783e+000	-6.661973e+001
4.812956e+000	-6.527835e+001
4.934948e+000	-6.528143e+001
5.127309e+000	-6.259535e+001
5.143745e+000	-6.663209e+001
5.072215e+000	-7.403036e+001
5.176612e+000	-7.470578e+001
5.034710e+000	-8.479323e+001
5.086330e+000	-8.748550e+001
5.296280e+000	-8.412728e+001
5.611796e+000	-7.673498e+001
5.751376e+000	-7.606593e+001
5.750217e+000	-8.077503e+001
5.872207e+000	-8.077811e+001
5.695117e+000	-9.221026e+001
5.553216e+000	-1.022977e+002
5.552057e+000	-1.070068e+002
5.515711e+000	-1.130606e+002
5.796038e+000	-1.070130e+002
6.058772e+000	-1.016377e+002
6.040020e+000	-1.070192e+002
6.038861e+000	-1.117282e+002
5.967332e+000	-1.191265e+002
5.983762e+000	-1.231635e+002
6.352056e+000	-1.137543e+002
6.403674e+000	-1.164466e+002
6.332139e+000	-1.238451e+002
6.383758e+000	-1.265374e+002
6.417789e+000	-1.299018e+002
6.522184e+000	-1.305772e+002
6.661768e+000	-1.299079e+002
6.924501e+000	-1.245327e+002
6.923338e+000	-1.292420e+002
6.675883e+000	-1.433631e+002
6.868244e+000	-1.406770e+002
6.955045e+000	-1.420248e+002
6.936293e+000	-1.474062e+002
7.058285e+000	-1.474093e+002
7.162680e+000	-1.480847e+002
7.425414e+000	-1.427095e+002
7.265924e+000	-1.534690e+002
7.159206e+000	-1.622120e+002
7.316379e+000	-1.608706e+002
7.508740e+000	-1.581845e+002
7.085353e+000	-1.790287e+002
7.101790e+000	-1.830654e+002
7.153408e+000	-1.857577e+002
7.363360e+000	-1.823995e+002
7.555721e+000	-1.797134e+002
7.906420e+000	-1.709766e+002
8.133971e+000	-1.669458e+002
8.080030e+000	-1.736720e+002
7.797386e+000	-1.891377e+002
8.112896e+000	-1.817457e+002
8.252480e+000	-1.810764e+002
8.233728e+000	-1.864578e+002
8.338124e+000	-1.871333e+002
8.671229e+000	-1.790688e+002
8.845996e+000	-1.770551e+002
8.686501e+000	-1.878149e+002
8.474228e+000	-2.005915e+002
8.613813e+000	-1.999223e+002
8.999694e+000	-1.898410e+002
9.016132e+000	-1.938777e+002
8.874225e+000	-2.039654e+002
8.873066e+000	-2.086745e+002
8.748759e+000	-2.180896e+002
8.976304e+000	-2.140590e+002
9.027923e+000	-2.167513e+002
9.519366e+000	-2.026361e+002
1.013396e+001	-1.838150e+002
1.032632e+001	-1.811289e+002
1.016682e+001	-1.918887e+002
9.901767e+000	-2.066824e+002
9.812648e+000	-2.147528e+002
9.917044e+000	-2.154282e+002
1.030293e+001	-2.053469e+002
1.046010e+001	-2.040055e+002
1.072283e+001	-1.986303e+002
1.089761e+001	-1.966163e+002
1.086126e+001	-2.026701e+002
1.061380e+001	-2.167914e+002
1.080616e+001	-2.141053e+002
1.133278e+001	-1.986457e+002
1.136682e+001	-2.020101e+002
1.118973e+001	-2.134423e+002
1.115338e+001	-2.194961e+002
1.136333e+001	-2.161376e+002
1.132699e+001	-2.221914e+002
1.155454e+001	-2.181606e+002
1.165894e+001	-2.188361e+002
1.156981e+001	-2.269067e+002
1.170939e+001	-2.262374e+002
1.188416e+001	-2.242237e+002
1.205893e+001	-2.222099e+002
1.214574e+001	-2.235575e+002
1.217976e+001	-2.269221e+002
1.224898e+001	-2.289420e+002
1.230060e+001	-2.316343e+002
1.258092e+001	-2.255867e+002
1.268532e+001	-2.262621e+002
1.271934e+001	-2.296267e+002
1.268300e+001	-2.356805e+002
1.269943e+001	-2.397173e+002
1.299735e+001	-2.329975e+002
1.329527e+001	-2.262776e+002
1.324133e+001	-2.330037e+002
1.301146e+001	-2.464527e+002
1.306308e+001	-2.491449e+002
1.337860e+001	-2.417526e+002
1.321910e+001	-2.525124e+002
1.305961e+001	-2.632722e+002
1.312882e+001	-2.652921e+002
1.323322e+001	-2.659676e+002
1.337280e+001	-2.652983e+002
1.361794e+001	-2.605954e+002
1.372234e+001	-2.612708e+002
1.403785e+001	-2.538787e+002
1.412465e+001	-2.552263e+002
1.415868e+001	-2.585909e+002
1.438622e+001	-2.545603e+002
1.452581e+001	-2.538911e+002
1.445428e+001	-2.612894e+002
1.418923e+001	-2.760828e+002
1.404732e+001	-2.861705e+002
1.434524e+001	-2.794505e+002
1.452001e+001	-2.774368e+002
1.450126e+001	-2.828182e+002
1.432417e+001	-2.942504e+002
1.425264e+001	-3.016486e+002
1.433945e+001	-3.029962e+002
1.453181e+001	-3.003101e+002
1.500566e+001	-2.868673e+002
1.532117e+001	-2.794752e+002
1.523204e+001	-2.875458e+002
1.523088e+001	-2.922549e+002
1.521213e+001	-2.976364e+002
1.536931e+001	-2.962950e+002
1.552648e+001	-2.949534e+002
1.563088e+001	-2.956288e+002
1.577046e+001	-2.949596e+002
1.566375e+001	-3.037025e+002
1.562740e+001	-3.097563e+002
1.608365e+001	-2.969859e+002
1.666306e+001	-2.795092e+002
1.715451e+001	-2.653940e+002
1.761076e+001	-2.526236e+002
1.841887e+001	-2.264073e+002
1.915661e+001	-2.028801e+002
1.922582e+001	-2.049000e+002
1.922466e+001	-2.096091e+002
1.955776e+001	-2.015449e+002
1.997883e+001	-1.901189e+002
1.988971e+001	-1.981895e+002
1.973021e+001	-2.089493e+002
2.001054e+001	-2.029017e+002
2.006216e+001	-2.055940e+002
2.025452e+001	-2.029079e+002
2.027095e+001	-2.069449e+002
2.018183e+001	-2.150153e+002
2.039178e+001	-2.116571e+002
2.040822e+001	-2.156938e+002
2.007279e+001	-2.331766e+002
1.993089e+001	-2.432641e+002
2.010566e+001	-2.412504e+002
2.022765e+001	-2.412535e+002
2.049038e+001	-2.358782e+002
2.101702e+001	-2.204183e+002
2.120938e+001	-2.177322e+002
2.106747e+001	-2.278199e+002
2.110150e+001	-2.311843e+002
2.125867e+001	-2.298429e+002
2.123992e+001	-2.352243e+002
2.118599e+001	-2.419503e+002
2.139594e+001	-2.385921e+002
2.190497e+001	-2.238046e+002
2.237882e+001	-2.103618e+002
2.287026e+001	-1.962468e+002
2.329133e+001	-1.848209e+002
2.364203e+001	-1.760841e+002
2.367605e+001	-1.794487e+002
2.346378e+001	-1.922253e+002
2.325151e+001	-2.050019e+002
2.339108e+001	-2.043329e+002
2.361864e+001	-2.003021e+002
2.395174e+001	-1.922377e+002
2.370428e+001	-2.063590e+002
2.324571e+001	-2.285476e+002
2.359640e+001	-2.198111e+002
2.408784e+001	-2.056959e+002
2.459688e+001	-1.909086e+002
2.489480e+001	-1.841887e+002
2.505197e+001	-1.828473e+002
2.545545e+001	-1.720937e+002
2.642190e+001	-1.398266e+002
2.717723e+001	-1.156271e+002
2.795016e+001	-9.075527e+001
2.882864e+001	-6.184976e+001
2.903860e+001	-5.849132e+001
2.903743e+001	-6.320064e+001
2.894831e+001	-7.127126e+001
2.896475e+001	-7.530800e+001
2.899877e+001	-7.867262e+001
2.896242e+001	-8.472641e+001
2.933072e+001	-7.531727e+001
2.964623e+001	-6.792517e+001
2.955710e+001	-7.599579e+001
2.960872e+001	-7.868806e+001
2.966034e+001	-8.138032e+001
2.950085e+001	-9.214012e+001
2.957006e+001	-9.416004e+001
2.986797e+001	-8.744030e+001
2.991959e+001	-9.013256e+001
3.000640e+001	-9.148012e+001
3.018117e+001	-8.946639e+001
3.046150e+001	-8.341877e+001
3.065386e+001	-8.073268e+001
3.081103e+001	-7.939130e+001
3.102099e+001	-7.603286e+001
3.103742e+001	-8.006960e+001
3.103626e+001	-8.477891e+001
3.133418e+001	-7.805895e+001
3.179044e+001	-6.528850e+001
3.235225e+001	-4.848418e+001
3.250942e+001	-4.714279e+001
3.275457e+001	-4.243965e+001
3.296452e+001	-3.908144e+001
3.262910e+001	-5.656406e+001
3.250478e+001	-6.597937e+001
3.267956e+001	-6.396542e+001
3.304784e+001	-5.455649e+001
3.304669e+001	-5.926559e+001
3.301034e+001	-6.531939e+001
3.314992e+001	-6.465012e+001
3.299043e+001	-7.540991e+001
3.277816e+001	-8.818653e+001
3.290015e+001	-8.818963e+001
3.319806e+001	-8.146989e+001
3.353117e+001	-7.340544e+001
3.400502e+001	-5.996265e+001
3.409182e+001	-6.131021e+001
3.391473e+001	-7.274235e+001
3.401913e+001	-7.341779e+001
3.378926e+001	-8.686677e+001
3.410477e+001	-7.947467e+001
3.457862e+001	-6.603188e+001
3.464783e+001	-6.805179e+001
3.443556e+001	-8.082842e+001
3.462792e+001	-7.814233e+001
3.478510e+001	-7.680094e+001
3.481913e+001	-8.016533e+001
3.465963e+001	-9.092514e+001
3.502792e+001	-8.151621e+001
3.550177e+001	-6.807341e+001
3.520153e+001	-8.421156e+001
3.498926e+001	-9.698819e+001
3.532236e+001	-8.892374e+001
3.567306e+001	-8.018695e+001
3.583023e+001	-7.884556e+001
3.588185e+001	-8.153783e+001
3.642607e+001	-6.540585e+001
3.681195e+001	-5.532459e+001
3.638857e+001	-7.616874e+001
3.615870e+001	-8.961771e+001
3.592883e+001	-1.030667e+002
3.566378e+001	-1.178601e+002
3.620800e+001	-1.017282e+002
3.652351e+001	-9.433607e+001
3.652235e+001	-9.904516e+001
3.643323e+001	-1.071158e+002
3.652003e+001	-1.084636e+002
3.680036e+001	-1.024160e+002
3.723902e+001	-9.031786e+001
3.725545e+001	-9.435459e+001
3.727189e+001	-9.839134e+001
3.751703e+001	-9.368843e+001
3.769180e+001	-9.167469e+001
3.760267e+001	-9.974530e+001
3.739040e+001	-1.125219e+002
3.777629e+001	-1.024407e+002
3.796865e+001	-9.975457e+001
3.798508e+001	-1.037913e+002
3.784317e+001	-1.138790e+002
3.782442e+001	-1.192604e+002
3.798160e+001	-1.179188e+002
3.817396e+001	-1.152327e+002
3.804965e+001	-1.246480e+002
3.790775e+001	-1.347355e+002
3.838160e+001	-1.212927e+002
3.873230e+001	-1.125559e+002
3.894225e+001	-1.091975e+002
3.901146e+001	-1.112176e+002
3.906308e+001	-1.139099e+002
3.900914e+001	-1.206358e+002
3.893761e+001	-1.280341e+002
3.883089e+001	-1.367770e+002
3.874177e+001	-1.448476e+002
3.900450e+001	-1.394724e+002
3.930242e+001	-1.327526e+002
3.949478e+001	-1.300665e+002
3.972233e+001	-1.260358e+002
3.980913e+001	-1.273835e+002
3.994872e+001	-1.267143e+002
3.984200e+001	-1.354572e+002
3.964732e+001	-1.475615e+002
3.976931e+001	-1.475646e+002
4.004964e+001	-1.415170e+002
4.047071e+001	-1.300912e+002
4.106771e+001	-1.119422e+002
4.161192e+001	-9.581048e+001
4.189225e+001	-8.976286e+001
4.185590e+001	-9.581665e+001
4.173160e+001	-1.052317e+002
4.176562e+001	-1.085964e+002
4.239780e+001	-8.910287e+001
4.257257e+001	-8.708913e+001
4.227233e+001	-1.032273e+002
4.227118e+001	-1.079364e+002
4.239317e+001	-1.079395e+002
4.235682e+001	-1.139932e+002
4.225011e+001	-1.227360e+002
4.231931e+001	-1.247561e+002
4.261724e+001	-1.180362e+002
4.307349e+001	-1.052657e+002
4.328345e+001	-1.019073e+002
4.298321e+001	-1.180454e+002
4.312279e+001	-1.173762e+002
4.357905e+001	-1.046057e+002
4.385937e+001	-9.855811e+001
4.392858e+001	-1.005782e+002
4.396261e+001	-1.039426e+002
4.396145e+001	-1.086520e+002
4.388992e+001	-1.160502e+002
4.434617e+001	-1.032798e+002
4.504873e+001	-8.109709e+001
4.552258e+001	-6.765431e+001
4.582049e+001	-6.093456e+001
4.574896e+001	-6.833283e+001
4.543113e+001	-8.514333e+001
4.527163e+001	-9.590312e+001
4.555196e+001	-8.985551e+001
4.606100e+001	-7.506801e+001
4.627095e+001	-7.170980e+001
4.642813e+001	-7.036818e+001
4.646216e+001	-7.373280e+001
4.642581e+001	-7.978659e+001
4.635428e+001	-8.718486e+001
4.659941e+001	-8.248195e+001
4.724919e+001	-6.231609e+001
4.738878e+001	-6.164683e+001
4.707095e+001	-7.845733e+001
4.677071e+001	-9.459548e+001
4.661121e+001	-1.053553e+002
4.690914e+001	-9.863531e+001
4.741817e+001	-8.384804e+001
4.757534e+001	-8.250665e+001
4.775011e+001	-8.049269e+001
4.813599e+001	-7.041142e+001
4.834595e+001	-6.705298e+001
4.806330e+001	-8.251901e+001
4.822048e+001	-8.117740e+001
4.850081e+001	-7.512978e+001
4.865798e+001	-7.378839e+001
4.862163e+001	-7.984219e+001
4.858529e+001	-8.589575e+001
4.879524e+001	-8.253753e+001
4.898761e+001	-7.985144e+001
4.932071e+001	-7.178701e+001
4.930196e+001	-7.716845e+001
4.917765e+001	-8.658355e+001
4.935242e+001	-8.456980e+001
4.943923e+001	-8.591736e+001
4.978992e+001	-7.718079e+001
4.998228e+001	-7.449472e+001
4.987557e+001	-8.323746e+001
5.010311e+001	-7.920689e+001
5.024270e+001	-7.853762e+001
5.059340e+001	-6.980084e+001
5.089132e+001	-6.308110e+001
5.096053e+001	-6.510100e+001
5.073066e+001	-7.854999e+001
5.085265e+001	-7.855307e+001
5.074593e+001	-8.729604e+001
5.065681e+001	-9.536666e+001
5.088436e+001	-9.133588e+001
5.104153e+001	-8.999448e+001
5.118111e+001	-8.932522e+001
5.140866e+001	-8.529465e+001
5.175936e+001	-7.655786e+001
5.151190e+001	-9.067918e+001
5.156352e+001	-9.337145e+001
5.191422e+001	-8.463466e+001
5.191306e+001	-8.934375e+001
5.159523e+001	-1.061542e+002
5.169963e+001	-1.068295e+002
5.219107e+001	-9.271454e+001
5.222509e+001	-9.607916e+001
5.232949e+001	-9.675437e+001
5.259222e+001	-9.137911e+001
5.264384e+001	-9.407137e+001
5.278342e+001	-9.340233e+001
5.292301e+001	-9.273306e+001
5.285148e+001	-1.001313e+002
5.277995e+001	-1.075296e+002
5.307786e+001	-1.008099e+002
5.358690e+001	-8.602237e+001
5.356815e+001	-9.140381e+001
5.356698e+001	-9.611312e+001
5.370657e+001	-9.544387e+001
5.374060e+001	-9.880826e+001
5.400333e+001	-9.343321e+001
5.419569e+001	-9.074713e+001
5.407138e+001	-1.001622e+002
5.389429e+001	-1.115944e+002
5.380517e+001	-1.196650e+002
5.406790e+001	-1.142897e+002
5.426026e+001	-1.116036e+002
5.464615e+001	-1.015221e+002
5.499684e+001	-9.278557e+001
5.517161e+001	-9.077183e+001
5.543435e+001	-8.539656e+001
5.546838e+001	-8.876096e+001
5.516814e+001	-1.048991e+002
5.521976e+001	-1.075914e+002
5.542971e+001	-1.042329e+002
5.541096e+001	-1.096144e+002
5.546258e+001	-1.123066e+002
5.569012e+001	-1.082761e+002
5.581212e+001	-1.082792e+002
5.570540e+001	-1.170221e+002
5.616165e+001	-1.042515e+002
5.626605e+001	-1.049269e+002
5.619452e+001	-1.123252e+002
5.612299e+001	-1.197237e+002
5.626257e+001	-1.190544e+002
5.645493e+001	-1.163683e+002
5.673526e+001	-1.103207e+002
5.703318e+001	-1.036010e+002
5.736628e+001	-9.553651e+001
5.717160e+001	-1.076408e+002
5.746952e+001	-1.009210e+002
5.776744e+001	-9.420108e+001
5.771350e+001	-1.009272e+002
5.739567e+001	-1.177375e+002
5.737692e+001	-1.231189e+002
5.760446e+001	-1.190884e+002
5.758571e+001	-1.244698e+002
5.746141e+001	-1.338849e+002
5.782969e+001	-1.244760e+002
5.837391e+001	-1.083440e+002
5.844313e+001	-1.103639e+002
5.810770e+001	-1.278468e+002
5.787783e+001	-1.412958e+002
5.770075e+001	-1.527277e+002
5.794589e+001	-1.480248e+002
5.833177e+001	-1.379435e+002
5.845376e+001	-1.379466e+002
5.875168e+001	-1.312266e+002
5.915516e+001	-1.204730e+002
5.938270e+001	-1.164424e+002
5.945192e+001	-1.184624e+002
5.964428e+001	-1.157763e+002
5.983664e+001	-1.130902e+002
5.957158e+001	-1.278838e+002
5.939450e+001	-1.393158e+002
5.958686e+001	-1.366297e+002
5.979681e+001	-1.332715e+002
6.002436e+001	-1.292407e+002
6.012876e+001	-1.299161e+002
5.993408e+001	-1.420204e+002
5.979217e+001	-1.521080e+002
5.973824e+001	-1.588340e+002
6.005375e+001	-1.514419e+002
6.035167e+001	-1.447219e+002
6.082552e+001	-1.312791e+002
6.091232e+001	-1.326269e+002
6.052412e+001	-1.521266e+002
6.055814e+001	-1.554910e+002
6.043383e+001	-1.649063e+002
6.032712e+001	-1.736490e+002
6.076578e+001	-1.615509e+002
6.123962e+001	-1.481082e+002
6.129125e+001	-1.508004e+002
6.150120e+001	-1.474420e+002
6.199264e+001	-1.333270e+002
6.169240e+001	-1.494652e+002
6.135698e+001	-1.669478e+002
6.147897e+001	-1.669509e+002
6.174170e+001	-1.615756e+002
6.218036e+001	-1.494776e+002
6.207365e+001	-1.582203e+002
6.212527e+001	-1.609126e+002
6.222967e+001	-1.615880e+002
6.231647e+001	-1.629356e+002
6.240327e+001	-1.642834e+002
6.273638e+001	-1.562189e+002
6.329820e+001	-1.394146e+002
6.359611e+001	-1.326948e+002
6.391162e+001	-1.253028e+002
6.433269e+001	-1.138768e+002
6.457783e+001	-1.091739e+002
6.473501e+001	-1.078323e+002
6.475144e+001	-1.118692e+002
6.489103e+001	-1.112000e+002
6.481950e+001	-1.185982e+002
6.474797e+001	-1.259965e+002
6.453568e+001	-1.387733e+002
6.474564e+001	-1.354149e+002
6.548338e+001	-1.118878e+002
6.644983e+001	-7.962071e+001
6.716999e+001	-5.676570e+001
6.753827e+001	-4.735677e+001
6.734359e+001	-5.946105e+001
6.713131e+001	-7.223789e+001
6.749961e+001	-6.282874e+001
6.793827e+001	-5.073065e+001
6.791952e+001	-5.611209e+001
6.767205e+001	-7.023319e+001
6.765330e+001	-7.561463e+001
6.817993e+001	-6.015501e+001
6.872415e+001	-4.402304e+001
6.859984e+001	-5.343836e+001
6.851072e+001	-6.150898e+001
6.868549e+001	-5.949501e+001
6.887785e+001	-5.680892e+001
6.887668e+001	-6.151824e+001
6.850608e+001	-8.034557e+001
6.864566e+001	-7.967631e+001
6.920747e+001	-6.287198e+001
6.936465e+001	-6.153060e+001
6.962738e+001	-5.615533e+001
6.980216e+001	-5.414137e+001
6.978340e+001	-5.952281e+001
6.932483e+001	-8.171166e+001
6.932367e+001	-8.642076e+001
6.944565e+001	-8.642384e+001
6.949728e+001	-8.911611e+001
6.953130e+001	-9.248073e+001
6.982921e+001	-8.576099e+001
6.993362e+001	-8.643620e+001
7.005561e+001	-8.643929e+001
6.994889e+001	-9.518226e+001
7.000051e+001	-9.787451e+001
7.042158e+001	-8.644855e+001
7.082505e+001	-7.569493e+001
7.110538e+001	-6.964754e+001
7.131533e+001	-6.628910e+001
7.168363e+001	-5.687996e+001
7.231581e+001	-3.738668e+001
7.240261e+001	-3.873425e+001
7.213756e+001	-5.352791e+001
7.187251e+001	-6.832137e+001
7.210005e+001	-6.429080e+001
7.239797e+001	-5.757084e+001
7.246719e+001	-5.959076e+001
7.237806e+001	-6.766138e+001
7.237690e+001	-7.237069e+001
7.267482e+001	-6.565073e+001
7.276162e+001	-6.699851e+001
7.279566e+001	-7.036290e+001
7.281209e+001	-7.439986e+001
7.302204e+001	-7.104142e+001
7.335515e+001	-6.297698e+001
7.352991e+001	-6.096324e+001
7.347598e+001	-6.768917e+001
7.299981e+001	-9.055037e+001
7.269957e+001	-1.066885e+002
7.278638e+001	-1.080361e+002
7.290837e+001	-1.080392e+002
7.329425e+001	-9.795790e+001
7.364495e+001	-8.922111e+001
7.385490e+001	-8.586290e+001
7.394171e+001	-8.721046e+001
7.402851e+001	-8.855825e+001
7.448477e+001	-7.578758e+001
7.485306e+001	-6.637866e+001
7.485190e+001	-7.108775e+001
7.502667e+001	-6.907401e+001
7.530699e+001	-6.302640e+001
7.551695e+001	-5.966796e+001
7.521671e+001	-7.580611e+001
7.502203e+001	-8.791061e+001
7.512642e+001	-8.858605e+001
7.524842e+001	-8.858913e+001
7.554634e+001	-8.186917e+001
7.580907e+001	-7.649390e+001
7.614217e+001	-6.842946e+001
7.615861e+001	-7.246643e+001
7.584078e+001	-8.927670e+001
7.587480e+001	-9.264132e+001
7.608476e+001	-8.928288e+001
7.655861e+001	-7.584008e+001
7.675096e+001	-7.315399e+001
7.694333e+001	-7.046791e+001
7.748755e+001	-5.433593e+001
7.782065e+001	-4.627149e+001
7.766116e+001	-5.703129e+001
7.723776e+001	-7.787566e+001
7.741254e+001	-7.586170e+001
7.760490e+001	-7.317560e+001
7.758615e+001	-7.855706e+001
7.749702e+001	-8.662768e+001
7.747827e+001	-9.200912e+001
7.740674e+001	-9.940739e+001
7.749355e+001	-1.007552e+002
7.800257e+001	-8.596789e+001
7.849402e+001	-7.185275e+001
7.859841e+001	-7.252819e+001
7.849170e+001	-8.127093e+001
7.849054e+001	-8.598025e+001
7.877086e+001	-7.993263e+001
7.919193e+001	-6.850667e+001
7.934911e+001	-6.716528e+001
7.918961e+001	-7.792507e+001
7.939957e+001	-7.456663e+001
7.931045e+001	-8.263725e+001
7.909817e+001	-9.541387e+001
7.914979e+001	-9.810614e+001
7.941252e+001	-9.273087e+001
8.009749e+001	-7.122055e+001
8.051855e+001	-5.979458e+001
8.078129e+001	-5.441931e+001
8.070975e+001	-6.181781e+001
8.083175e+001	-6.182089e+001
8.065466e+001	-7.325282e+001
8.030164e+001	-9.140802e+001
8.024770e+001	-9.813394e+001
8.019377e+001	-1.048598e+002
8.054446e+001	-9.612329e+001
8.085997e+001	-8.873120e+001
8.129864e+001	-7.663287e+001
8.164934e+001	-6.789608e+001
8.194726e+001	-6.117633e+001
8.187573e+001	-6.857461e+001
8.162827e+001	-8.269593e+001
8.164470e+001	-8.673267e+001
8.174909e+001	-8.740811e+001
8.209980e+001	-7.867132e+001
8.209863e+001	-8.338064e+001
8.186876e+001	-9.682961e+001
8.197316e+001	-9.750482e+001
8.225349e+001	-9.145742e+001
8.235789e+001	-9.213265e+001
8.232154e+001	-9.818644e+001
8.203889e+001	-1.136522e+002
8.173866e+001	-1.297904e+002
8.193102e+001	-1.271043e+002
8.217616e+001	-1.224014e+002
8.287871e+001	-1.002187e+002
8.303589e+001	-9.887731e+001
8.303473e+001	-1.035864e+002
8.347339e+001	-9.148831e+001
8.368335e+001	-8.812987e+001
8.354144e+001	-9.821732e+001
8.339954e+001	-1.083048e+002
8.336320e+001	-1.143586e+002
8.380187e+001	-1.022602e+002
8.425812e+001	-8.948979e+001
8.432733e+001	-9.150993e+001
8.402709e+001	-1.076479e+002
8.423704e+001	-1.042896e+002
8.464052e+001	-9.353602e+001
8.465695e+001	-9.757276e+001
8.486690e+001	-9.421455e+001
8.516483e+001	-8.749458e+001
8.497015e+001	-9.959885e+001
8.472269e+001	-1.137202e+002
8.512616e+001	-1.029666e+002
8.537130e+001	-9.826364e+001
8.524700e+001	-1.076787e+002
8.514028e+001	-1.164217e+002
8.506875e+001	-1.238200e+002
8.520833e+001	-1.231509e+002
8.538310e+001	-1.211370e+002
8.561064e+001	-1.171064e+002
8.587337e+001	-1.117311e+002
8.597777e+001	-1.124066e+002
8.609977e+001	-1.124097e+002
8.630972e+001	-1.090512e+002
8.615022e+001	-1.198110e+002
8.618425e+001	-1.231757e+002
8.641180e+001	-1.191449e+002
8.637545e+001	-1.251986e+002
8.651504e+001	-1.245294e+002
8.653146e+001	-1.285664e+002
8.681180e+001	-1.225187e+002
8.702175e+001	-1.191603e+002
8.668633e+001	-1.366431e+002
8.645646e+001	-1.500921e+002
8.638493e+001	-1.574904e+002
8.643654e+001	-1.601827e+002
8.675206e+001	-1.527906e+002
8.734906e+001	-1.346415e+002
8.738309e+001	-1.380061e+002
8.704766e+001	-1.554888e+002
8.724002e+001	-1.528029e+002
8.746757e+001	-1.487721e+002
8.746641e+001	-1.534812e+002
8.758840e+001	-1.534843e+002
8.790391e+001	-1.460922e+002
8.825461e+001	-1.373554e+002
8.839419e+001	-1.366864e+002
8.837544e+001	-1.420678e+002
8.851502e+001	-1.413986e+002
8.868979e+001	-1.393848e+002
8.907568e+001	-1.293033e+002
8.932082e+001	-1.246004e+002
8.891502e+001	-1.447724e+002
8.880831e+001	-1.535152e+002
8.919419e+001	-1.434339e+002
8.940415e+001	-1.400755e+002
8.971966e+001	-1.326834e+002
9.005276e+001	-1.246190e+002
9.005160e+001	-1.293280e+002
9.020877e+001	-1.279866e+002
9.029559e+001	-1.293342e+002
9.029442e+001	-1.340435e+002
9.022289e+001	-1.414418e+002
9.025691e+001	-1.448064e+002
9.039650e+001	-1.441371e+002
9.043053e+001	-1.475018e+002
9.057010e+001	-1.468325e+002
9.085043e+001	-1.407849e+002
9.111317e+001	-1.354096e+002
9.135831e+001	-1.307067e+002
9.135715e+001	-1.354158e+002
9.146154e+001	-1.360912e+002
9.158354e+001	-1.360943e+002
9.154719e+001	-1.421481e+002
9.151085e+001	-1.482017e+002
9.163284e+001	-1.482048e+002
9.157890e+001	-1.549309e+002
9.143699e+001	-1.650184e+002
9.164695e+001	-1.616599e+002
9.210321e+001	-1.488895e+002
9.255946e+001	-1.361190e+002
9.257590e+001	-1.401558e+002
9.232843e+001	-1.542771e+002
9.208097e+001	-1.683984e+002
9.220297e+001	-1.684015e+002
9.246570e+001	-1.630262e+002
9.249973e+001	-1.663906e+002
9.255135e+001	-1.690829e+002
9.260297e+001	-1.717752e+002
9.295366e+001	-1.630386e+002
9.300528e+001	-1.657309e+002
9.314486e+001	-1.650616e+002
9.324926e+001	-1.657370e+002
9.333606e+001	-1.670846e+002
9.351083e+001	-1.650709e+002
9.363283e+001	-1.650740e+002
9.370203e+001	-1.670939e+002
9.359532e+001	-1.758368e+002
9.369972e+001	-1.765123e+002
9.385690e+001	-1.751707e+002
9.420759e+001	-1.664339e+002
9.462866e+001	-1.550081e+002
9.469787e+001	-1.570280e+002
9.485505e+001	-1.556864e+002
9.497704e+001	-1.556895e+002
9.488792e+001	-1.637601e+002
9.462286e+001	-1.785538e+002
9.472726e+001	-1.792293e+002
9.495481e+001	-1.751985e+002
9.497123e+001	-1.792354e+002
9.502286e+001	-1.819277e+002
9.546152e+001	-1.698294e+002
9.558351e+001	-1.698325e+002
9.570550e+001	-1.698355e+002
9.588027e+001	-1.678218e+002
9.626616e+001	-1.577405e+002
9.615944e+001	-1.664833e+002
9.582401e+001	-1.839661e+002
9.575248e+001	-1.913644e+002
9.601521e+001	-1.859891e+002
9.655943e+001	-1.698572e+002
9.692772e+001	-1.604482e+002
9.657471e+001	-1.786032e+002
9.643281e+001	-1.886907e+002
9.667794e+001	-1.839877e+002
9.699345e+001	-1.765957e+002
9.723860e+001	-1.718925e+002
9.743096e+001	-1.692064e+002
9.730665e+001	-1.786218e+002
9.702401e+001	-1.940876e+002
9.688210e+001	-2.041750e+002
9.728558e+001	-1.934214e+002
9.761869e+001	-1.853569e+002
9.782864e+001	-1.819987e+002
9.897101e+001	-1.430086e+002
1.001662e+002	-1.020019e+002
1.005169e+002	-9.326515e+001
1.007268e+002	-8.990670e+001
1.011303e+002	-7.915309e+001
1.014986e+002	-6.974417e+001
1.016558e+002	-6.840255e+001
1.018481e+002	-6.571647e+001
1.018822e+002	-6.908108e+001
1.016523e+002	-8.253006e+001
1.013696e+002	-9.799585e+001
1.015620e+002	-9.530977e+001
1.019655e+002	-8.455615e+001
1.019115e+002	-9.128229e+001
1.019104e+002	-9.599138e+001
1.021027e+002	-9.330529e+001
1.017321e+002	-1.121326e+002
1.016254e+002	-1.208756e+002
1.018881e+002	-1.155003e+002
1.020101e+002	-1.155034e+002
1.022905e+002	-1.094558e+002
1.024301e+002	-1.087865e+002
1.028335e+002	-9.803292e+001
1.031138e+002	-9.198552e+001
1.032886e+002	-8.997156e+001
1.036393e+002	-8.123500e+001
1.037613e+002	-8.123808e+001
1.039713e+002	-7.787963e+001
1.040933e+002	-7.788273e+001
1.041625e+002	-7.990265e+001
1.041437e+002	-8.528409e+001
1.040370e+002	-9.402706e+001
1.038247e+002	-1.068037e+002
1.036652e+002	-1.175635e+002
1.035937e+002	-1.249617e+002
1.037685e+002	-1.229480e+002
1.042247e+002	-1.101776e+002
1.044347e+002	-1.068191e+002
1.046270e+002	-1.041330e+002
1.047138e+002	-1.054806e+002
1.045895e+002	-1.148959e+002
1.046060e+002	-1.189327e+002
1.050094e+002	-1.081790e+002
1.053601e+002	-9.944248e+001
1.053414e+002	-1.048239e+002
1.053578e+002	-1.088607e+002
1.054270e+002	-1.108806e+002
1.054435e+002	-1.149175e+002
1.057590e+002	-1.075254e+002
1.059513e+002	-1.048394e+002
1.061085e+002	-1.034977e+002
1.061074e+002	-1.082068e+002
1.063525e+002	-1.035039e+002
1.065625e+002	-1.001455e+002
1.065085e+002	-1.068716e+002
1.064546e+002	-1.135975e+002
1.068229e+002	-1.041886e+002
1.072087e+002	-9.410735e+001
1.069789e+002	-1.075563e+002
1.069777e+002	-1.122654e+002
1.069414e+002	-1.183192e+002
1.067467e+002	-1.304235e+002
1.067631e+002	-1.344604e+002
1.070610e+002	-1.277405e+002
1.073414e+002	-1.216929e+002
1.074106e+002	-1.237130e+002
1.077261e+002	-1.163207e+002
1.078657e+002	-1.156516e+002
1.079349e+002	-1.176716e+002
1.076347e+002	-1.338097e+002
1.074928e+002	-1.438972e+002
1.076675e+002	-1.418834e+002
1.079127e+002	-1.371805e+002
1.079291e+002	-1.412172e+002
1.081918e+002	-1.358420e+002
1.082786e+002	-1.371898e+002
1.078552e+002	-1.580339e+002
1.077309e+002	-1.674490e+002
1.077122e+002	-1.728305e+002
1.082212e+002	-1.580432e+002
1.089766e+002	-1.338437e+002
1.092217e+002	-1.291408e+002
1.094140e+002	-1.264547e+002
1.095888e+002	-1.244407e+002
1.094117e+002	-1.358729e+002
1.093226e+002	-1.439435e+002
1.090576e+002	-1.587369e+002
1.089860e+002	-1.661354e+002
1.091080e+002	-1.661385e+002
1.093883e+002	-1.600909e+002
1.097742e+002	-1.500096e+002
1.099666e+002	-1.473235e+002
1.100534e+002	-1.486711e+002
1.101930e+002	-1.480021e+002
1.102094e+002	-1.520388e+002
1.104194e+002	-1.486804e+002
1.106645e+002	-1.439775e+002
1.109976e+002	-1.359130e+002
1.114011e+002	-1.251594e+002
1.115583e+002	-1.238180e+002
1.110293e+002	-1.486958e+002
1.107467e+002	-1.641616e+002
1.109566e+002	-1.608034e+002
1.110434e+002	-1.621510e+002
1.113589e+002	-1.547589e+002
1.116041e+002	-1.500560e+002
1.116557e+002	-1.527482e+002
1.118657e+002	-1.493898e+002
1.117765e+002	-1.574604e+002
1.116346e+002	-1.675479e+002
1.120733e+002	-1.554498e+002
1.124416e+002	-1.460406e+002
1.125284e+002	-1.473884e+002
1.127031e+002	-1.453747e+002
1.123677e+002	-1.628573e+002
1.121379e+002	-1.763063e+002
1.124182e+002	-1.702586e+002
1.127689e+002	-1.615219e+002
1.127501e+002	-1.669033e+002
1.129073e+002	-1.655619e+002
1.129238e+002	-1.695986e+002
1.126587e+002	-1.843923e+002
1.127103e+002	-1.870846e+002
1.128147e+002	-1.877600e+002
1.130423e+002	-1.837292e+002
1.134633e+002	-1.723033e+002
1.141483e+002	-1.507932e+002
1.149740e+002	-1.239045e+002
1.155886e+002	-1.050833e+002
1.160800e+002	-9.096818e+001
1.161140e+002	-9.433279e+001
1.158138e+002	-1.104709e+002
1.156191e+002	-1.225752e+002
1.155476e+002	-1.299735e+002
1.158279e+002	-1.239261e+002
1.163194e+002	-1.098109e+002
1.166173e+002	-1.030910e+002
1.171439e+002	-8.763137e+001
1.177057e+002	-7.082726e+001
1.177398e+002	-7.419165e+001
1.176330e+002	-8.293462e+001
1.178254e+002	-8.024853e+001
1.180881e+002	-7.487326e+001
1.181925e+002	-7.554870e+001
1.181562e+002	-8.160250e+001
1.179967e+002	-9.236229e+001
1.177844e+002	-1.051389e+002
1.179064e+002	-1.051420e+002
1.179228e+002	-1.091787e+002
1.180624e+002	-1.085095e+002
1.184835e+002	-9.708374e+001
1.188166e+002	-8.901930e+001
1.188858e+002	-9.103921e+001
1.188495e+002	-9.709300e+001
1.189714e+002	-9.709609e+001
1.188471e+002	-1.065112e+002
1.191275e+002	-1.004636e+002
1.189152e+002	-1.132404e+002
1.187205e+002	-1.253447e+002
1.190536e+002	-1.172803e+002
1.194219e+002	-1.078713e+002
1.191217e+002	-1.240095e+002
1.189094e+002	-1.367861e+002
1.191897e+002	-1.307385e+002
1.198747e+002	-1.092282e+002
1.204893e+002	-9.040701e+001
1.206113e+002	-9.041010e+001
1.209268e+002	-8.301801e+001
1.209960e+002	-8.503791e+001
1.210124e+002	-8.907489e+001
1.213279e+002	-8.168279e+001
1.210981e+002	-9.513176e+001
1.208506e+002	-1.092529e+002
1.207791e+002	-1.166511e+002
1.208483e+002	-1.186713e+002
1.205305e+002	-1.354815e+002
1.206876e+002	-1.341402e+002
1.211967e+002	-1.193527e+002
1.211955e+002	-1.240620e+002
1.211240e+002	-1.314602e+002
1.211404e+002	-1.354970e+002
1.217198e+002	-1.180205e+002
1.224048e+002	-9.651021e+001
1.222805e+002	-1.059253e+002
1.221034e+002	-1.173575e+002
1.217855e+002	-1.341680e+002
1.218020e+002	-1.382047e+002
1.221703e+002	-1.287958e+002
1.225210e+002	-1.200590e+002
1.226606e+002	-1.193897e+002
1.231696e+002	-1.046025e+002
1.235555e+002	-9.452118e+001
1.235543e+002	-9.923027e+001
1.237115e+002	-9.788888e+001
1.241326e+002	-8.646291e+001
1.241842e+002	-8.915518e+001
1.238839e+002	-1.052933e+002
1.235133e+002	-1.241207e+002
1.234946e+002	-1.295021e+002
1.234406e+002	-1.362280e+002
1.236682e+002	-1.321974e+002
1.241596e+002	-1.180823e+002
1.243344e+002	-1.160686e+002
1.243684e+002	-1.194330e+002
1.242969e+002	-1.268314e+002
1.242605e+002	-1.328850e+002
1.246288e+002	-1.234761e+002
1.248740e+002	-1.187732e+002
1.250311e+002	-1.174316e+002
1.251707e+002	-1.167623e+002
1.254159e+002	-1.120594e+002
1.256786e+002	-1.066841e+002
1.257478e+002	-1.087040e+002
1.258522e+002	-1.093795e+002
1.259918e+002	-1.087102e+002
1.259730e+002	-1.140917e+002
1.260950e+002	-1.140948e+002
1.260235e+002	-1.214932e+002
1.261279e+002	-1.221685e+002
1.259156e+002	-1.349453e+002
1.257385e+002	-1.463772e+002
1.259309e+002	-1.436911e+002
1.263344e+002	-1.329375e+002
1.266147e+002	-1.268901e+002
1.270710e+002	-1.141195e+002
1.270522e+002	-1.195009e+002
1.272797e+002	-1.154703e+002
1.277712e+002	-1.013552e+002
1.284210e+002	-8.118956e+001
1.288244e+002	-7.043594e+001
1.289640e+002	-6.976669e+001
1.292971e+002	-6.170223e+001
1.295599e+002	-5.632697e+001
1.299985e+002	-4.422887e+001
1.303140e+002	-3.683678e+001
1.302073e+002	-4.557953e+001
1.300830e+002	-5.499485e+001
1.300995e+002	-5.903159e+001
1.300279e+002	-6.642986e+001
1.301675e+002	-6.576082e+001
1.302719e+002	-6.643603e+001
1.301124e+002	-7.719583e+001
1.301288e+002	-8.123280e+001
1.303564e+002	-7.720201e+001
1.313052e+002	-4.560732e+001
1.320782e+002	-2.073569e+001
1.319363e+002	-3.082314e+001
1.318823e+002	-3.754906e+001
1.320043e+002	-3.755215e+001
1.320207e+002	-4.158911e+001
1.320196e+002	-4.629820e+001
1.317193e+002	-6.243635e+001
1.318237e+002	-6.311179e+001
1.323680e+002	-4.697982e+001
1.327890e+002	-3.555385e+001
1.329638e+002	-3.354011e+001
1.329450e+002	-3.892156e+001
1.331198e+002	-3.690781e+001
1.332594e+002	-3.623856e+001
1.331527e+002	-4.498130e+001
1.330812e+002	-5.237978e+001
1.332735e+002	-4.969370e+001
1.333251e+002	-5.238596e+001
1.333768e+002	-5.507823e+001
1.336395e+002	-4.970296e+001
1.345356e+002	-2.012510e+001
1.349215e+002	-1.004383e+001
1.347795e+002	-2.013128e+001
1.346201e+002	-3.089108e+001
1.347420e+002	-3.089417e+001
1.346881e+002	-3.762008e+001
1.341240e+002	-6.384260e+001
1.338589e+002	-7.863627e+001
1.344735e+002	-5.981513e+001
1.352816e+002	-3.359878e+001
1.355268e+002	-2.889587e+001
1.353849e+002	-3.898332e+001
1.353837e+002	-4.369241e+001
1.355937e+002	-4.033397e+001
1.358740e+002	-3.428658e+001
1.363126e+002	-2.218826e+001
1.362587e+002	-2.891440e+001
1.359761e+002	-4.438020e+001
1.357638e+002	-5.715682e+001
1.356395e+002	-6.657192e+001
1.359022e+002	-6.119665e+001
1.362881e+002	-5.111538e+001
1.362166e+002	-5.851365e+001
1.364793e+002	-5.313839e+001
1.369180e+002	-4.104029e+001
1.372511e+002	-3.297585e+001
1.373555e+002	-3.365129e+001
1.374423e+002	-3.499885e+001
1.375994e+002	-3.365747e+001
1.377390e+002	-3.298820e+001
1.378082e+002	-3.500812e+001
1.378599e+002	-3.770038e+001
1.379642e+002	-3.837582e+001
1.382094e+002	-3.367291e+001
1.381379e+002	-4.107118e+001
1.383302e+002	-3.838509e+001
1.381883e+002	-4.847253e+001
1.380112e+002	-5.990468e+001
1.385203e+002	-4.511718e+001
1.388358e+002	-3.772509e+001
1.387818e+002	-4.445123e+001
1.389566e+002	-4.243749e+001
1.394129e+002	-2.966683e+001
1.397108e+002	-2.294709e+001
1.397800e+002	-2.496700e+001
1.393566e+002	-4.581115e+001
1.394962e+002	-4.514189e+001
1.398469e+002	-3.640531e+001
1.397226e+002	-4.582042e+001
1.395103e+002	-5.859704e+001
1.394564e+002	-6.532318e+001
1.393672e+002	-7.339380e+001
1.397003e+002	-6.532935e+001
1.400686e+002	-5.592022e+001
1.401203e+002	-5.861248e+001
1.402071e+002	-5.996026e+001
1.408392e+002	-4.046677e+001
1.410140e+002	-3.845303e+001
1.408017e+002	-5.122965e+001
1.408885e+002	-5.257744e+001
1.412216e+002	-4.451300e+001
1.412205e+002	-4.922209e+001
1.411666e+002	-5.594801e+001
1.415700e+002	-4.519439e+001
1.418504e+002	-3.914700e+001
1.422538e+002	-2.839338e+001
1.424638e+002	-2.503494e+001
1.421987e+002	-3.982861e+001
1.422152e+002	-4.386535e+001
1.425834e+002	-3.445643e+001
1.426879e+002	-3.513165e+001
1.425108e+002	-4.656380e+001
1.422105e+002	-6.270195e+001
1.423149e+002	-6.337739e+001
1.427184e+002	-5.262377e+001
1.429108e+002	-4.993768e+001
1.429272e+002	-5.397442e+001
1.429612e+002	-5.733903e+001
1.431536e+002	-5.465295e+001
1.433284e+002	-5.263921e+001
1.440309e+002	-3.045653e+001
1.444696e+002	-1.835844e+001
1.441693e+002	-3.449659e+001
1.439746e+002	-4.660086e+001
1.436920e+002	-6.206666e+001
1.437436e+002	-6.475891e+001
1.439360e+002	-6.207283e+001
1.441284e+002	-5.938675e+001
1.441096e+002	-6.476818e+001
1.439853e+002	-7.418351e+001
1.440369e+002	-7.687576e+001
1.442293e+002	-7.418968e+001
1.443864e+002	-7.284807e+001
1.445612e+002	-7.083432e+001
1.446304e+002	-7.285424e+001
1.448052e+002	-7.084050e+001
1.454198e+002	-5.201935e+001
1.458584e+002	-3.992126e+001
1.458925e+002	-4.328566e+001
1.459089e+002	-4.732261e+001
1.458902e+002	-5.270406e+001
1.463112e+002	-4.127809e+001
1.464508e+002	-4.060883e+001
1.462385e+002	-5.338546e+001
1.464661e+002	-4.935488e+001
1.464825e+002	-5.339162e+001
1.468332e+002	-4.465506e+001
1.470256e+002	-4.196897e+001
1.472531e+002	-3.793818e+001
1.475158e+002	-3.256291e+001
1.475675e+002	-3.525518e+001
1.473024e+002	-5.004885e+001
1.473892e+002	-5.139642e+001
1.475112e+002	-5.139950e+001
1.473869e+002	-6.081483e+001
1.474561e+002	-6.283474e+001
1.476309e+002	-6.082100e+001
1.477177e+002	-6.216857e+001
1.481212e+002	-5.141495e+001
1.486126e+002	-3.730003e+001
1.488929e+002	-3.125241e+001
1.488918e+002	-3.596150e+001
1.490314e+002	-3.529224e+001
1.491006e+002	-3.731238e+001
1.489938e+002	-4.605512e+001
1.487112e+002	-6.152092e+001
1.487980e+002	-6.286870e+001
1.490607e+002	-5.749345e+001
1.489716e+002	-6.556407e+001
1.485834e+002	-8.506375e+001
1.485823e+002	-8.977283e+001
1.491793e+002	-7.162403e+001
1.494420e+002	-6.624876e+001
1.493353e+002	-7.499152e+001
1.494749e+002	-7.432247e+001
1.496496e+002	-7.230851e+001
1.499124e+002	-6.693324e+001
1.498760e+002	-7.298703e+001
1.499980e+002	-7.299013e+001
1.503839e+002	-6.290885e+001
1.507698e+002	-5.282759e+001
1.513668e+002	-3.467879e+001
1.516295e+002	-2.930352e+001
1.515756e+002	-3.602944e+001
1.513281e+002	-5.015076e+001
1.513973e+002	-5.217068e+001
1.518184e+002	-4.074471e+001
1.521163e+002	-3.402497e+001
1.523790e+002	-2.864970e+001
1.527297e+002	-1.991291e+001
1.526582e+002	-2.731118e+001
1.526570e+002	-3.202049e+001
1.528142e+002	-3.067888e+001
1.526723e+002	-4.076633e+001
1.528119e+002	-4.009729e+001
1.535672e+002	-1.589779e+001
1.541994e+002	3.595698e+000
1.542159e+002	-4.410333e-001
1.537573e+002	-2.262988e+001
1.537385e+002	-2.801132e+001
1.538605e+002	-2.801441e+001
1.537186e+002	-3.810186e+001
1.539462e+002	-3.407129e+001
1.539802e+002	-3.743591e+001
1.537327e+002	-5.155701e+001
1.536436e+002	-5.962763e+001
1.538008e+002	-5.828624e+001
1.542218e+002	-4.686027e+001
1.541503e+002	-5.425854e+001
1.540964e+002	-6.098468e+001
1.540776e+002	-6.636613e+001
1.542524e+002	-6.435216e+001
1.546911e+002	-5.225407e+001
1.552880e+002	-3.410527e+001
1.553573e+002	-3.612518e+001
1.553561e+002	-4.083427e+001
1.556012e+002	-3.613136e+001
1.558112e+002	-3.277292e+001
1.558980e+002	-3.412071e+001
1.559320e+002	-3.748532e+001
1.560364e+002	-3.816054e+001
1.559121e+002	-4.757585e+001
1.557878e+002	-5.699096e+001
1.558394e+002	-5.968322e+001
1.561901e+002	-5.094643e+001
1.561538e+002	-5.700021e+001
1.562406e+002	-5.834800e+001
1.564505e+002	-5.498956e+001
1.567836e+002	-4.692512e+001
1.570112e+002	-4.289456e+001
1.569924e+002	-4.827578e+001
1.571320e+002	-4.760674e+001
1.572364e+002	-4.828195e+001
1.575871e+002	-3.954538e+001
1.579378e+002	-3.080859e+001
1.580598e+002	-3.081168e+001
1.581994e+002	-3.014241e+001
1.582862e+002	-3.149020e+001
1.583202e+002	-3.485482e+001
1.587589e+002	-2.275650e+001
1.592327e+002	-9.313703e+000
1.591084e+002	-1.872902e+001
1.584035e+002	-5.032989e+001
1.582265e+002	-6.176181e+001
1.585244e+002	-5.504207e+001
1.585408e+002	-5.907881e+001
1.585045e+002	-6.513260e+001
1.588728e+002	-5.572368e+001
1.592234e+002	-4.698689e+001
1.593982e+002	-4.497315e+001
1.589748e+002	-6.581730e+001
1.592024e+002	-6.178651e+001
1.596762e+002	-4.834372e+001
1.598510e+002	-4.632998e+001
1.599378e+002	-4.767777e+001
1.603765e+002	-3.557945e+001
1.606392e+002	-3.020418e+001
1.607260e+002	-3.155197e+001
1.606193e+002	-4.029493e+001
1.604774e+002	-5.038239e+001
1.604762e+002	-5.509148e+001
1.610556e+002	-3.761503e+001
1.613535e+002	-3.089507e+001
1.609829e+002	-4.972239e+001
1.610697e+002	-5.106996e+001
1.614204e+002	-4.233338e+001
1.615424e+002	-4.233647e+001
1.617348e+002	-3.965038e+001
1.616633e+002	-4.704866e+001
1.620316e+002	-3.763973e+001
1.625582e+002	-2.217989e+001
1.627154e+002	-2.083849e+001
1.628197e+002	-2.151393e+001
1.628362e+002	-2.555068e+001
1.625008e+002	-4.303353e+001
1.624292e+002	-5.043180e+001
1.627271e+002	-4.371183e+001
1.629371e+002	-4.035362e+001
1.628304e+002	-4.909636e+001
1.627237e+002	-5.783933e+001
1.627929e+002	-5.985924e+001
1.630732e+002	-5.381164e+001
1.634239e+002	-4.507506e+001
1.635811e+002	-4.373345e+001
1.638438e+002	-3.835818e+001
1.635612e+002	-5.382398e+001
1.632785e+002	-6.929001e+001
1.633301e+002	-7.198227e+001
1.637688e+002	-5.988395e+001
1.641019e+002	-5.181951e+001
1.645582e+002	-3.904906e+001
1.646626e+002	-3.972450e+001
1.645734e+002	-4.779512e+001
1.645195e+002	-5.452104e+001
1.644656e+002	-6.124719e+001
1.646227e+002	-5.990557e+001
1.646744e+002	-6.259784e+001
1.647788e+002	-6.327328e+001
1.650239e+002	-5.857036e+001
1.652338e+002	-5.521192e+001
1.657077e+002	-4.176913e+001
1.659352e+002	-3.773856e+001
1.655118e+002	-5.858272e+001
1.650181e+002	-8.211604e+001
1.652105e+002	-7.942996e+001
1.656491e+002	-6.733164e+001
1.661054e+002	-5.456119e+001
1.667200e+002	-3.574004e+001
1.670355e+002	-2.834795e+001
1.669815e+002	-3.507408e+001
1.669980e+002	-3.911083e+001
1.671200e+002	-3.911392e+001
1.669429e+002	-5.054606e+001
1.670825e+002	-4.987680e+001
1.676795e+002	-3.172801e+001
1.680302e+002	-2.299120e+001
1.678355e+002	-3.509570e+001
1.676408e+002	-4.719997e+001
1.676396e+002	-5.190907e+001
1.678496e+002	-4.855064e+001
1.679012e+002	-5.124290e+001
1.680056e+002	-5.191833e+001
1.681980e+002	-4.923224e+001
1.683376e+002	-4.856298e+001
1.686179e+002	-4.251559e+001
1.685112e+002	-5.125833e+001
1.680878e+002	-7.210271e+001
1.679811e+002	-8.084546e+001
1.685429e+002	-6.404136e+001
1.689112e+002	-5.463222e+001
1.691915e+002	-4.858460e+001
1.695598e+002	-3.917568e+001
1.698049e+002	-3.447277e+001
1.699797e+002	-3.245903e+001
1.698554e+002	-4.187413e+001
1.695375e+002	-5.868463e+001
1.691845e+002	-7.683960e+001
1.690778e+002	-8.558257e+001
1.698156e+002	-6.205519e+001
1.702542e+002	-4.995710e+001
1.706577e+002	-3.920348e+001
1.713426e+002	-1.769315e+001
1.715350e+002	-1.500706e+001
1.716746e+002	-1.433780e+001
1.714447e+002	-2.778677e+001
1.712676e+002	-3.921892e+001
1.710202e+002	-5.334025e+001
1.708959e+002	-6.275534e+001
1.712818e+002	-5.267407e+001
1.717556e+002	-3.923128e+001
1.718248e+002	-4.125119e+001
1.721755e+002	-3.251462e+001
1.720512e+002	-4.192972e+001
1.719269e+002	-5.134481e+001
1.717674e+002	-6.210461e+001
1.719246e+002	-6.076321e+001
1.719586e+002	-6.412783e+001
1.723445e+002	-5.404634e+001
1.727128e+002	-4.463743e+001
1.728524e+002	-4.396816e+001
1.729216e+002	-4.598808e+001
1.733602e+002	-3.388997e+001
1.732711e+002	-4.196059e+001
1.730588e+002	-5.473723e+001
1.732336e+002	-5.272349e+001
1.737602e+002	-3.726386e+001
1.735655e+002	-4.936813e+001
1.731949e+002	-6.819546e+001
1.734225e+002	-6.416489e+001
1.739491e+002	-4.870504e+001
1.742118e+002	-4.333000e+001
1.740523e+002	-5.408957e+001
1.741040e+002	-5.678184e+001
1.741380e+002	-6.014645e+001
1.745942e+002	-4.737601e+001
1.749977e+002	-3.662239e+001
1.749790e+002	-4.200383e+001
1.748898e+002	-5.007445e+001
1.750470e+002	-4.873284e+001
1.755209e+002	-3.529027e+001
1.758716e+002	-2.655347e+001
1.760991e+002	-2.252268e+001
1.760452e+002	-2.924883e+001
1.756042e+002	-5.076533e+001
1.757262e+002	-5.076842e+001
1.763760e+002	-3.060257e+001
1.763924e+002	-3.463954e+001
1.761449e+002	-4.876063e+001
1.760206e+002	-5.817596e+001
1.761602e+002	-5.750669e+001
1.762646e+002	-5.818213e+001
1.762986e+002	-6.154675e+001
1.764558e+002	-6.020514e+001
1.767361e+002	-5.415752e+001
1.770165e+002	-4.811013e+001
1.775255e+002	-3.332263e+001
1.779642e+002	-2.122454e+001
1.779454e+002	-2.660598e+001
1.776979e+002	-4.072729e+001
1.777848e+002	-4.207487e+001
1.781706e+002	-3.199360e+001
1.780991e+002	-3.939186e+001
1.780804e+002	-4.477331e+001
1.783431e+002	-3.939804e+001
1.785354e+002	-3.671196e+001
1.783583e+002	-4.814409e+001
1.782692e+002	-5.621471e+001
1.783736e+002	-5.688994e+001
1.786012e+002	-5.285936e+001
1.785648e+002	-5.891315e+001
1.786868e+002	-5.891624e+001
1.792310e+002	-4.278427e+001
1.795641e+002	-3.471983e+001
1.793871e+002	-4.615176e+001
1.790516e+002	-6.363460e+001
1.789625e+002	-7.170523e+001
1.792604e+002	-6.498525e+001
1.795759e+002	-5.759316e+001
1.795924e+002	-6.163013e+001
1.798903e+002	-5.491016e+001
1.799595e+002	-5.693008e+001
1.798704e+002	-6.500071e+001
1.797461e+002	-7.441602e+001
1.797273e+002	-7.979746e+001
1.800428e+002	-7.240537e+001
1.806222e+002	-5.492869e+001
1.810961e+002	-4.148590e+001
1.814468e+002	-3.274933e+001
1.810938e+002	-5.090431e+001
1.806176e+002	-7.376528e+001
1.811794e+002	-5.696096e+001
1.817588e+002	-3.948451e+001
1.821447e+002	-2.940324e+001
1.821611e+002	-3.343998e+001
1.823711e+002	-3.008177e+001
1.826690e+002	-2.336180e+001
1.825095e+002	-3.412160e+001
1.819102e+002	-6.168881e+001
1.823489e+002	-4.959049e+001
1.828931e+002	-3.345852e+001
1.829095e+002	-3.749548e+001
1.828028e+002	-4.623823e+001
1.825553e+002	-6.035954e+001
1.823607e+002	-7.246404e+001
1.827465e+002	-6.238255e+001
1.826222e+002	-7.179787e+001
1.824627e+002	-8.255766e+001
1.827958e+002	-7.449322e+001
1.830762e+002	-6.844560e+001
1.832509e+002	-6.643187e+001
1.834609e+002	-6.307344e+001
1.836532e+002	-6.038735e+001
1.837049e+002	-6.307960e+001
1.833694e+002	-8.056245e+001
1.831572e+002	-9.333908e+001
1.834023e+002	-8.863616e+001
1.839465e+002	-7.250419e+001
1.841037e+002	-7.116258e+001
1.844368e+002	-6.309813e+001
1.849458e+002	-4.831086e+001
1.848391e+002	-5.705362e+001
1.847500e+002	-6.512423e+001
1.852063e+002	-5.235378e+001
1.856273e+002	-4.092804e+001
1.860484e+002	-2.950207e+001
1.861352e+002	-3.084963e+001
1.860637e+002	-3.824812e+001
1.859569e+002	-4.699087e+001
1.859382e+002	-5.237231e+001
1.857435e+002	-6.447681e+001
1.857072e+002	-7.053038e+001
1.854069e+002	-8.666853e+001
1.851243e+002	-1.021343e+002
1.854574e+002	-9.407011e+001
1.859664e+002	-7.928261e+001
1.863523e+002	-6.920134e+001
1.865095e+002	-6.785973e+001
1.867898e+002	-6.181234e+001
1.869998e+002	-5.845390e+001
1.869986e+002	-6.316299e+001
1.869447e+002	-6.988914e+001
1.873833e+002	-5.779081e+001
1.880155e+002	-3.829754e+001
1.882607e+002	-3.359440e+001
1.880836e+002	-4.502655e+001
1.878537e+002	-5.847552e+001
1.879933e+002	-5.780626e+001
1.885023e+002	-4.301898e+001
1.889058e+002	-3.226537e+001
1.886407e+002	-4.705881e+001
1.883933e+002	-6.118014e+001
1.886912e+002	-5.446017e+001
1.889891e+002	-4.774043e+001
1.889880e+002	-5.244952e+001
1.893211e+002	-4.438508e+001
1.893727e+002	-4.707735e+001
1.894067e+002	-5.044196e+001
1.893704e+002	-5.649575e+001
1.892812e+002	-6.456636e+001
1.898958e+002	-4.574521e+001
1.902641e+002	-3.633608e+001
1.901046e+002	-4.709588e+001
1.902618e+002	-4.575448e+001
1.902079e+002	-5.248041e+001
1.902243e+002	-5.651736e+001
1.906981e+002	-4.307457e+001
1.906970e+002	-4.778366e+001
1.907134e+002	-5.182041e+001
1.906419e+002	-5.921890e+001
1.905703e+002	-6.661716e+001
1.909562e+002	-5.653590e+001
1.914125e+002	-4.376545e+001
1.918336e+002	-3.233948e+001
1.919907e+002	-3.099787e+001
1.916729e+002	-4.780837e+001
1.914254e+002	-6.192969e+001
1.916882e+002	-5.655443e+001
1.921796e+002	-4.243928e+001
1.924600e+002	-3.639166e+001
1.925468e+002	-3.773945e+001
1.927743e+002	-3.370866e+001
1.930370e+002	-2.833340e+001
1.933173e+002	-2.228601e+001
1.932986e+002	-2.766745e+001
1.932623e+002	-3.372102e+001
1.933667e+002	-3.439646e+001
1.935414e+002	-3.238272e+001
1.936810e+002	-3.171346e+001
1.938734e+002	-2.902737e+001
1.938898e+002	-3.306433e+001
1.938007e+002	-4.113495e+001
1.936236e+002	-5.256688e+001
1.937280e+002	-5.324231e+001
1.934805e+002	-6.736364e+001
1.934442e+002	-7.341721e+001
1.935838e+002	-7.274816e+001
1.938817e+002	-6.602820e+001
1.940037e+002	-6.603128e+001
1.936507e+002	-8.418627e+001
1.937199e+002	-8.620640e+001
1.940002e+002	-8.015878e+001
1.945972e+002	-6.200998e+001
1.949479e+002	-5.327319e+001
1.948764e+002	-6.067147e+001
1.951039e+002	-5.664089e+001
1.951555e+002	-5.933316e+001
1.951896e+002	-6.269756e+001
1.955227e+002	-5.463311e+001
1.957502e+002	-5.060254e+001
1.958722e+002	-5.060563e+001
1.960294e+002	-4.926402e+001
1.960810e+002	-5.195628e+001
1.961854e+002	-5.263172e+001
1.962370e+002	-5.532399e+001
1.965349e+002	-4.860425e+001
1.966393e+002	-4.927946e+001
1.967965e+002	-4.793807e+001
1.966722e+002	-5.735317e+001
1.964599e+002	-7.013002e+001
1.970569e+002	-5.198099e+001
1.970382e+002	-5.736243e+001
1.970194e+002	-6.274388e+001
1.970886e+002	-6.476402e+001
1.972810e+002	-6.207793e+001
1.978780e+002	-4.392913e+001
1.982287e+002	-3.519234e+001
1.981396e+002	-4.326296e+001
1.982615e+002	-4.326604e+001
1.982252e+002	-4.931961e+001
1.980833e+002	-5.940728e+001
1.980821e+002	-6.411638e+001
1.982569e+002	-6.210264e+001
1.985900e+002	-5.403819e+001
1.988352e+002	-4.933505e+001
1.990275e+002	-4.664897e+001
1.988152e+002	-5.942580e+001
1.988493e+002	-6.279020e+001
1.991120e+002	-5.741494e+001
1.991636e+002	-6.010720e+001
1.996727e+002	-4.531992e+001
1.998474e+002	-4.330619e+001
1.997935e+002	-5.003211e+001
1.996692e+002	-5.944743e+001
1.994041e+002	-7.424088e+001
1.994733e+002	-7.626080e+001
1.999648e+002	-6.214587e+001
2.004034e+002	-5.004756e+001
2.002264e+002	-6.147970e+001
2.003307e+002	-6.215514e+001
2.006814e+002	-5.341834e+001
2.007507e+002	-5.543825e+001
2.010838e+002	-4.737381e+001
2.012058e+002	-4.737690e+001
2.012398e+002	-5.074152e+001
2.010803e+002	-6.150131e+001
2.012375e+002	-6.015970e+001
2.015354e+002	-5.343996e+001
2.018509e+002	-4.604787e+001
2.016386e+002	-5.882449e+001
2.016199e+002	-6.420593e+001
2.019178e+002	-5.748596e+001
2.020398e+002	-5.748905e+001
2.020210e+002	-6.287050e+001
2.020902e+002	-6.489064e+001
2.022826e+002	-6.220455e+001
2.024925e+002	-5.884611e+001
2.026849e+002	-5.616002e+001
2.028949e+002	-5.280158e+001
2.028409e+002	-5.952772e+001
2.028398e+002	-6.423682e+001
2.032257e+002	-5.415555e+001
2.033300e+002	-5.483076e+001
2.035224e+002	-5.214467e+001
2.034509e+002	-5.954317e+001
2.033618e+002	-6.761379e+001
2.035365e+002	-6.559982e+001
2.037641e+002	-6.156926e+001
2.038333e+002	-6.358917e+001
2.039025e+002	-6.560909e+001
2.045523e+002	-4.544346e+001
2.050085e+002	-3.267302e+001
2.047259e+002	-4.813882e+001
2.045840e+002	-5.822626e+001
2.049347e+002	-4.948947e+001
2.048983e+002	-5.554326e+001
2.047916e+002	-6.428623e+001
2.049312e+002	-6.361697e+001
2.048948e+002	-6.967076e+001
2.047705e+002	-7.908586e+001
2.048573e+002	-8.043365e+001
2.051729e+002	-7.304155e+001
2.055236e+002	-6.430476e+001
2.055224e+002	-6.901384e+001
2.054685e+002	-7.573999e+001
2.056432e+002	-7.372603e+001
2.062402e+002	-5.557723e+001
2.065909e+002	-4.684043e+001
2.065194e+002	-5.423893e+001
2.065358e+002	-5.827568e+001
2.067282e+002	-5.558959e+001
2.067446e+002	-5.962655e+001
2.066203e+002	-6.904164e+001
2.067071e+002	-7.038943e+001
2.071106e+002	-5.963581e+001
2.072150e+002	-6.031103e+001
2.076009e+002	-5.022976e+001
2.080747e+002	-3.678696e+001
2.084958e+002	-2.536122e+001
2.084418e+002	-3.208713e+001
2.084759e+002	-3.545175e+001
2.085275e+002	-3.814402e+001
2.084384e+002	-4.621463e+001
2.083668e+002	-5.361290e+001
2.087351e+002	-4.420399e+001
2.089275e+002	-4.151790e+001
2.087680e+002	-5.227747e+001
2.089428e+002	-5.026373e+001
2.091351e+002	-4.757764e+001
2.090460e+002	-5.564826e+001
2.095374e+002	-4.153334e+001
2.095714e+002	-4.489773e+001
2.091481e+002	-6.574188e+001
2.091469e+002	-7.045119e+001
2.093744e+002	-6.642041e+001
2.093909e+002	-7.045738e+001
2.094249e+002	-7.382177e+001
2.094413e+002	-7.785873e+001
2.096161e+002	-7.584500e+001
2.100020e+002	-6.576350e+001
2.099832e+002	-7.114494e+001
2.103515e+002	-6.173603e+001
2.109133e+002	-4.493170e+001
2.107186e+002	-5.703620e+001
2.106823e+002	-6.308977e+001
2.110506e+002	-5.368084e+001
2.115244e+002	-4.023805e+001
2.119279e+002	-2.948443e+001
2.116804e+002	-4.360575e+001
2.114858e+002	-5.571003e+001
2.114142e+002	-6.310830e+001
2.115186e+002	-6.378374e+001
2.117638e+002	-5.908082e+001
2.117626e+002	-6.378990e+001
2.114623e+002	-7.992805e+001
2.116723e+002	-7.656961e+001
2.118647e+002	-7.388353e+001
2.123033e+002	-6.178543e+001
2.126188e+002	-5.439334e+001
2.125649e+002	-6.111926e+001
2.124934e+002	-6.851753e+001
2.127033e+002	-6.515931e+001
2.128781e+002	-6.314535e+001
2.131936e+002	-5.575326e+001
2.134387e+002	-5.105034e+001
2.137367e+002	-4.433060e+001
2.137355e+002	-4.903969e+001
2.138927e+002	-4.769808e+001
2.142786e+002	-3.761681e+001
2.145061e+002	-3.358625e+001
2.146281e+002	-3.358934e+001
2.148204e+002	-3.090325e+001
2.148193e+002	-3.561234e+001
2.150292e+002	-3.225390e+001
2.154855e+002	-1.948345e+001
2.153612e+002	-2.889855e+001
2.152193e+002	-3.898622e+001
2.150950e+002	-4.840132e+001
2.149706e+002	-5.781641e+001
2.151278e+002	-5.647502e+001
2.156896e+002	-3.967070e+001
2.160051e+002	-3.227861e+001
2.160392e+002	-3.564322e+001
2.162491e+002	-3.228478e+001
2.163007e+002	-3.497705e+001
2.164931e+002	-3.229096e+001
2.164040e+002	-4.036158e+001
2.162093e+002	-5.246585e+001
2.161202e+002	-6.053646e+001
2.162422e+002	-6.053956e+001
2.165225e+002	-5.449216e+001
2.169963e+002	-4.104937e+001
2.172591e+002	-3.567411e+001
2.171171e+002	-4.576154e+001
2.170104e+002	-5.450451e+001
2.170445e+002	-5.786891e+001
2.172192e+002	-5.585517e+001
2.174116e+002	-5.316908e+001
2.173576e+002	-5.989522e+001
2.174796e+002	-5.989832e+001
2.175137e+002	-6.326271e+001
2.174597e+002	-6.998884e+001
2.175113e+002	-7.268111e+001
2.172815e+002	-8.613008e+001
2.168933e+002	-1.056295e+002
2.171560e+002	-1.002545e+002
2.176298e+002	-8.681170e+001
2.180861e+002	-7.404103e+001
2.189998e+002	-4.379104e+001
2.194912e+002	-2.967590e+001
2.195076e+002	-3.371286e+001
2.195416e+002	-3.707725e+001
2.195933e+002	-3.976952e+001
2.196097e+002	-4.380649e+001
2.194150e+002	-5.591076e+001
2.192907e+002	-6.532608e+001
2.197294e+002	-5.322776e+001
2.201328e+002	-4.247414e+001
2.202724e+002	-4.180510e+001
2.202889e+002	-4.584184e+001
2.202877e+002	-5.055094e+001
2.202514e+002	-5.660473e+001
2.201094e+002	-6.669217e+001
2.201259e+002	-7.072914e+001
2.202303e+002	-7.140435e+001
2.204754e+002	-6.670144e+001
2.208085e+002	-5.863700e+001
2.207898e+002	-6.401844e+001
2.206478e+002	-7.410588e+001
2.209458e+002	-6.738614e+001
2.210854e+002	-6.671688e+001
2.212249e+002	-6.604762e+001
2.213117e+002	-6.739541e+001
2.215393e+002	-6.336462e+001
2.220835e+002	-4.723265e+001
2.223638e+002	-4.118525e+001
2.222923e+002	-4.858352e+001
2.221328e+002	-5.934331e+001
2.220085e+002	-6.875842e+001
2.221305e+002	-6.876150e+001
2.221997e+002	-7.078163e+001
2.222689e+002	-7.280156e+001
2.226548e+002	-6.272028e+001
2.227240e+002	-6.474019e+001
2.226876e+002	-7.079399e+001
2.228448e+002	-6.945238e+001
2.232307e+002	-5.937111e+001
2.238453e+002	-4.054996e+001
2.240201e+002	-3.853622e+001
2.241420e+002	-3.853931e+001
2.239298e+002	-5.131593e+001
2.238582e+002	-5.871420e+001
2.241210e+002	-5.333893e+001
2.245948e+002	-3.989614e+001
2.246288e+002	-4.326075e+001
2.245045e+002	-5.267585e+001
2.245034e+002	-5.738517e+001
2.248541e+002	-4.864837e+001
2.251696e+002	-4.125628e+001
2.248342e+002	-5.873891e+001
2.244811e+002	-7.689388e+001
2.245328e+002	-7.958615e+001
2.246723e+002	-7.891711e+001
2.249878e+002	-7.152479e+001
2.251802e+002	-6.883871e+001
2.252846e+002	-6.951414e+001
2.254594e+002	-6.750041e+001
2.256693e+002	-6.414197e+001
2.257913e+002	-6.414506e+001
2.262124e+002	-5.271909e+001
2.262992e+002	-5.406688e+001
2.262452e+002	-6.079279e+001
2.262441e+002	-6.550210e+001
2.267883e+002	-4.937014e+001
2.270686e+002	-4.332252e+001
2.269971e+002	-5.072079e+001
2.268728e+002	-6.013610e+001
2.268716e+002	-6.484520e+001
2.270992e+002	-6.081441e+001
2.273795e+002	-5.476701e+001
2.275543e+002	-5.275306e+001
2.277818e+002	-4.872249e+001
2.281149e+002	-4.065805e+001
2.280610e+002	-4.738397e+001
2.285524e+002	-3.326904e+001
2.288855e+002	-2.520460e+001
2.287788e+002	-3.394757e+001
2.288656e+002	-3.529513e+001
2.288293e+002	-4.134892e+001
2.288809e+002	-4.404119e+001
2.288797e+002	-4.875029e+001
2.287202e+002	-5.951008e+001
2.287191e+002	-6.421917e+001
2.289466e+002	-6.018861e+001
2.285936e+002	-7.834358e+001
2.281526e+002	-9.986009e+001
2.284681e+002	-9.246800e+001
2.289596e+002	-7.835285e+001
2.293279e+002	-6.894370e+001
2.299952e+002	-4.810573e+001
2.301348e+002	-4.743646e+001
2.301336e+002	-5.214578e+001
2.300973e+002	-5.819935e+001
2.302896e+002	-5.551326e+001
2.308515e+002	-3.870916e+001
2.312022e+002	-2.997237e+001
2.313769e+002	-2.795863e+001
2.311822e+002	-4.006290e+001
2.307061e+002	-6.292411e+001
2.305114e+002	-7.502838e+001
2.308093e+002	-6.830864e+001
2.307730e+002	-7.436221e+001
2.302616e+002	-9.856789e+001
2.308586e+002	-8.041909e+001
2.317723e+002	-5.016888e+001
2.320350e+002	-4.479384e+001
2.316996e+002	-6.227647e+001
2.315225e+002	-7.370861e+001
2.318732e+002	-6.497182e+001
2.322591e+002	-5.489055e+001
2.322931e+002	-5.825494e+001
2.324503e+002	-5.691356e+001
2.328538e+002	-4.615994e+001
2.332045e+002	-3.742314e+001
2.335552e+002	-2.868657e+001
2.335540e+002	-3.339566e+001
2.334649e+002	-4.146629e+001
2.334109e+002	-4.819220e+001
2.333042e+002	-5.693516e+001
2.334790e+002	-5.492143e+001
2.339352e+002	-4.215098e+001
2.343563e+002	-3.072501e+001
2.345311e+002	-2.871127e+001
2.345651e+002	-3.207567e+001
2.342473e+002	-4.888616e+001
2.342109e+002	-5.493996e+001
2.342625e+002	-5.763222e+001
2.341910e+002	-6.503049e+001
2.345593e+002	-5.562135e+001
2.350331e+002	-4.217878e+001
2.353311e+002	-3.545881e+001
2.356466e+002	-2.806672e+001
2.357510e+002	-2.874216e+001
2.353979e+002	-4.689713e+001
2.351857e+002	-5.967376e+001
2.350966e+002	-6.774438e+001
2.350250e+002	-7.514264e+001
2.352877e+002	-6.976738e+001
2.354625e+002	-6.775364e+001
2.357604e+002	-6.103367e+001
2.365510e+002	-3.548969e+001
2.366202e+002	-3.750961e+001
2.364255e+002	-4.961411e+001
2.363364e+002	-5.768473e+001
2.363352e+002	-6.239382e+001
2.364748e+002	-6.172456e+001
2.368255e+002	-5.298776e+001
2.365956e+002	-6.643674e+001
2.367352e+002	-6.576770e+001
2.368748e+002	-6.509844e+001
2.370144e+002	-6.442918e+001
2.374179e+002	-5.367556e+001
2.377157e+002	-4.695581e+001
