    nm         	pN
0.000000e+000	5.452359e+002
5.162842e-002	5.425440e+002
1.528066e-002	5.364901e+002
-3.474196e-003	5.311086e+002
-1.277865e-001	5.216933e+002
-7.617117e-002	5.190009e+002
-6.948392e-003	5.169813e+002
-8.119047e-003	5.122718e+002
-9.276628e-003	5.075627e+002
-6.320858e-002	5.008369e+002
-1.159324e-002	4.981445e+002
-8.312102e-002	4.907463e+002
-3.150568e-002	4.880539e+002
-8.544780e-002	4.813278e+002
-1.042027e-001	4.759462e+002
-1.738551e-002	4.745990e+002
-8.892345e-002	4.672004e+002
-5.489158e-002	4.638361e+002
-3.276960e-003	4.611437e+002
4.835000e-002	4.584517e+002
-1.287476e-001	4.470193e+002
-2.354764e-001	4.382759e+002
-2.366340e-001	4.335668e+002
-2.905660e-001	4.268411e+002
-2.741415e-001	4.228039e+002
-3.456686e-001	4.154057e+002
-4.523967e-001	4.066624e+002
-4.711501e-001	4.012809e+002
-3.843330e-001	3.999337e+002
-3.679078e-001	3.958965e+002
-3.866619e-001	3.905150e+002
-3.702244e-001	3.864783e+002
-4.769417e-001	3.777354e+002
-5.484803e-001	3.703368e+002
-5.672337e-001	3.649553e+002
-4.628338e-001	3.642801e+002
-5.343602e-001	3.568819e+002
-5.179357e-001	3.528447e+002
-4.663080e-001	3.501528e+002
-4.850614e-001	3.447713e+002
-5.214099e-001	3.387175e+002
-4.697837e-001	3.360255e+002
-4.181683e-001	3.333331e+002
-4.897070e-001	3.259345e+002
-3.677113e-001	3.259316e+002
-4.744278e-001	3.171887e+002
-4.755868e-001	3.124796e+002
-4.239591e-001	3.097876e+002
-4.427133e-001	3.044061e+002
-5.670365e-001	2.949904e+002
-5.681948e-001	2.902813e+002
-6.045440e-001	2.842274e+002
-6.936654e-001	2.761569e+002
-6.772286e-001	2.721202e+002
-6.959820e-001	2.667387e+002
-7.851158e-001	2.586678e+002
-8.038699e-001	2.532863e+002
-8.402177e-001	2.472324e+002
-7.885914e-001	2.445404e+002
-7.545705e-001	2.411757e+002
-7.909081e-001	2.351223e+002
-9.152313e-001	2.257065e+002
-9.515797e-001	2.196527e+002
-9.175486e-001	2.162883e+002
-1.006670e+000	2.082178e+002
-1.025424e+000	2.028363e+002
-1.008998e+000	1.987992e+002
-1.115716e+000	1.900562e+002
-1.046506e+000	1.880362e+002
-9.596887e-001	1.866890e+002
-8.904782e-001	1.846690e+002
-8.564463e-001	1.813047e+002
-6.816763e-001	1.833185e+002
-6.300500e-001	1.806265e+002
-5.608396e-001	1.786065e+002
-4.916182e-001	1.765869e+002
-4.400022e-001	1.738945e+002
-4.587556e-001	1.685130e+002
-5.830679e-001	1.590977e+002
-6.194164e-001	1.530439e+002
-5.326108e-001	1.516962e+002
-5.513642e-001	1.463147e+002
-6.052962e-001	1.395890e+002
-6.064662e-001	1.348794e+002
-6.252195e-001	1.294979e+002
-6.791515e-001	1.227722e+002
-7.506902e-001	1.153736e+002
-8.398123e-001	1.073030e+002
-8.585657e-001	1.019215e+002
-7.189749e-001	1.025910e+002
-6.849546e-001	9.922624e+001
-7.564817e-001	9.182808e+001
-8.808057e-001	8.241233e+001
-9.171541e-001	7.635848e+001
-9.183117e-001	7.164939e+001
-8.490904e-001	6.962981e+001
-7.094988e-001	7.029929e+001
-7.106695e-001	6.558975e+001
-7.118285e-001	6.088066e+001
-7.657605e-001	5.415487e+001
-7.141452e-001	5.146247e+001
-5.745536e-001	5.213196e+001
-5.581169e-001	4.809524e+001
-4.889071e-001	4.607522e+001
-5.956237e-001	3.733230e+001
-6.143770e-001	3.195082e+001
-6.859164e-001	2.455221e+001
-6.518839e-001	2.118788e+001
-5.298881e-001	2.118498e+001
-5.134514e-001	1.714827e+001
-5.849908e-001	9.749665e+000
-4.278049e-001	1.109153e+001
-6.224976e-001	-1.013276e+000
-7.292141e-001	-9.756193e+000
-5.896240e-001	-9.086708e+000
-5.907932e-001	-1.379624e+001
-6.447252e-001	-2.052203e+001
-5.931098e-001	-2.321443e+001
-6.118632e-001	-2.859590e+001
-5.602362e-001	-3.128786e+001
-7.021444e-001	-4.137554e+001
-7.736823e-001	-4.877415e+001
-7.924357e-001	-5.415562e+001
-7.584046e-001	-5.751996e+001
-7.419794e-001	-6.155713e+001
-7.079468e-001	-6.492146e+001
-4.452020e-001	-5.954576e+001
-4.639554e-001	-6.492724e+001
-5.178990e-001	-7.165347e+001
-5.014622e-001	-7.569018e+001
-4.674310e-001	-7.905453e+001
-5.213746e-001	-8.578076e+001
-7.336617e-001	-9.855794e+001
-7.524151e-001	-1.039394e+002
-7.359783e-001	-1.079761e+002
-6.315784e-001	-1.086514e+002
-5.095827e-001	-1.086543e+002
-4.403599e-001	-1.106739e+002
-5.294937e-001	-1.187449e+002
-4.778667e-001	-1.214368e+002
-4.262528e-001	-1.241292e+002
-2.162809e-001	-1.207702e+002
-2.350343e-001	-1.261517e+002
-2.713836e-001	-1.322056e+002
-3.429215e-001	-1.396042e+002
-2.737103e-001	-1.416242e+002
-2.396792e-001	-1.449885e+002
-1.000877e-001	-1.443190e+002
-3.087796e-002	-1.463391e+002
1.614981e-001	-1.436524e+002
2.307078e-001	-1.456725e+002
5.814274e-001	-1.369349e+002
1.125670e+000	-1.208020e+002
1.194882e+000	-1.228220e+002
1.123342e+000	-1.302207e+002
1.192565e+000	-1.322402e+002
1.437714e+000	-1.275369e+002
1.630078e+000	-1.248508e+002
1.628921e+000	-1.295598e+002
1.786105e+000	-1.282180e+002
2.013660e+000	-1.241870e+002
2.118061e+000	-1.248623e+002
2.486365e+000	-1.154528e+002
2.625955e+000	-1.147833e+002
2.747951e+000	-1.147862e+002
2.729197e+000	-1.201677e+002
2.640075e+000	-1.282382e+002
2.550941e+000	-1.363092e+002
2.655353e+000	-1.369840e+002
2.865313e+000	-1.336255e+002
2.705811e+000	-1.443855e+002
2.599093e+000	-1.531284e+002
2.580339e+000	-1.585099e+002
2.790300e+000	-1.551514e+002
3.387327e+000	-1.370014e+002
3.843594e+000	-1.242304e+002
4.123933e+000	-1.181823e+002
4.298715e+000	-1.161681e+002
4.649423e+000	-1.074309e+002
5.000131e+000	-9.869380e+001
5.298066e+000	-9.197336e+001
5.420061e+000	-9.197625e+001
5.682806e+000	-8.660055e+001
5.857586e+000	-8.458631e+001
6.032356e+000	-8.257251e+001
6.101578e+000	-8.459209e+001
6.047634e+000	-9.131832e+001
5.817751e+000	-1.047679e+002
5.781415e+000	-1.108213e+002
5.850625e+000	-1.128413e+002
6.166156e+000	-1.054485e+002
6.041832e+000	-1.148642e+002
5.917519e+000	-1.242795e+002
5.863576e+000	-1.310058e+002
5.950393e+000	-1.323530e+002
6.230732e+000	-1.263049e+002
6.546250e+000	-1.189125e+002
6.861781e+000	-1.115197e+002
7.159704e+000	-1.047997e+002
7.422448e+000	-9.942400e+001
7.614823e+000	-9.673737e+001
7.578476e+000	-1.027912e+002
7.594912e+000	-1.068279e+002
7.664123e+000	-1.088480e+002
7.680559e+000	-1.128847e+002
7.538652e+000	-1.229724e+002
7.555089e+000	-1.270091e+002
7.659489e+000	-1.276843e+002
7.605546e+000	-1.344106e+002
7.551602e+000	-1.411368e+002
7.990286e+000	-1.290378e+002
8.323411e+000	-1.209726e+002
8.480585e+000	-1.196312e+002
8.602581e+000	-1.196340e+002
8.794956e+000	-1.169474e+002
9.004916e+000	-1.135889e+002
9.549159e+000	-9.745601e+001
1.014619e+001	-7.930601e+001
1.023299e+001	-8.065366e+001
1.021424e+001	-8.603513e+001
1.037142e+001	-8.469327e+001
1.054619e+001	-8.267946e+001
1.054504e+001	-8.738856e+001
1.045591e+001	-9.545910e+001
1.050753e+001	-9.815150e+001
1.075268e+001	-9.344819e+001
1.106821e+001	-8.605537e+001
1.175320e+001	-6.454393e+001
1.182241e+001	-6.656396e+001
1.187404e+001	-6.925591e+001
1.204881e+001	-6.724211e+001
1.227637e+001	-6.321074e+001
1.245114e+001	-6.119693e+001
1.237961e+001	-6.859509e+001
1.230808e+001	-7.599370e+001
1.227173e+001	-8.204756e+001
1.234095e+001	-8.406714e+001
1.244535e+001	-8.474240e+001
1.270809e+001	-7.936671e+001
1.281250e+001	-8.004199e+001
1.286411e+001	-8.273439e+001
1.302130e+001	-8.139252e+001
1.294976e+001	-8.879113e+001
1.287823e+001	-9.618929e+001
1.292985e+001	-9.888169e+001
1.310463e+001	-9.686745e+001
1.313866e+001	-1.002318e+002
1.327824e+001	-9.956275e+001
1.327708e+001	-1.042718e+002
1.345186e+001	-1.022576e+002
1.350347e+001	-1.049500e+002
1.374864e+001	-1.002462e+002
1.376506e+001	-1.042834e+002
1.395744e+001	-1.015968e+002
1.455445e+001	-8.344724e+001
1.492277e+001	-7.403728e+001
1.481604e+001	-8.278064e+001
1.442782e+001	-1.022807e+002
1.437388e+001	-1.090070e+002
1.446069e+001	-1.103546e+002
1.445953e+001	-1.150637e+002
1.440560e+001	-1.217895e+002
1.465075e+001	-1.170862e+002
1.494867e+001	-1.103662e+002
1.514104e+001	-1.076795e+002
1.515748e+001	-1.117163e+002
1.510354e+001	-1.184425e+002
1.513757e+001	-1.218068e+002
1.508363e+001	-1.285331e+002
1.518803e+001	-1.292083e+002
1.539799e+001	-1.258498e+002
1.560796e+001	-1.224908e+002
1.576514e+001	-1.211489e+002
1.551767e+001	-1.352708e+002
1.555170e+001	-1.386352e+002
1.558572e+001	-1.420000e+002
1.574290e+001	-1.406581e+002
1.590009e+001	-1.393162e+002
1.574059e+001	-1.500763e+002
1.568664e+001	-1.568025e+002
1.566789e+001	-1.621840e+002
1.607138e+001	-1.514297e+002
1.621097e+001	-1.507602e+002
1.603388e+001	-1.621927e+002
1.599753e+001	-1.682465e+002
1.611952e+001	-1.682494e+002
1.641746e+001	-1.615290e+002
1.683855e+001	-1.501023e+002
1.674941e+001	-1.581733e+002
1.683623e+001	-1.595205e+002
1.690544e+001	-1.615405e+002
1.683390e+001	-1.689391e+002
1.670959e+001	-1.783544e+002
1.667324e+001	-1.844083e+002
1.683043e+001	-1.830664e+002
1.719873e+001	-1.736569e+002
1.737351e+001	-1.716426e+002
1.723160e+001	-1.817303e+002
1.710729e+001	-1.911456e+002
1.705335e+001	-1.978719e+002
1.712256e+001	-1.998919e+002
1.740290e+001	-1.938438e+002
1.780639e+001	-1.830895e+002
1.803395e+001	-1.790586e+002
1.789204e+001	-1.891463e+002
1.738067e+001	-2.133526e+002
1.744988e+001	-2.153726e+002
1.774781e+001	-2.086521e+002
1.808093e+001	-2.005874e+002
1.795662e+001	-2.100027e+002
1.779711e+001	-2.207627e+002
1.814783e+001	-2.120252e+002
1.828741e+001	-2.113561e+002
1.851498e+001	-2.073247e+002
1.858419e+001	-2.093447e+002
1.867099e+001	-2.106924e+002
1.923283e+001	-1.938872e+002
1.960113e+001	-1.844776e+002
1.993426e+001	-1.764125e+002
2.003866e+001	-1.770877e+002
2.014306e+001	-1.777630e+002
2.042340e+001	-1.717149e+002
2.075651e+001	-1.636502e+002
2.089610e+001	-1.629807e+002
2.107089e+001	-1.609664e+002
2.129844e+001	-1.569355e+002
2.124450e+001	-1.636617e+002
2.141928e+001	-1.616475e+002
2.150608e+001	-1.629951e+002
2.187440e+001	-1.535852e+002
2.238345e+001	-1.387971e+002
2.250544e+001	-1.387999e+002
2.268022e+001	-1.367862e+002
2.278463e+001	-1.374610e+002
2.255474e+001	-1.509105e+002
2.228968e+001	-1.657044e+002
2.251724e+001	-1.616735e+002
2.277998e+001	-1.562978e+002
2.253252e+001	-1.704193e+002
2.253136e+001	-1.751284e+002
2.295243e+001	-1.637022e+002
2.316241e+001	-1.603432e+002
2.307327e+001	-1.684142e+002
2.333602e+001	-1.630385e+002
2.377470e+001	-1.509395e+002
2.361520e+001	-1.616995e+002
2.347329e+001	-1.717872e+002
2.352492e+001	-1.744791e+002
2.348857e+001	-1.805330e+002
2.378649e+001	-1.738130e+002
2.413721e+001	-1.650754e+002
2.431198e+001	-1.630616e+002
2.450436e+001	-1.603750e+002
2.471432e+001	-1.570164e+002
2.478354e+001	-1.590360e+002
2.481756e+001	-1.624008e+002
2.490436e+001	-1.637484e+002
2.518470e+001	-1.577004e+002
2.502520e+001	-1.684604e+002
2.479533e+001	-1.819095e+002
2.482936e+001	-1.852739e+002
2.509211e+001	-1.798982e+002
2.540763e+001	-1.725058e+002
2.584631e+001	-1.604068e+002
2.579237e+001	-1.671330e+002
2.559767e+001	-1.792378e+002
2.566689e+001	-1.812574e+002
2.559536e+001	-1.886560e+002
2.559420e+001	-1.933651e+002
2.589213e+001	-1.866447e+002
2.599653e+001	-1.873199e+002
2.603057e+001	-1.906843e+002
2.604699e+001	-1.947214e+002
2.595787e+001	-2.027919e+002
2.585114e+001	-2.115353e+002
2.586757e+001	-2.155720e+002
2.577845e+001	-2.236426e+002
2.575970e+001	-2.290240e+002
2.554741e+001	-2.418012e+002
2.570460e+001	-2.404594e+002
2.616087e+001	-2.276884e+002
2.630046e+001	-2.270189e+002
2.628170e+001	-2.324004e+002
2.636852e+001	-2.337476e+002
2.636736e+001	-2.384567e+002
2.634861e+001	-2.438382e+002
2.617151e+001	-2.552706e+002
2.609997e+001	-2.626692e+002
2.632753e+001	-2.586383e+002
2.644952e+001	-2.586412e+002
2.634281e+001	-2.673841e+002
2.637684e+001	-2.707485e+002
2.663958e+001	-2.653727e+002
2.656804e+001	-2.727713e+002
2.632058e+001	-2.868929e+002
2.642498e+001	-2.875681e+002
2.675809e+001	-2.795034e+002
2.710881e+001	-2.707658e+002
2.760027e+001	-2.566501e+002
2.816211e+001	-2.398448e+002
2.853041e+001	-2.304353e+002
2.898669e+001	-2.176639e+002
2.933740e+001	-2.089268e+002
2.970570e+001	-1.995172e+002
2.996844e+001	-1.941416e+002
3.033675e+001	-1.847320e+002
3.051153e+001	-1.827178e+002
3.068631e+001	-1.807035e+002
3.073792e+001	-1.833959e+002
3.084233e+001	-1.840712e+002
3.101711e+001	-1.820570e+002
3.099835e+001	-1.874384e+002
3.119072e+001	-1.847523e+002
3.108400e+001	-1.934952e+002
3.111803e+001	-1.968595e+002
3.139837e+001	-1.908115e+002
3.194261e+001	-1.746786e+002
3.222294e+001	-1.686310e+002
3.232734e+001	-1.693062e+002
3.207987e+001	-1.834278e+002
3.160369e+001	-2.062897e+002
3.112751e+001	-2.291513e+002
3.135506e+001	-2.251203e+002
3.184652e+001	-2.110046e+002
3.205649e+001	-2.076456e+002
3.207291e+001	-2.116828e+002
3.210695e+001	-2.150471e+002
3.229932e+001	-2.123605e+002
3.249169e+001	-2.096743e+002
3.273684e+001	-2.049710e+002
3.294681e+001	-2.016120e+002
3.280489e+001	-2.117001e+002
3.276855e+001	-2.177535e+002
3.294332e+001	-2.157397e+002
3.301254e+001	-2.177593e+002
3.290581e+001	-2.265026e+002
3.315096e+001	-2.217993e+002
3.329055e+001	-2.211298e+002
3.313105e+001	-2.318899e+002
3.300674e+001	-2.413052e+002
3.332227e+001	-2.339124e+002
3.310998e+001	-2.466896e+002
3.280973e+001	-2.628282e+002
3.316044e+001	-2.540911e+002
3.366950e+001	-2.393025e+002
3.394984e+001	-2.332544e+002
3.363199e+001	-2.500655e+002
3.338452e+001	-2.641874e+002
3.345374e+001	-2.662070e+002
3.369889e+001	-2.615037e+002
3.380329e+001	-2.621789e+002
3.408363e+001	-2.561309e+002
3.439915e+001	-2.487385e+002
3.471468e+001	-2.413457e+002
3.499502e+001	-2.352976e+002
3.568001e+001	-2.137862e+002
3.596035e+001	-2.077381e+002
3.611752e+001	-2.063967e+002
3.650343e+001	-1.963143e+002
3.644949e+001	-2.030406e+002
3.651870e+001	-2.050606e+002
3.669348e+001	-2.030463e+002
3.674510e+001	-2.057388e+002
3.660319e+001	-2.158264e+002
3.667241e+001	-2.178460e+002
3.681199e+001	-2.171770e+002
3.675806e+001	-2.239028e+002
3.680967e+001	-2.265951e+002
3.680852e+001	-2.313042e+002
3.675457e+001	-2.380305e+002
3.715806e+001	-2.272762e+002
3.759675e+001	-2.151772e+002
3.761319e+001	-2.192139e+002
3.741849e+001	-2.313187e+002
3.741734e+001	-2.360278e+002
3.759211e+001	-2.340136e+002
3.785486e+001	-2.286379e+002
3.802963e+001	-2.266241e+002
3.806366e+001	-2.299884e+002
3.822085e+001	-2.286465e+002
3.832525e+001	-2.293218e+002
3.839446e+001	-2.313418e+002
3.849886e+001	-2.320171e+002
3.837454e+001	-2.414324e+002
3.840858e+001	-2.447967e+002
3.865373e+001	-2.400934e+002
3.888128e+001	-2.360625e+002
3.912643e+001	-2.313592e+002
3.919565e+001	-2.333788e+002
3.912411e+001	-2.407774e+002
3.899980e+001	-2.501927e+002
3.905142e+001	-2.528850e+002
3.917341e+001	-2.528880e+002
3.940097e+001	-2.488570e+002
3.915350e+001	-2.629785e+002
3.918753e+001	-2.663429e+002
3.937990e+001	-2.636567e+002
3.927318e+001	-2.723996e+002
3.944795e+001	-2.703858e+002
3.948198e+001	-2.737502e+002
3.965676e+001	-2.717359e+002
3.981394e+001	-2.703945e+002
3.968962e+001	-2.798098e+002
3.984681e+001	-2.784679e+002
4.014474e+001	-2.717475e+002
4.009080e+001	-2.784737e+002
3.989611e+001	-2.905785e+002
4.001810e+001	-2.905814e+002
4.035123e+001	-2.825162e+002
4.013894e+001	-2.952933e+002
4.012019e+001	-3.006748e+002
4.034774e+001	-2.966439e+002
4.048733e+001	-2.959744e+002
4.071490e+001	-2.919431e+002
4.078411e+001	-2.939631e+002
4.083573e+001	-2.966555e+002
4.092254e+001	-2.980027e+002
4.081581e+001	-3.067460e+002
4.077947e+001	-3.127999e+002
4.088388e+001	-3.134747e+002
4.109384e+001	-3.101162e+002
4.123343e+001	-3.094467e+002
4.121467e+001	-3.148281e+002
4.138944e+001	-3.128143e+002
4.138828e+001	-3.175234e+002
4.122878e+001	-3.282835e+002
4.136837e+001	-3.276140e+002
4.173668e+001	-3.182045e+002
4.206980e+001	-3.101393e+002
4.226217e+001	-3.074531e+002
4.240175e+001	-3.067836e+002
4.236541e+001	-3.128375e+002
4.248740e+001	-3.128404e+002
4.243347e+001	-3.195662e+002
4.230915e+001	-3.289819e+002
4.246633e+001	-3.276400e+002
4.262352e+001	-3.262982e+002
4.285107e+001	-3.222672e+002
4.313141e+001	-3.162191e+002
4.300710e+001	-3.256344e+002
4.332262e+001	-3.182421e+002
4.457060e+001	-2.752163e+002
4.566025e+001	-2.382415e+002
4.634524e+001	-2.167301e+002
4.674873e+001	-2.059758e+002
4.718742e+001	-1.938767e+002
4.762610e+001	-1.817777e+002
4.771291e+001	-1.831254e+002
4.743025e+001	-1.985916e+002
4.730594e+001	-2.080069e+002
4.765665e+001	-1.992698e+002
4.776105e+001	-1.999450e+002
4.774229e+001	-2.053265e+002
4.818098e+001	-1.932275e+002
4.874282e+001	-1.764223e+002
4.875925e+001	-1.804590e+002
4.872291e+001	-1.865128e+002
4.895046e+001	-1.824819e+002
4.893171e+001	-1.878634e+002
4.887776e+001	-1.945896e+002
4.901735e+001	-1.939201e+002
4.906898e+001	-1.966121e+002
4.922615e+001	-1.952707e+002
4.938334e+001	-1.939288e+002
4.945255e+001	-1.959488e+002
4.922268e+001	-2.093979e+002
4.895762e+001	-2.241918e+002
4.911479e+001	-2.228504e+002
4.943032e+001	-2.154576e+002
4.990420e+001	-2.020138e+002
5.002619e+001	-2.020167e+002
4.993706e+001	-2.100877e+002
4.975996e+001	-2.215201e+002
4.996993e+001	-2.181611e+002
4.991599e+001	-2.248873e+002
4.980927e+001	-2.336303e+002
5.003682e+001	-2.295993e+002
4.987732e+001	-2.403594e+002
5.022803e+001	-2.316222e+002
5.022687e+001	-2.363313e+002
5.006737e+001	-2.470914e+002
5.043567e+001	-2.376818e+002
5.099751e+001	-2.208766e+002
5.150656e+001	-2.060885e+002
5.152300e+001	-2.101252e+002
5.129313e+001	-2.235744e+002
5.143271e+001	-2.229053e+002
5.183620e+001	-2.121510e+002
5.243323e+001	-1.940011e+002
5.299507e+001	-1.771958e+002
5.316985e+001	-1.751816e+002
5.323906e+001	-1.772016e+002
5.318511e+001	-1.839278e+002
5.335989e+001	-1.819136e+002
5.379857e+001	-1.698150e+002
5.418448e+001	-1.597327e+002
5.420090e+001	-1.637698e+002
5.391825e+001	-1.792361e+002
5.418099e+001	-1.738604e+002
5.444373e+001	-1.684847e+002
5.460092e+001	-1.671428e+002
5.488126e+001	-1.610947e+002
5.495047e+001	-1.631148e+002
5.521322e+001	-1.577391e+002
5.556394e+001	-1.490015e+002
5.550999e+001	-1.557277e+002
5.570235e+001	-1.530416e+002
5.591233e+001	-1.496826e+002
5.615748e+001	-1.449792e+002
5.666653e+001	-1.301911e+002
5.677093e+001	-1.308664e+002
5.659383e+001	-1.422989e+002
5.668065e+001	-1.436461e+002
5.674986e+001	-1.456661e+002
5.699501e+001	-1.409628e+002
5.724016e+001	-1.362594e+002
5.713344e+001	-1.450024e+002
5.718506e+001	-1.476948e+002
5.735984e+001	-1.456805e+002
5.748183e+001	-1.456834e+002
5.737511e+001	-1.544263e+002
5.742673e+001	-1.571187e+002
5.754873e+001	-1.571216e+002
5.747719e+001	-1.645202e+002
5.740566e+001	-1.719184e+002
5.740450e+001	-1.766275e+002
5.766725e+001	-1.712518e+002
5.784202e+001	-1.692380e+002
5.796401e+001	-1.692409e+002
5.829714e+001	-1.611757e+002
5.840154e+001	-1.618510e+002
5.824204e+001	-1.726110e+002
5.824088e+001	-1.773201e+002
5.853881e+001	-1.705997e+002
5.857283e+001	-1.739645e+002
5.874761e+001	-1.719502e+002
5.853532e+001	-1.847274e+002
5.837582e+001	-1.954875e+002
5.848023e+001	-1.961627e+002
5.863741e+001	-1.948208e+002
5.867144e+001	-1.981852e+002
5.856471e+001	-2.069286e+002
5.886265e+001	-2.002081e+002
5.924855e+001	-1.901262e+002
5.908904e+001	-2.008863e+002
5.921104e+001	-2.008892e+002
5.949138e+001	-1.948411e+002
5.929668e+001	-2.069459e+002
5.927793e+001	-2.123274e+002
5.969902e+001	-2.009007e+002
5.976825e+001	-2.029203e+002
5.973190e+001	-2.089741e+002
5.995945e+001	-2.049432e+002
5.983514e+001	-2.143585e+002
5.978119e+001	-2.210848e+002
6.009672e+001	-2.136919e+002
6.021872e+001	-2.136948e+002
6.000643e+001	-2.264720e+002
6.014602e+001	-2.258025e+002
6.047914e+001	-2.177378e+002
6.056595e+001	-2.190850e+002
6.063517e+001	-2.211050e+002
6.044047e+001	-2.332098e+002
6.049210e+001	-2.359017e+002
6.073725e+001	-2.311984e+002
6.064813e+001	-2.392690e+002
6.082289e+001	-2.372552e+002
6.129677e+001	-2.238114e+002
6.127802e+001	-2.291929e+002
6.147038e+001	-2.265067e+002
6.169793e+001	-2.224757e+002
6.189031e+001	-2.197891e+002
6.180117e+001	-2.278601e+002
6.158890e+001	-2.406368e+002
6.193961e+001	-2.318997e+002
6.204401e+001	-2.325750e+002
6.191969e+001	-2.419903e+002
6.197132e+001	-2.446822e+002
6.202293e+001	-2.473746e+002
6.209215e+001	-2.493947e+002
6.216137e+001	-2.514143e+002
6.242411e+001	-2.460386e+002
6.258130e+001	-2.446967e+002
6.272088e+001	-2.440276e+002
6.261416e+001	-2.527706e+002
6.256022e+001	-2.594968e+002
6.268222e+001	-2.594997e+002
6.299774e+001	-2.521069e+002
6.319011e+001	-2.494207e+002
6.315377e+001	-2.554741e+002
6.329335e+001	-2.548051e+002
6.322183e+001	-2.622032e+002
6.297434e+001	-2.763252e+002
6.313153e+001	-2.749833e+002
6.365818e+001	-2.595228e+002
6.374500e+001	-2.608700e+002
6.370865e+001	-2.669239e+002
6.376026e+001	-2.696163e+002
6.353039e+001	-2.830654e+002
6.330051e+001	-2.965150e+002
6.328175e+001	-3.018965e+002
6.354450e+001	-2.965208e+002
6.407115e+001	-2.810603e+002
6.442187e+001	-2.723227e+002
6.494852e+001	-2.568622e+002
6.528163e+001	-2.487975e+002
6.528047e+001	-2.535065e+002
6.549044e+001	-2.501475e+002
6.592911e+001	-2.380489e+002
6.613909e+001	-2.346900e+002
6.604995e+001	-2.427610e+002
6.603120e+001	-2.481424e+002
6.601245e+001	-2.535239e+002
6.588813e+001	-2.629392e+002
6.613328e+001	-2.582359e+002
6.625528e+001	-2.582388e+002
6.648283e+001	-2.542078e+002
6.676317e+001	-2.481598e+002
6.723705e+001	-2.347160e+002
6.785166e+001	-2.158941e+002
6.827275e+001	-2.044674e+002
6.809564e+001	-2.158998e+002
6.816486e+001	-2.179199e+002
6.904339e+001	-1.890127e+002
6.983393e+001	-1.634674e+002
7.034298e+001	-1.486793e+002
7.044740e+001	-1.493542e+002
7.048142e+001	-1.527189e+002
7.030432e+001	-1.641514e+002
7.014482e+001	-1.749114e+002
7.028441e+001	-1.742419e+002
7.023048e+001	-1.809677e+002
7.052840e+001	-1.742477e+002
7.096708e+001	-1.621487e+002
7.112427e+001	-1.608068e+002
7.114070e+001	-1.648440e+002
7.140344e+001	-1.594683e+002
7.145507e+001	-1.621603e+002
7.129557e+001	-1.729203e+002
7.127682e+001	-1.783018e+002
7.104694e+001	-1.917509e+002
7.076427e+001	-2.072176e+002
7.074552e+001	-2.125991e+002
7.107865e+001	-2.045339e+002
7.151733e+001	-1.924349e+002
7.193842e+001	-1.810082e+002
7.204282e+001	-1.816835e+002
7.204166e+001	-1.863926e+002
7.233958e+001	-1.796726e+002
7.258473e+001	-1.749692e+002
7.268915e+001	-1.756441e+002
7.289911e+001	-1.722855e+002
7.293313e+001	-1.756499e+002
7.347737e+001	-1.595174e+002
7.379290e+001	-1.521246e+002
7.366858e+001	-1.615399e+002
7.364983e+001	-1.669214e+002
7.319124e+001	-1.891110e+002
7.326044e+001	-1.911310e+002
7.371673e+001	-1.783596e+002
7.366278e+001	-1.850858e+002
7.373200e+001	-1.871054e+002
7.417068e+001	-1.750068e+002
7.441582e+001	-1.703035e+002
7.462580e+001	-1.669445e+002
7.485335e+001	-1.629136e+002
7.476423e+001	-1.709841e+002
7.506215e+001	-1.642641e+002
7.528972e+001	-1.602327e+002
7.541171e+001	-1.602356e+002
7.553371e+001	-1.602385e+002
7.556773e+001	-1.636033e+002
7.560176e+001	-1.669676e+002
7.582931e+001	-1.629367e+002
7.582815e+001	-1.676458e+002
7.572144e+001	-1.763887e+002
7.564990e+001	-1.837873e+002
7.559596e+001	-1.905136e+002
7.587629e+001	-1.844655e+002
7.582235e+001	-1.911917e+002
7.569804e+001	-2.006070e+002
7.590801e+001	-1.972480e+002
7.622353e+001	-1.898556e+002
7.618718e+001	-1.959095e+002
7.585175e+001	-2.133924e+002
7.569225e+001	-2.241525e+002
7.621890e+001	-2.086920e+002
7.653441e+001	-2.012996e+002
7.684994e+001	-1.939068e+002
7.677841e+001	-2.013054e+002
7.670688e+001	-2.087036e+002
7.675849e+001	-2.113960e+002
7.688049e+001	-2.113989e+002
7.691452e+001	-2.147632e+002
7.717727e+001	-2.093875e+002
7.715851e+001	-2.147690e+002
7.736847e+001	-2.114104e+002
7.775437e+001	-2.013285e+002
7.789396e+001	-2.006591e+002
7.769927e+001	-2.127639e+002
7.776849e+001	-2.147834e+002
7.831274e+001	-1.986506e+002
7.871623e+001	-1.878963e+002
7.862710e+001	-1.959673e+002
7.857316e+001	-2.026931e+002
7.876552e+001	-2.000069e+002
7.890512e+001	-1.993374e+002
7.893914e+001	-2.027017e+002
7.923707e+001	-1.959817e+002
7.935907e+001	-1.959846e+002
7.946347e+001	-1.966599e+002
7.942713e+001	-2.027133e+002
7.942596e+001	-2.074229e+002
7.949518e+001	-2.094424e+002
7.968755e+001	-2.067563e+002
8.000308e+001	-1.993634e+002
8.010748e+001	-2.000387e+002
7.984242e+001	-2.148326e+002
8.008757e+001	-2.101293e+002
8.035031e+001	-2.047536e+002
8.031396e+001	-2.108074e+002
8.020724e+001	-2.195504e+002
8.043480e+001	-2.155194e+002
8.036326e+001	-2.229180e+002
8.036210e+001	-2.276271e+002
8.071282e+001	-2.188895e+002
8.111631e+001	-2.081353e+002
8.123831e+001	-2.081381e+002
8.128993e+001	-2.108305e+002
8.137673e+001	-2.121782e+002
8.130520e+001	-2.195763e+002
8.155035e+001	-2.148730e+002
8.168995e+001	-2.142036e+002
8.198786e+001	-2.074836e+002
8.219784e+001	-2.041245e+002
8.205593e+001	-2.142122e+002
8.217793e+001	-2.142151e+002
8.245826e+001	-2.081671e+002
8.247469e+001	-2.122042e+002
8.236798e+001	-2.209471e+002
8.227884e+001	-2.290181e+002
8.238325e+001	-2.296929e+002
8.266358e+001	-2.236453e+002
8.253927e+001	-2.330606e+002
8.236217e+001	-2.444930e+002
8.257214e+001	-2.411341e+002
8.227189e+001	-2.572727e+002
8.227073e+001	-2.619818e+002
8.285015e+001	-2.445046e+002
8.321847e+001	-2.350947e+002
8.346362e+001	-2.303913e+002
8.390229e+001	-2.182927e+002
8.409467e+001	-2.156061e+002
8.386478e+001	-2.290557e+002
8.375807e+001	-2.377986e+002
8.410878e+001	-2.290615e+002
8.414280e+001	-2.324258e+002
8.403609e+001	-2.411688e+002
8.424605e+001	-2.378102e+002
8.442083e+001	-2.357959e+002
8.459560e+001	-2.337821e+002
8.503428e+001	-2.216831e+002
8.536741e+001	-2.136179e+002
8.513752e+001	-2.270675e+002
8.485487e+001	-2.425337e+002
8.469537e+001	-2.532938e+002
8.499330e+001	-2.465733e+002
8.516807e+001	-2.445595e+002
8.527248e+001	-2.452344e+002
8.528891e+001	-2.492715e+002
8.530535e+001	-2.533082e+002
8.551530e+001	-2.499497e+002
8.537339e+001	-2.600374e+002
8.535464e+001	-2.654189e+002
8.551183e+001	-2.640770e+002
8.568661e+001	-2.620627e+002
8.575582e+001	-2.640828e+002
8.584263e+001	-2.654304e+002
8.622852e+001	-2.553485e+002
8.635052e+001	-2.553514e+002
8.666605e+001	-2.479585e+002
8.682323e+001	-2.466167e+002
8.645260e+001	-2.654448e+002
8.627551e+001	-2.768773e+002
8.645029e+001	-2.748630e+002
8.673063e+001	-2.688150e+002
8.711653e+001	-2.587331e+002
8.734408e+001	-2.547021e+002
8.739570e+001	-2.573941e+002
8.772882e+001	-2.493293e+002
8.813231e+001	-2.385751e+002
8.832469e+001	-2.358884e+002
8.828834e+001	-2.419423e+002
8.841034e+001	-2.419452e+002
8.837399e+001	-2.479990e+002
8.835524e+001	-2.533805e+002
8.853002e+001	-2.513663e+002
8.866961e+001	-2.506968e+002
8.891475e+001	-2.459935e+002
8.893118e+001	-2.500306e+002
8.850778e+001	-2.708754e+002
8.838346e+001	-2.802908e+002
8.839990e+001	-2.843275e+002
8.903211e+001	-2.648332e+002
8.976988e+001	-2.413046e+002
9.005022e+001	-2.352565e+002
9.073521e+001	-2.137451e+002
9.096277e+001	-2.097142e+002
9.041621e+001	-2.352652e+002
9.057339e+001	-2.339238e+002
9.101207e+001	-2.218248e+002
9.120444e+001	-2.191381e+002
9.111531e+001	-2.272091e+002
9.143084e+001	-2.198163e+002
9.192230e+001	-2.057006e+002
9.234338e+001	-1.942739e+002
9.239500e+001	-1.969663e+002
9.204197e+001	-2.151216e+002
9.182969e+001	-2.278988e+002
9.226837e+001	-2.157998e+002
9.263668e+001	-2.063903e+002
9.252996e+001	-2.151332e+002
9.231767e+001	-2.279104e+002
9.236930e+001	-2.306023e+002
9.284316e+001	-2.171590e+002
9.298275e+001	-2.164895e+002
9.275288e+001	-2.299386e+002
9.306840e+001	-2.225463e+002
9.319039e+001	-2.225491e+002
9.299571e+001	-2.346535e+002
9.266027e+001	-2.521369e+002
9.304617e+001	-2.420550e+002
9.344966e+001	-2.313007e+002
9.343091e+001	-2.366822e+002
9.335937e+001	-2.440808e+002
9.339340e+001	-2.474452e+002
9.318111e+001	-2.602224e+002
9.300402e+001	-2.716548e+002
9.298526e+001	-2.770363e+002
9.351192e+001	-2.615753e+002
9.388022e+001	-2.521658e+002
9.419575e+001	-2.447734e+002
9.428256e+001	-2.461207e+002
9.394712e+001	-2.636041e+002
9.387558e+001	-2.710027e+002
9.413833e+001	-2.656270e+002
9.418995e+001	-2.683189e+002
9.452307e+001	-2.602542e+002
9.482100e+001	-2.535337e+002
9.487263e+001	-2.562257e+002
9.494184e+001	-2.582457e+002
9.515180e+001	-2.548871e+002
9.520343e+001	-2.575791e+002
9.506152e+001	-2.676668e+002
9.507794e+001	-2.717039e+002
9.546385e+001	-2.616216e+002
9.572660e+001	-2.562459e+002
9.572543e+001	-2.609555e+002
9.577705e+001	-2.636474e+002
9.596942e+001	-2.609612e+002
9.619698e+001	-2.569298e+002
9.631898e+001	-2.569328e+002
9.619465e+001	-2.663485e+002
9.605275e+001	-2.764362e+002
9.605159e+001	-2.811452e+002
9.626156e+001	-2.777863e+002
9.634837e+001	-2.791339e+002
9.659352e+001	-2.744306e+002
9.676830e+001	-2.724163e+002
9.734772e+001	-2.549392e+002
9.757529e+001	-2.509078e+002
9.797878e+001	-2.401535e+002
9.817114e+001	-2.374673e+002
9.816998e+001	-2.421764e+002
9.830958e+001	-2.415070e+002
9.883622e+001	-2.260464e+002
9.901099e+001	-2.240327e+002
9.851722e+001	-2.475666e+002
9.837531e+001	-2.576543e+002
9.895474e+001	-2.401766e+002
9.974529e+001	-2.146314e+002
1.000256e+002	-2.085833e+002
9.965500e+001	-2.274115e+002
9.972421e+001	-2.294315e+002
9.995178e+001	-2.254001e+002
1.001441e+002	-2.227139e+002
1.002837e+002	-2.220444e+002
1.003529e+002	-2.240644e+002
1.002286e+002	-2.334798e+002
1.000867e+002	-2.435674e+002
1.000328e+002	-2.502937e+002
1.001548e+002	-2.502966e+002
1.002592e+002	-2.509714e+002
1.004164e+002	-2.496300e+002
1.004680e+002	-2.523219e+002
1.004668e+002	-2.570310e+002
1.004833e+002	-2.610682e+002
1.005701e+002	-2.624154e+002
1.009560e+002	-2.523335e+002
1.009900e+002	-2.556982e+002
1.012352e+002	-2.509945e+002
1.013220e+002	-2.523421e+002
1.011449e+002	-2.637746e+002
1.011261e+002	-2.691561e+002
1.010018e+002	-2.785714e+002
1.008951e+002	-2.873147e+002
1.012282e+002	-2.792495e+002
1.016845e+002	-2.664785e+002
1.019472e+002	-2.611029e+002
1.017701e+002	-2.725349e+002
1.014875e+002	-2.880011e+002
1.016622e+002	-2.859873e+002
1.016611e+002	-2.906964e+002
1.013960e+002	-3.054903e+002
1.014828e+002	-3.068379e+002
1.016224e+002	-3.061685e+002
1.021139e+002	-2.920527e+002
1.022711e+002	-2.907108e+002
1.023579e+002	-2.920585e+002
1.026382e+002	-2.860104e+002
1.027602e+002	-2.860133e+002
1.026359e+002	-2.954286e+002
1.027051e+002	-2.974486e+002
1.027215e+002	-3.014854e+002
1.026324e+002	-3.095559e+002
1.024025e+002	-3.230055e+002
1.029644e+002	-3.062002e+002
1.035790e+002	-2.873783e+002
1.040528e+002	-2.739345e+002
1.041221e+002	-2.759546e+002
1.039801e+002	-2.860422e+002
1.040142e+002	-2.894066e+002
1.039074e+002	-2.981499e+002
1.038887e+002	-3.035314e+002
1.042570e+002	-2.941214e+002
1.043614e+002	-2.947967e+002
1.043427e+002	-3.001782e+002
1.042535e+002	-3.082492e+002
1.044459e+002	-3.055626e+002
1.046207e+002	-3.035487e+002
1.049714e+002	-2.948112e+002
1.052341e+002	-2.894355e+002
1.052506e+002	-2.934722e+002
1.052318e+002	-2.988537e+002
1.053538e+002	-2.988566e+002
1.051943e+002	-3.096166e+002
1.048941e+002	-3.257553e+002
1.049457e+002	-3.284477e+002
1.050853e+002	-3.277782e+002
1.052952e+002	-3.244196e+002
1.056635e+002	-3.150097e+002
1.058383e+002	-3.129959e+002
1.060131e+002	-3.109816e+002
1.060471e+002	-3.143464e+002
1.060811e+002	-3.177107e+002
1.061152e+002	-3.210751e+002
1.063955e+002	-3.150270e+002
1.068870e+002	-3.009113e+002
1.068330e+002	-3.076375e+002
1.069374e+002	-3.083128e+002
1.068131e+002	-3.177281e+002
1.065481e+002	-3.325220e+002
1.066525e+002	-3.331972e+002
1.066865e+002	-3.365616e+002
1.066501e+002	-3.426154e+002
1.066490e+002	-3.473245e+002
1.066302e+002	-3.527060e+002
1.068226e+002	-3.500198e+002
1.070501e+002	-3.459888e+002
1.071194e+002	-3.480084e+002
1.069775e+002	-3.580961e+002
1.069763e+002	-3.628052e+002
1.072566e+002	-3.567576e+002
1.074842e+002	-3.527262e+002
1.074830e+002	-3.574353e+002
1.073939e+002	-3.655063e+002
1.078326e+002	-3.534073e+002
1.082361e+002	-3.426530e+002
1.080942e+002	-3.527406e+002
1.078291e+002	-3.675350e+002
1.078631e+002	-3.708993e+002
1.081259e+002	-3.655236e+002
1.083358e+002	-3.621651e+002
1.082995e+002	-3.682185e+002
1.080520e+002	-3.823404e+002
1.082268e+002	-3.803262e+002
1.083312e+002	-3.810015e+002
1.081541e+002	-3.924339e+002
1.080826e+002	-3.998320e+002
1.085212e+002	-3.877335e+002
1.085729e+002	-3.904254e+002
1.085717e+002	-3.951345e+002
1.089224e+002	-3.863974e+002
1.089916e+002	-3.884174e+002
1.089377e+002	-3.951432e+002
1.094292e+002	-3.810275e+002
1.097623e+002	-3.729627e+002
1.095500e+002	-3.857395e+002
1.093377e+002	-3.985167e+002
1.094949e+002	-3.971748e+002
1.119920e+002	-3.064142e+002
1.155976e+002	-1.732973e+002
1.177428e+002	-9.598329e+001
1.188677e+002	-5.766372e+001
1.194119e+002	-4.153087e+001
1.198858e+002	-2.808709e+001
1.201133e+002	-2.405615e+001
1.200946e+002	-2.943763e+001
1.200758e+002	-3.481910e+001
1.206904e+002	-1.599717e+001
1.212699e+002	1.480434e+000
1.208992e+002	-1.734726e+001
1.206166e+002	-3.281397e+001
1.208441e+002	-2.878258e+001
1.208254e+002	-3.416406e+001
1.207890e+002	-4.021792e+001
1.216324e+002	-1.265551e+001
1.220886e+002	1.154422e-001
1.215949e+002	-2.341846e+001
1.211715e+002	-4.426330e+001
1.209240e+002	-5.838525e+001
1.209932e+002	-6.040483e+001
1.216078e+002	-4.158291e+001
1.222576e+002	-2.141622e+001
1.226787e+002	-9.989573e+000
1.229239e+002	-5.286261e+000
1.226764e+002	-1.940776e+001
1.222178e+002	-4.159736e+001
1.222694e+002	-4.428931e+001
1.226553e+002	-3.420743e+001
1.229532e+002	-2.748742e+001
1.229697e+002	-3.152414e+001
1.230389e+002	-3.354371e+001
1.230905e+002	-3.623612e+001
1.233005e+002	-3.287756e+001
1.236336e+002	-2.481236e+001
1.239491e+002	-1.741953e+001
1.239128e+002	-2.347338e+001
1.236829e+002	-3.692295e+001
1.238577e+002	-3.490870e+001
1.241380e+002	-2.886063e+001
1.243480e+002	-2.550208e+001
1.243116e+002	-3.155593e+001
1.240818e+002	-4.500505e+001
1.240982e+002	-4.904221e+001
1.245545e+002	-3.627081e+001
1.252746e+002	-1.341461e+001
1.254318e+002	-1.207275e+001
1.250260e+002	-3.224566e+001
1.250424e+002	-3.628237e+001
1.253052e+002	-3.090668e+001
1.253744e+002	-3.292670e+001
1.248982e+002	-5.578824e+001
1.248619e+002	-6.184209e+001
1.255996e+002	-3.831396e+001
1.258976e+002	-3.159351e+001
1.259844e+002	-3.294115e+001
1.261768e+002	-3.025453e+001
1.262636e+002	-3.160218e+001
1.261041e+002	-4.236224e+001
1.260149e+002	-5.043278e+001
1.262249e+002	-4.707423e+001
1.265052e+002	-4.102615e+001
1.265393e+002	-4.439048e+001
1.265557e+002	-4.842765e+001
1.267657e+002	-4.506865e+001
1.270812e+002	-3.767627e+001
1.268865e+002	-4.978063e+001
1.270085e+002	-4.978352e+001
1.274296e+002	-3.835732e+001
1.277275e+002	-3.163687e+001
1.282190e+002	-1.752071e+001
1.284289e+002	-1.416214e+001
1.285685e+002	-1.349266e+001
1.286553e+002	-1.484030e+001
1.286542e+002	-1.954940e+001
1.285826e+002	-2.694801e+001
1.286695e+002	-2.829522e+001
1.288442e+002	-2.628141e+001
1.290894e+002	-2.157810e+001
1.293169e+002	-1.754672e+001
1.293685e+002	-2.023912e+001
1.295785e+002	-1.688057e+001
1.298588e+002	-1.083250e+001
1.294530e+002	-3.100496e+001
1.291704e+002	-4.647122e+001
1.294859e+002	-3.907839e+001
1.298190e+002	-3.101363e+001
1.300818e+002	-2.563794e+001
1.301686e+002	-2.698558e+001
1.301322e+002	-3.303943e+001
1.299551e+002	-4.447143e+001
1.300243e+002	-4.649145e+001
1.301991e+002	-4.447721e+001
1.305674e+002	-3.506769e+001
1.307598e+002	-3.238152e+001
1.308466e+002	-3.372872e+001
1.308806e+002	-3.709350e+001
1.310554e+002	-3.507926e+001
1.314941e+002	-2.298022e+001
1.317744e+002	-1.693260e+001
1.322659e+002	-2.816427e+000
1.325814e+002	4.575941e+000
1.322988e+002	-1.089031e+001
1.323152e+002	-1.492702e+001
1.322789e+002	-2.098087e+001
1.321897e+002	-2.905142e+001
1.322765e+002	-3.039907e+001
1.328208e+002	-1.426621e+001
1.329780e+002	-1.292435e+001
1.328888e+002	-2.099533e+001
1.329756e+002	-2.234298e+001
1.332560e+002	-1.629491e+001
1.334132e+002	-1.495304e+001
1.334648e+002	-1.764500e+001
1.335692e+002	-1.832027e+001
1.337615e+002	-1.563409e+001
1.338132e+002	-1.832605e+001
1.336889e+002	-2.774180e+001
1.338460e+002	-2.639992e+001
1.340736e+002	-2.236899e+001
1.343363e+002	-1.699330e+001
1.342296e+002	-2.573622e+001
1.343868e+002	-2.439435e+001
1.347375e+002	-1.565722e+001
1.348595e+002	-1.566011e+001
1.349991e+002	-1.499061e+001
1.353674e+002	-5.581097e+000
1.357005e+002	2.484092e+000
1.356818e+002	-2.897368e+000
1.354871e+002	-1.500218e+001
1.355211e+002	-1.836653e+001
1.354672e+002	-2.509274e+001
1.354836e+002	-2.912947e+001
1.355176e+002	-3.249425e+001
1.353581e+002	-4.325431e+001
1.353218e+002	-4.930815e+001
1.359716e+002	-2.914102e+001
1.360408e+002	-3.116106e+001
1.360924e+002	-3.385301e+001
1.363376e+002	-2.914970e+001
1.364772e+002	-2.848021e+001
1.365816e+002	-2.915548e+001
1.365980e+002	-3.319264e+001
1.366496e+002	-3.588460e+001
1.370179e+002	-2.647508e+001
1.372279e+002	-2.311608e+001
1.372795e+002	-2.580848e+001
1.374719e+002	-2.312186e+001
1.376291e+002	-2.178045e+001
1.375223e+002	-3.052337e+001
1.375036e+002	-3.590483e+001
1.375024e+002	-4.061394e+001
1.378883e+002	-3.053204e+001
1.383446e+002	-1.776062e+001
1.383083e+002	-2.381447e+001
1.384478e+002	-2.314499e+001
1.389921e+002	-7.012577e+000
1.390437e+002	-9.704538e+000
1.390601e+002	-1.374125e+001
1.390942e+002	-1.710603e+001
1.392514e+002	-1.576417e+001
1.394613e+002	-1.240516e+001
1.392314e+002	-2.585474e+001
1.388960e+002	-4.333813e+001
1.392115e+002	-3.594531e+001
1.394919e+002	-2.989724e+001
1.393851e+002	-3.864060e+001
1.395951e+002	-3.528159e+001
1.395588e+002	-4.133546e+001
1.395224e+002	-4.738930e+001
1.397148e+002	-4.470268e+001
1.401007e+002	-3.462079e+001
1.403106e+002	-3.126222e+001
1.405382e+002	-2.723129e+001
1.405370e+002	-3.194039e+001
1.404831e+002	-3.866662e+001
1.407810e+002	-3.194617e+001
1.409030e+002	-3.194905e+001
1.408315e+002	-3.934722e+001
1.410239e+002	-3.666104e+001
1.410755e+002	-3.935300e+001
1.411975e+002	-3.935590e+001
1.413899e+002	-3.666972e+001
1.415998e+002	-3.331116e+001
1.417218e+002	-3.331405e+001
1.417206e+002	-3.802315e+001
1.419834e+002	-3.264746e+001
1.427036e+002	-9.791259e+000
1.428784e+002	-7.777015e+000
1.425957e+002	-2.324328e+001
1.425945e+002	-2.795281e+001
1.424526e+002	-3.804048e+001
1.424163e+002	-4.409434e+001
1.425735e+002	-4.275247e+001
1.428010e+002	-3.872154e+001
1.430110e+002	-3.536254e+001
1.430802e+002	-3.738256e+001
1.434661e+002	-2.730066e+001
1.437640e+002	-2.058022e+001
1.437805e+002	-2.461693e+001
1.435858e+002	-3.672175e+001
1.434087e+002	-4.815419e+001
1.435307e+002	-4.815707e+001
1.440221e+002	-3.404090e+001
1.444784e+002	-2.126994e+001
1.446004e+002	-2.127283e+001
1.448983e+002	-1.455238e+001
1.450907e+002	-1.186620e+001
1.450544e+002	-1.791961e+001
1.453523e+002	-1.119961e+001
1.456502e+002	-4.479161e+000
1.458250e+002	-2.464917e+000
1.460174e+002	2.212557e-001
1.462449e+002	4.252188e+000
1.460502e+002	-7.852166e+000
1.459083e+002	-1.793984e+001
1.458016e+002	-2.668321e+001
1.459412e+002	-2.601373e+001
1.460984e+002	-2.467186e+001
1.462028e+002	-2.534713e+001
1.463600e+002	-2.400526e+001
1.463060e+002	-3.073149e+001
1.465864e+002	-2.468342e+001
1.468491e+002	-1.930773e+001
1.469183e+002	-2.132775e+001
1.470227e+002	-2.200303e+001
1.466873e+002	-3.948598e+001
1.467213e+002	-4.285075e+001
1.473887e+002	-2.201169e+001
1.479505e+002	-5.206459e+000
1.477559e+002	-1.731127e+001
1.476491e+002	-2.605419e+001
1.479119e+002	-2.067850e+001
1.482626e+002	-1.194136e+001
1.482790e+002	-1.597807e+001
1.482955e+002	-2.001480e+001
1.484702e+002	-1.800055e+001
1.486802e+002	-1.464199e+001
1.483448e+002	-3.212539e+001
1.479917e+002	-5.028072e+001
1.483248e+002	-4.221595e+001
1.490098e+002	-2.070451e+001
1.490791e+002	-2.272455e+001
1.489196e+002	-3.348459e+001
1.490064e+002	-3.483180e+001
1.491987e+002	-3.214562e+001
1.493383e+002	-3.147614e+001
1.497242e+002	-2.139424e+001
1.500573e+002	-1.332903e+001
1.502145e+002	-1.198761e+001
1.502661e+002	-1.467957e+001
1.503002e+002	-1.804391e+001
1.502111e+002	-2.611490e+001
1.501747e+002	-3.216875e+001
1.507189e+002	-1.603589e+001
1.507354e+002	-2.007261e+001
1.505407e+002	-3.217742e+001
1.509090e+002	-2.276791e+001
1.514005e+002	-8.651742e+000
1.514697e+002	-1.067177e+001
1.515037e+002	-1.403610e+001
1.513970e+002	-2.277947e+001
1.516421e+002	-1.807570e+001
1.522040e+002	-1.270912e+000
1.526778e+002	1.217286e+001
1.525007e+002	7.404276e-001
1.519366e+002	-2.548299e+001
1.516187e+002	-4.229401e+001
1.517407e+002	-4.229689e+001
1.516516e+002	-5.036744e+001
1.521783e+002	-3.490696e+001
1.525817e+002	-2.415268e+001
1.528093e+002	-2.012175e+001
1.527905e+002	-2.550322e+001
1.529653e+002	-2.348897e+001
1.530697e+002	-2.416425e+001
1.528223e+002	-3.828619e+001
1.527507e+002	-4.568436e+001
1.531014e+002	-3.694721e+001
1.534697e+002	-2.753770e+001
1.537149e+002	-2.283438e+001
1.541360e+002	-1.140774e+001
1.547682e+002	8.087002e+000
1.548550e+002	6.739359e+000
1.546779e+002	-4.693067e+000
1.547295e+002	-7.385470e+000
1.549043e+002	-5.371226e+000
1.548855e+002	-1.075270e+001
1.547436e+002	-2.084037e+001
1.546897e+002	-2.756660e+001
1.547589e+002	-2.958618e+001
1.549161e+002	-2.824476e+001
1.548973e+002	-3.362624e+001
1.548786e+002	-3.900771e+001
1.550534e+002	-3.699347e+001
1.552105e+002	-3.565160e+001
1.554205e+002	-3.229304e+001
1.551379e+002	-4.775930e+001
1.552247e+002	-4.910695e+001
1.556633e+002	-3.700792e+001
1.561724e+002	-2.221982e+001
1.566463e+002	-8.776033e+000
1.565747e+002	-1.617464e+001
1.560634e+002	-4.038093e+001
1.561502e+002	-4.172858e+001
1.565185e+002	-3.231906e+001
1.567636e+002	-2.761575e+001
1.572199e+002	-1.484434e+001
1.572011e+002	-2.022582e+001
1.570240e+002	-3.165824e+001
1.570933e+002	-3.367827e+001
1.575847e+002	-1.956210e+001
1.580938e+002	-4.774008e+000
1.580398e+002	-1.150024e+001
1.576340e+002	-3.167270e+001
1.575977e+002	-3.772654e+001
1.578428e+002	-3.302323e+001
1.580000e+002	-3.168137e+001
1.582276e+002	-2.765044e+001
1.585431e+002	-2.025761e+001
1.587003e+002	-1.891574e+001
1.584704e+002	-3.236531e+001
1.585396e+002	-3.438489e+001
1.585385e+002	-3.909443e+001
1.585021e+002	-4.514784e+001
1.585009e+002	-4.985737e+001
1.592387e+002	-2.632881e+001
1.592552e+002	-3.036552e+001
1.593772e+002	-3.036841e+001
1.597982e+002	-1.894175e+001
1.597795e+002	-2.432324e+001
1.597959e+002	-2.836039e+001
1.599531e+002	-2.701852e+001
1.599871e+002	-3.038287e+001
1.598980e+002	-3.845385e+001
1.602487e+002	-2.971626e+001
1.606522e+002	-1.896200e+001
1.606862e+002	-2.232677e+001
1.609314e+002	-1.762346e+001
1.609478e+002	-2.166018e+001
1.610170e+002	-2.367976e+001
1.611214e+002	-2.435503e+001
1.609619e+002	-3.511508e+001
1.612071e+002	-3.041177e+001
1.616985e+002	-1.629605e+001
1.617326e+002	-1.966039e+001
1.621009e+002	-1.025087e+001
1.624340e+002	-2.186114e+000
1.623097e+002	-1.160141e+001
1.623437e+002	-1.496574e+001
1.623777e+002	-1.833008e+001
1.624645e+002	-1.967773e+001
1.625514e+002	-2.102538e+001
1.624270e+002	-3.044068e+001
1.623907e+002	-3.649453e+001
1.624951e+002	-3.716979e+001
1.627930e+002	-3.044935e+001
1.632317e+002	-1.835032e+001
1.635648e+002	-1.028556e+001
1.636340e+002	-1.230558e+001
1.635273e+002	-2.104850e+001
1.637373e+002	-1.768995e+001
1.640000e+002	-1.231426e+001
1.638757e+002	-2.172955e+001
1.636634e+002	-3.450630e+001
1.639438e+002	-2.845868e+001
1.638898e+002	-3.518446e+001
1.638887e+002	-3.989356e+001
1.641690e+002	-3.384593e+001
1.645549e+002	-2.376359e+001
1.647121e+002	-2.242216e+001
1.649045e+002	-1.973554e+001
1.651320e+002	-1.570461e+001
1.652892e+002	-1.436275e+001
1.652704e+002	-1.974421e+001
1.654980e+002	-1.571328e+001
1.653561e+002	-2.580096e+001
1.653725e+002	-2.983767e+001
1.654945e+002	-2.984057e+001
1.656517e+002	-2.849914e+001
1.657385e+002	-2.984634e+001
1.660189e+002	-2.379827e+001
1.660705e+002	-2.649068e+001
1.660517e+002	-3.187216e+001
1.660506e+002	-3.658125e+001
1.661901e+002	-3.591176e+001
1.663121e+002	-3.591465e+001
1.667156e+002	-2.516038e+001
1.670839e+002	-1.575086e+001
1.671180e+002	-1.911520e+001
1.668001e+002	-3.592622e+001
1.666054e+002	-4.803102e+001
1.669034e+002	-4.131057e+001
1.672541e+002	-3.257343e+001
1.672353e+002	-3.795491e+001
1.670406e+002	-5.005972e+001
1.668635e+002	-6.149171e+001
1.670207e+002	-6.015029e+001
1.673890e+002	-5.074033e+001
1.676694e+002	-4.469270e+001
1.679673e+002	-3.797225e+001
1.682476e+002	-3.192418e+001
1.685104e+002	-2.654849e+001
1.686676e+002	-2.520663e+001
1.688072e+002	-2.453714e+001
1.691931e+002	-1.445524e+001
1.697373e+002	1.677598e+000
1.700176e+002	7.725668e+000
1.700341e+002	3.688516e+000
1.699098e+002	-5.726781e+000
1.697678e+002	-1.581446e+001
1.699074e+002	-1.514496e+001
1.700646e+002	-1.380310e+001
1.698171e+002	-2.792505e+001
1.694641e+002	-4.608037e+001
1.696389e+002	-4.406658e+001
1.703063e+002	-2.322751e+001
1.707978e+002	-9.111344e+000
1.707966e+002	-1.382045e+001
1.705491e+002	-2.794239e+001
1.704776e+002	-3.534056e+001
1.705116e+002	-3.870534e+001
1.707919e+002	-3.265727e+001
1.712130e+002	-2.123061e+001
1.711063e+002	-2.997353e+001
1.708237e+002	-4.543979e+001
1.712447e+002	-3.401359e+001
1.716834e+002	-2.191455e+001
1.717175e+002	-2.527889e+001
1.720506e+002	-1.721413e+001
1.727708e+002	5.642052e+000
1.732622e+002	1.975778e+001
1.729092e+002	1.602446e+000
1.722395e+002	-2.865523e+001
1.721679e+002	-3.605340e+001
1.722020e+002	-3.941819e+001
1.725527e+002	-3.068060e+001
1.730441e+002	-1.656488e+001
1.730782e+002	-1.992921e+001
1.729714e+002	-2.867258e+001
1.728647e+002	-3.741550e+001
1.733210e+002	-2.464409e+001
1.738300e+002	-9.855991e+000
1.738993e+002	-1.187601e+001
1.739861e+002	-1.322323e+001
1.742136e+002	-9.192286e+000
1.743356e+002	-9.195180e+000
1.744400e+002	-9.870445e+000
1.745268e+002	-1.121810e+001
1.742794e+002	-2.533960e+001
1.745245e+002	-2.063628e+001
1.746993e+002	-1.862204e+001
1.746981e+002	-2.333158e+001
1.743451e+002	-4.148691e+001
1.744143e+002	-4.350693e+001
1.745891e+002	-4.149269e+001
1.747111e+002	-4.149558e+001
1.747979e+002	-4.284323e+001
1.748495e+002	-4.553519e+001
1.748484e+002	-5.024472e+001
1.748120e+002	-5.629813e+001
1.751275e+002	-4.890575e+001
1.757422e+002	-3.008338e+001
1.760401e+002	-2.336338e+001
1.762676e+002	-1.933200e+001
1.763017e+002	-2.269678e+001
1.762477e+002	-2.942257e+001
1.762114e+002	-3.547642e+001
1.764037e+002	-3.279024e+001
1.767897e+002	-2.270834e+001
1.772635e+002	-9.264553e+000
1.777550e+002	4.851161e+000
1.777538e+002	1.420599e-001
1.778230e+002	-1.877954e+000
1.781737e+002	6.859615e+000
1.779615e+002	-5.917559e+000
1.777316e+002	-1.936668e+001
1.776776e+002	-2.609291e+001
1.777644e+002	-2.744056e+001
1.779568e+002	-2.475394e+001
1.780260e+002	-2.677397e+001
1.781656e+002	-2.610448e+001
1.781645e+002	-3.081357e+001
1.783392e+002	-2.879977e+001
1.785316e+002	-2.611314e+001
1.785657e+002	-2.947749e+001
1.785645e+002	-3.418703e+001
1.788800e+002	-2.679420e+001
1.791779e+002	-2.007375e+001
1.792120e+002	-2.343853e+001
1.791580e+002	-3.016432e+001
1.795615e+002	-1.941004e+001
1.798595e+002	-1.269004e+001
1.798231e+002	-1.874344e+001
1.798747e+002	-2.143585e+001
1.799264e+002	-2.412781e+001
1.799252e+002	-2.883735e+001
1.797481e+002	-4.026933e+001
1.794654e+002	-5.573604e+001
1.797106e+002	-5.103229e+001
1.802372e+002	-3.557180e+001
1.803241e+002	-3.691946e+001
1.802877e+002	-4.297331e+001
1.804273e+002	-4.230382e+001
1.806900e+002	-3.692813e+001
1.811287e+002	-2.482909e+001
1.815322e+002	-1.407482e+001
1.817070e+002	-1.206102e+001
1.818642e+002	-1.071916e+001
1.820389e+002	-8.704915e+000
1.821257e+002	-1.005256e+001
1.822477e+002	-1.005545e+001
1.821762e+002	-1.745405e+001
1.821399e+002	-2.350790e+001
1.824026e+002	-1.813221e+001
1.825774e+002	-1.611797e+001
1.827346e+002	-1.477610e+001
1.827686e+002	-1.814089e+001
1.827323e+002	-2.419429e+001
1.825903e+002	-3.428241e+001
1.826947e+002	-3.495725e+001
1.832742e+002	-1.748007e+001
1.836425e+002	-8.070558e+000
1.837645e+002	-8.073442e+000
1.833059e+002	-3.026260e+001
1.828297e+002	-5.312457e+001
1.828461e+002	-5.716130e+001
1.828801e+002	-6.052608e+001
1.832133e+002	-5.246087e+001
1.834584e+002	-4.775756e+001
1.836860e+002	-4.372662e+001
1.840191e+002	-3.566142e+001
1.842291e+002	-3.230287e+001
1.845622e+002	-2.423766e+001
1.847897e+002	-2.020672e+001
1.847182e+002	-2.760533e+001
1.845939e+002	-3.702063e+001
1.848214e+002	-3.298969e+001
1.848907e+002	-3.500927e+001
1.848543e+002	-4.106312e+001
1.850115e+002	-3.972171e+001
1.856613e+002	-1.955458e+001
1.861704e+002	-4.766473e+000
1.858877e+002	-2.023274e+001
1.857634e+002	-2.964803e+001
1.860965e+002	-2.158327e+001
1.860778e+002	-2.696474e+001
1.864461e+002	-1.755523e+001
1.868495e+002	-6.800960e+000
1.868484e+002	-1.151005e+001
1.863722e+002	-3.437203e+001
1.861247e+002	-4.849353e+001
1.864403e+002	-4.110070e+001
1.865799e+002	-4.043121e+001
1.866139e+002	-4.379600e+001
1.867007e+002	-4.514364e+001
1.865060e+002	-5.724802e+001
1.867336e+002	-5.321707e+001
1.874361e+002	-3.103326e+001
1.879452e+002	-1.624516e+001
1.882079e+002	-1.086947e+001
1.884179e+002	-7.510910e+000
1.880649e+002	-2.566624e+001
1.878526e+002	-3.844344e+001
1.882385e+002	-2.836154e+001
1.886068e+002	-1.895157e+001
1.888519e+002	-1.424826e+001
1.888156e+002	-2.030211e+001
1.889728e+002	-1.896024e+001
1.888661e+002	-2.770361e+001
1.886362e+002	-4.115273e+001
1.889165e+002	-3.510467e+001
1.892320e+002	-2.771229e+001
1.891429e+002	-3.578282e+001
1.891418e+002	-4.049192e+001
1.891934e+002	-4.318433e+001
1.893682e+002	-4.117008e+001
1.895957e+002	-3.713914e+001
1.898057e+002	-3.378059e+001
1.902268e+002	-2.235393e+001
1.903136e+002	-2.370158e+001
1.904884e+002	-2.168733e+001
1.909094e+002	-1.026069e+001
1.909962e+002	-1.160833e+001
1.907312e+002	-2.640221e+001
1.903781e+002	-4.455798e+001
1.904650e+002	-4.590519e+001
1.908333e+002	-3.649567e+001
1.907969e+002	-4.254952e+001
1.909717e+002	-4.053527e+001
1.912696e+002	-3.381527e+001
1.917259e+002	-2.104387e+001
1.922701e+002	-4.911007e+000
1.922514e+002	-1.029248e+001
1.920567e+002	-2.239729e+001
1.921083e+002	-2.508926e+001
1.923359e+002	-2.105832e+001
1.927042e+002	-1.164881e+001
1.928438e+002	-1.097931e+001
1.927019e+002	-2.106699e+001
1.929294e+002	-1.703605e+001
1.930514e+002	-1.703895e+001
1.927688e+002	-3.250520e+001
1.928380e+002	-3.452524e+001
1.930128e+002	-3.251099e+001
1.927477e+002	-4.730486e+001
1.924650e+002	-6.277113e+001
1.922176e+002	-7.689307e+001
1.927090e+002	-6.277690e+001
1.932181e+002	-4.798881e+001
1.933929e+002	-4.597457e+001
1.937084e+002	-3.858218e+001
1.938128e+002	-3.925745e+001
1.938820e+002	-4.127704e+001
1.940216e+002	-4.060754e+001
1.942140e+002	-3.792137e+001
1.943887e+002	-3.590712e+001
1.945635e+002	-3.389332e+001
1.944920e+002	-4.129149e+001
1.944556e+002	-4.734534e+001
1.948767e+002	-3.591868e+001
1.951394e+002	-3.054299e+001
1.952263e+002	-3.189064e+001
1.948381e+002	-5.139073e+001
1.950832e+002	-4.668741e+001
1.956626e+002	-2.921024e+001
1.959957e+002	-2.114504e+001
1.959770e+002	-2.652651e+001
1.959054e+002	-3.392512e+001
1.962210e+002	-2.653229e+001
1.965013e+002	-2.048422e+001
1.967113e+002	-1.712567e+001
1.967629e+002	-1.981762e+001
1.967442e+002	-2.519910e+001
1.966022e+002	-3.528678e+001
1.966891e+002	-3.663442e+001
1.969518e+002	-3.125873e+001
1.969155e+002	-3.731258e+001
1.969143e+002	-4.202167e+001
1.971594e+002	-3.731836e+001
1.974222e+002	-3.194267e+001
1.977025e+002	-2.589460e+001
1.973495e+002	-4.405037e+001
1.969085e+002	-6.556760e+001
1.975407e+002	-4.607285e+001
1.981905e+002	-2.590617e+001
1.980310e+002	-3.666623e+001
1.978715e+002	-4.742627e+001
1.978527e+002	-5.280775e+001
1.979571e+002	-5.348301e+001
1.981671e+002	-5.012446e+001
1.981659e+002	-5.483355e+001
1.979889e+002	-6.626599e+001
1.982868e+002	-5.954554e+001
1.989894e+002	-3.736172e+001
1.997096e+002	-1.450552e+001
2.001130e+002	-3.751257e+000
2.001295e+002	-7.788419e+000
1.997765e+002	-2.594374e+001
1.995290e+002	-4.006569e+001
1.997741e+002	-3.536193e+001
1.998609e+002	-3.670957e+001
1.999829e+002	-3.671247e+001
2.002457e+002	-3.133678e+001
2.004380e+002	-2.865060e+001
2.005776e+002	-2.798111e+001
2.008756e+002	-2.126066e+001
2.009624e+002	-2.260831e+001
2.007853e+002	-3.404074e+001
2.010304e+002	-2.933743e+001
2.012580e+002	-2.530606e+001
2.014855e+002	-2.127511e+001
2.017835e+002	-1.455467e+001
2.020286e+002	-9.851352e+000
2.018515e+002	-2.128379e+001
2.018328e+002	-2.666526e+001
2.017964e+002	-3.271912e+001
2.020240e+002	-2.868818e+001
2.024979e+002	-1.524439e+001
2.026199e+002	-1.524729e+001
2.024076e+002	-2.802447e+001
2.023360e+002	-3.542264e+001
2.024052e+002	-3.744266e+001
2.024921e+002	-3.879030e+001
2.026140e+002	-3.879320e+001
2.028240e+002	-3.543420e+001
2.028580e+002	-3.879898e+001
2.030152e+002	-3.745711e+001
2.030668e+002	-4.014952e+001
2.029777e+002	-4.822006e+001
2.032053e+002	-4.418912e+001
2.037143e+002	-2.940102e+001
2.044169e+002	-7.217213e+000
2.046269e+002	-3.858210e+000
2.046961e+002	-5.878233e+000
2.048181e+002	-5.881128e+000
2.047114e+002	-1.462405e+001
2.046574e+002	-2.135027e+001
2.047970e+002	-2.068079e+001
2.048662e+002	-2.270081e+001
2.049706e+002	-2.337608e+001
2.051982e+002	-1.934470e+001
2.054082e+002	-1.598614e+001
2.058116e+002	-5.231876e+000
2.060392e+002	-1.200934e+000
2.057917e+002	-1.532244e+001
2.055091e+002	-3.078870e+001
2.057542e+002	-2.608539e+001
2.064216e+002	-5.246319e+000
2.065084e+002	-6.593973e+000
2.061378e+002	-2.542168e+001
2.060311e+002	-3.416504e+001
2.060123e+002	-3.954651e+001
2.066269e+002	-2.072415e+001
2.070480e+002	-9.297493e+000
2.071876e+002	-8.628450e+000
2.075559e+002	7.814986e-001
2.076779e+002	7.786140e-001
2.078527e+002	2.792407e+000
2.081330e+002	8.840477e+000
2.080791e+002	2.114248e+000
2.075677e+002	-2.209203e+001
2.074082e+002	-3.285208e+001
2.073718e+002	-3.890593e+001
2.074586e+002	-4.025358e+001
2.077566e+002	-3.353314e+001
2.082304e+002	-2.008934e+001
2.086339e+002	-9.335074e+000
2.089495e+002	-1.942686e+000
2.089659e+002	-5.979407e+000
2.086656e+002	-2.211804e+001
2.088052e+002	-2.144855e+001
2.089976e+002	-1.876237e+001
2.087325e+002	-3.355625e+001
2.088721e+002	-3.288677e+001
2.091701e+002	-2.616632e+001
2.095911e+002	-1.473967e+001
2.098891e+002	-8.019663e+000
2.093777e+002	-3.222596e+001
2.091302e+002	-4.634746e+001
2.093930e+002	-4.097176e+001
2.095677e+002	-3.895797e+001
2.102175e+002	-1.879128e+001
2.107794e+002	-1.986046e+000
2.108134e+002	-5.350387e+000
2.104603e+002	-2.350616e+001
2.101777e+002	-3.897242e+001
2.103877e+002	-3.561341e+001
2.107912e+002	-2.485914e+001
2.108780e+002	-2.620679e+001
2.107185e+002	-3.696684e+001
2.107701e+002	-3.965926e+001
2.109625e+002	-3.697263e+001
2.109789e+002	-4.100934e+001
2.110833e+002	-4.168461e+001
2.111701e+002	-4.303226e+001
2.111337e+002	-4.908611e+001
2.110270e+002	-5.782903e+001
2.109379e+002	-6.590001e+001
2.112182e+002	-5.985194e+001
2.117449e+002	-4.439147e+001
2.119900e+002	-3.968815e+001
2.120416e+002	-4.238011e+001
2.125331e+002	-2.826439e+001
2.129190e+002	-1.818250e+001
2.130234e+002	-1.885777e+001
2.128463e+002	-3.028976e+001
2.127220e+002	-3.970550e+001
2.126856e+002	-4.575935e+001
2.128956e+002	-4.240034e+001
2.132639e+002	-3.299083e+001
2.134211e+002	-3.164896e+001
2.134023e+002	-3.703044e+001
2.133836e+002	-4.241191e+001
2.135056e+002	-4.241480e+001
2.140498e+002	-2.628195e+001
2.144181e+002	-1.687243e+001
2.143993e+002	-2.225390e+001
2.141519e+002	-3.637540e+001
2.142563e+002	-3.705068e+001
2.142199e+002	-4.310453e+001
2.139549e+002	-5.789841e+001
2.139361e+002	-6.327988e+001
2.143748e+002	-5.118130e+001
2.145672e+002	-4.849467e+001
2.144253e+002	-5.858235e+001
2.146000e+002	-5.656854e+001
2.145109e+002	-6.463909e+001
2.144921e+002	-7.002056e+001
2.146141e+002	-7.002345e+001
2.150880e+002	-5.658010e+001
2.157554e+002	-3.574060e+001
2.158950e+002	-3.507156e+001
2.163336e+002	-2.297253e+001
2.165084e+002	-2.095829e+001
2.162082e+002	-3.709692e+001
2.162598e+002	-3.978932e+001
2.165753e+002	-3.239650e+001
2.167149e+002	-3.172701e+001
2.169249e+002	-2.836846e+001
2.172404e+002	-2.097563e+001
2.175559e+002	-1.358325e+001
2.177131e+002	-1.224138e+001
2.175888e+002	-2.165668e+001
2.175172e+002	-2.905529e+001
2.175161e+002	-3.376438e+001
2.177788e+002	-2.838869e+001
2.180592e+002	-2.234062e+001
2.181460e+002	-2.368826e+001
2.185494e+002	-1.293400e+001
2.187242e+002	-1.091975e+001
2.188110e+002	-1.226740e+001
2.188451e+002	-1.563174e+001
2.189143e+002	-1.765176e+001
2.190363e+002	-1.765465e+001
2.189472e+002	-2.572519e+001
2.189636e+002	-2.976236e+001
2.191208e+002	-2.842049e+001
2.193307e+002	-2.506149e+001
2.195055e+002	-2.304768e+001
2.198914e+002	-1.296579e+001
2.202949e+002	-2.211510e+000
2.203993e+002	-2.886785e+000
2.200814e+002	-1.969735e+001
2.198516e+002	-3.314692e+001
2.199912e+002	-3.247743e+001
2.200956e+002	-3.315271e+001
2.202351e+002	-3.248321e+001
2.205507e+002	-2.509039e+001
2.206375e+002	-2.643804e+001
2.210410e+002	-1.568376e+001
2.214445e+002	-4.929494e+000
2.212146e+002	-1.837906e+001
2.213894e+002	-1.636481e+001
2.215993e+002	-1.300625e+001
2.214046e+002	-2.511063e+001
2.212099e+002	-3.721544e+001
2.215430e+002	-2.915067e+001
2.218938e+002	-2.041309e+001
2.217519e+002	-3.050077e+001
2.217155e+002	-3.655462e+001
2.218903e+002	-3.454082e+001
2.221530e+002	-2.916513e+001
2.224334e+002	-2.311706e+001
2.225905e+002	-2.177519e+001
2.227477e+002	-2.043333e+001
2.230984e+002	-1.169619e+001
2.232908e+002	-9.010007e+000
2.230609e+002	-2.245913e+001
2.231126e+002	-2.515109e+001
2.233049e+002	-2.246492e+001
2.231806e+002	-3.188022e+001
2.231618e+002	-3.726169e+001
2.231783e+002	-4.129841e+001
2.235290e+002	-3.256126e+001
2.240556e+002	-1.710079e+001
2.240545e+002	-2.180988e+001
2.238422e+002	-3.458707e+001
2.236827e+002	-4.534713e+001
2.240510e+002	-3.593716e+001
2.245249e+002	-2.249383e+001
2.246117e+002	-2.384147e+001
2.247864e+002	-2.182723e+001
2.248732e+002	-2.317487e+001
2.249073e+002	-2.653921e+001
2.250293e+002	-2.654210e+001
2.250633e+002	-2.990688e+001
2.249742e+002	-3.797743e+001
2.249906e+002	-4.201414e+001
2.251478e+002	-4.067272e+001
2.252874e+002	-4.000323e+001
2.255325e+002	-3.529992e+001
2.258129e+002	-2.925185e+001
2.260228e+002	-2.589284e+001
2.261272e+002	-2.656812e+001
2.259150e+002	-3.934530e+001
2.257555e+002	-5.010536e+001
2.258423e+002	-5.145301e+001
2.261930e+002	-4.271542e+001
2.261742e+002	-4.809689e+001
2.263138e+002	-4.742741e+001
2.268229e+002	-3.263931e+001
2.269273e+002	-3.331458e+001
2.269789e+002	-3.600654e+001
2.270833e+002	-3.668181e+001
2.270645e+002	-4.206328e+001
2.270634e+002	-4.677238e+001
2.276252e+002	-2.996759e+001
2.281166e+002	-1.585142e+001
2.285729e+002	-3.080458e+000
2.285894e+002	-7.117169e+000
2.284826e+002	-1.586010e+001
2.281296e+002	-3.401587e+001
2.278997e+002	-4.746499e+001
2.283384e+002	-3.536640e+001
2.289354e+002	-1.721641e+001
2.291454e+002	-1.385785e+001
2.290211e+002	-2.327315e+001
2.290375e+002	-2.730987e+001
2.291947e+002	-2.596801e+001
2.293695e+002	-2.395420e+001
2.297906e+002	-1.252756e+001
2.300885e+002	-5.807106e+000
2.302281e+002	-5.137611e+000
2.299454e+002	-2.060387e+001
2.295572e+002	-4.010440e+001
2.298199e+002	-3.472871e+001
2.301355e+002	-2.733588e+001
2.306269e+002	-1.322017e+001
2.310304e+002	-2.465892e+000
2.311348e+002	-3.141156e+000
2.310457e+002	-1.121170e+001
2.309390e+002	-1.995462e+001
2.306739e+002	-3.474894e+001
2.304616e+002	-4.752569e+001
2.308475e+002	-3.744380e+001
2.312158e+002	-2.803428e+001
2.314434e+002	-2.400334e+001
2.316181e+002	-2.198910e+001
2.317049e+002	-2.333675e+001
2.314223e+002	-3.880300e+001
2.313859e+002	-4.485685e+001
2.317894e+002	-3.410259e+001
2.317883e+002	-3.881168e+001
2.319631e+002	-3.679743e+001
2.324545e+002	-2.268171e+001
2.328228e+002	-1.327219e+001
2.330504e+002	-9.241261e+000
2.330668e+002	-1.327797e+001
2.326786e+002	-3.277806e+001
2.324487e+002	-4.622763e+001
2.325003e+002	-4.891959e+001
2.325695e+002	-5.093961e+001
2.328851e+002	-4.354679e+001
2.332886e+002	-3.279252e+001
2.336393e+002	-2.405538e+001
2.339372e+002	-1.733493e+001
2.338129e+002	-2.675022e+001
2.339173e+002	-2.742550e+001
2.341273e+002	-2.406693e+001
2.340381e+002	-3.213748e+001
2.340722e+002	-3.550226e+001
2.344581e+002	-2.541993e+001
2.346152e+002	-2.407850e+001
2.344909e+002	-3.349380e+001
2.343666e+002	-4.290910e+001
2.345942e+002	-3.887816e+001
