    nm         	pN
0.000000e+000	6.525770e+002
1.924255e-001	6.552656e+002
2.440611e-001	6.525739e+002
1.901088e-001	6.458474e+002
3.055986e-002	6.350855e+002
-5.798074e-003	6.290313e+002
6.343778e-002	6.270123e+002
1.150735e-001	6.243207e+002
7.871408e-002	6.182664e+002
-2.803584e-002	6.095222e+002
-1.159905e-002	6.054855e+002
-8.315443e-002	5.980862e+002
-1.019107e-001	5.927047e+002
-3.267778e-002	5.906855e+002
-8.663299e-002	5.839588e+002
-2.461820e-001	5.731970e+002
-2.297423e-001	5.691604e+002
-2.309028e-001	5.644512e+002
-3.376556e-001	5.557069e+002
-4.268097e-001	5.476352e+002
-4.103700e-001	5.435986e+002
-3.235369e-001	5.422520e+002
-2.719012e-001	5.395603e+002
-3.610524e-001	5.314887e+002
-3.094152e-001	5.287971e+002
-3.281745e-001	5.234154e+002
-3.469337e-001	5.180337e+002
-3.480956e-001	5.133245e+002
-3.668534e-001	5.079429e+002
-3.504151e-001	5.039062e+002
-3.691743e-001	4.985245e+002
-4.231295e-001	4.917978e+002
-4.770862e-001	4.850711e+002
-5.838375e-001	4.763269e+002
-6.201926e-001	4.702728e+002
-5.861571e-001	4.669086e+002
-5.873168e-001	4.621994e+002
-5.004823e-001	4.608529e+002
-5.192415e-001	4.554712e+002
-5.731974e-001	4.487445e+002
-6.799517e-001	4.400001e+002
-6.987101e-001	4.346185e+002
-6.646710e-001	4.312544e+002
-6.306355e-001	4.278902e+002
-6.669920e-001	4.218361e+002
-7.737426e-001	4.130919e+002
-8.452987e-001	4.056926e+002
-8.640579e-001	4.003109e+002
-7.948221e-001	3.982918e+002
-6.375933e-001	3.996354e+002
-8.147418e-001	3.882010e+002
-9.038958e-001	3.801292e+002
-8.522595e-001	3.774376e+002
-8.534178e-001	3.727285e+002
-9.073744e-001	3.660018e+002
-9.085327e-001	3.612927e+002
-9.272912e-001	3.559110e+002
-7.524666e-001	3.579269e+002
-7.360277e-001	3.538903e+002
-7.899836e-001	3.471636e+002
-7.559452e-001	3.437995e+002
-7.923039e-001	3.377453e+002
-8.990552e-001	3.290010e+002
-1.023406e+000	3.195843e+002
-1.112559e+000	3.115125e+002
-1.078521e+000	3.081485e+002
-1.132477e+000	3.014217e+002
-1.168836e+000	2.953675e+002
-1.046805e+000	2.953660e+002
-9.775691e-001	2.933469e+002
-1.119520e+000	2.832576e+002
-1.155876e+000	2.772034e+002
-1.333025e+000	2.657690e+002
-1.386977e+000	2.590425e+002
-1.335342e+000	2.563508e+002
-1.230911e+000	2.556767e+002
-1.179276e+000	2.529851e+002
-1.233232e+000	2.462584e+002
-1.199192e+000	2.428943e+002
-1.217952e+000	2.375126e+002
-1.359903e+000	2.274233e+002
-1.449056e+000	2.193515e+002
-1.467815e+000	2.139698e+002
-1.468973e+000	2.092607e+002
-1.452535e+000	2.052241e+002
-1.365701e+000	2.038775e+002
-1.314066e+000	2.011859e+002
-1.368022e+000	1.944592e+002
-1.386781e+000	1.890775e+002
-1.528729e+000	1.789883e+002
-1.565088e+000	1.729340e+002
-1.583843e+000	1.675524e+002
-1.585008e+000	1.628431e+002
-1.674162e+000	1.547714e+002
-1.675321e+000	1.500623e+002
-1.641280e+000	1.466983e+002
-1.642443e+000	1.419890e+002
-1.590808e+000	1.392974e+002
-1.750355e+000	1.285355e+002
-1.857104e+000	1.197915e+002
-1.823068e+000	1.164273e+002
-1.841827e+000	1.110456e+002
-1.807790e+000	1.076814e+002
-1.861744e+000	1.009548e+002
-1.986098e+000	9.153790e+001
-1.969656e+000	8.750137e+001
-2.041210e+000	8.010219e+001
-2.024775e+000	7.606544e+001
-2.061134e+000	7.001119e+001
-2.150286e+000	6.193944e+001
-2.151445e+000	5.723033e+001
-2.152605e+000	5.252123e+001
-1.995379e+000	5.386460e+001
-2.031732e+000	4.781058e+001
-1.892107e+000	4.848138e+001
-1.875665e+000	4.444485e+001
-2.088008e+000	3.166554e+001
-2.124367e+000	2.561128e+001
-2.055131e+000	2.359224e+001
-2.056290e+000	1.888314e+001
-2.127849e+000	1.148374e+001
-2.111407e+000	7.447205e+000
-2.006977e+000	6.773090e+000
-1.990536e+000	2.736554e+000
-2.044494e+000	-3.990261e+000
-1.992858e+000	-6.681874e+000
-2.029218e+000	-1.273612e+001
-2.047970e+000	-1.811758e+001
-2.189924e+000	-2.820705e+001
-2.261478e+000	-3.560622e+001
-2.209841e+000	-3.829783e+001
-2.193400e+000	-4.233437e+001
-2.264960e+000	-4.973376e+001
-2.318912e+000	-5.646036e+001
-2.302477e+000	-6.049712e+001
-2.233241e+000	-6.251616e+001
-2.199205e+000	-6.588035e+001
-2.182764e+000	-6.991688e+001
-2.183922e+000	-7.462599e+001
-2.220281e+000	-8.068023e+001
-2.151045e+000	-8.269927e+001
-2.134608e+000	-8.673604e+001
-1.994978e+000	-8.606500e+001
-1.872947e+000	-8.606655e+001
-1.874106e+000	-9.077566e+001
-1.857671e+000	-9.481241e+001
-1.946824e+000	-1.028842e+002
-1.930382e+000	-1.069207e+002
-1.984342e+000	-1.136475e+002
-2.091089e+000	-1.223916e+002
-2.162643e+000	-1.297908e+002
-2.111007e+000	-1.324824e+002
-2.041777e+000	-1.345017e+002
-2.060535e+000	-1.398833e+002
-2.132089e+000	-1.472825e+002
-2.045253e+000	-1.486290e+002
-1.976021e+000	-1.506482e+002
-1.924386e+000	-1.533399e+002
-2.013540e+000	-1.614116e+002
-2.190683e+000	-1.728458e+002
-2.367831e+000	-1.842802e+002
-2.368990e+000	-1.889893e+002
-2.370147e+000	-1.936984e+002
-2.406507e+000	-1.997526e+002
-2.390071e+000	-2.037894e+002
-2.268041e+000	-2.037909e+002
-2.251600e+000	-2.078275e+002
-2.164769e+000	-2.091742e+002
-2.025139e+000	-2.085031e+002
-2.202286e+000	-2.199375e+002
-2.133051e+000	-2.219566e+002
-2.046213e+000	-2.233030e+002
-1.976983e+000	-2.253223e+002
-2.066137e+000	-2.333940e+002
-2.137691e+000	-2.407932e+002
-2.068455e+000	-2.428122e+002
-2.034420e+000	-2.461764e+002
-1.947582e+000	-2.475229e+002
-1.667162e+000	-2.414717e+002
-1.685920e+000	-2.468534e+002
-1.898269e+000	-2.596329e+002
-1.952223e+000	-2.663595e+002
-1.988582e+000	-2.724138e+002
-2.042536e+000	-2.791404e+002
-1.955703e+000	-2.804871e+002
-1.886467e+000	-2.825061e+002
-1.834831e+000	-2.851977e+002
-1.800796e+000	-2.885619e+002
-1.661165e+000	-2.878909e+002
-1.732719e+000	-2.952901e+002
-1.698683e+000	-2.986543e+002
-1.823032e+000	-3.080709e+002
-1.859391e+000	-3.141252e+002
-1.737361e+000	-3.141267e+002
-1.421743e+000	-3.067306e+002
-1.370107e+000	-3.094222e+002
-1.388866e+000	-3.148039e+002
-1.495621e+000	-3.235482e+002
-1.426385e+000	-3.255673e+002
-1.497939e+000	-3.329665e+002
-1.516695e+000	-3.383481e+002
-1.482660e+000	-3.417123e+002
-1.466218e+000	-3.457489e+002
-1.344188e+000	-3.457504e+002
-1.186963e+000	-3.444070e+002
-1.012137e+000	-3.423911e+002
-8.901069e-001	-3.423926e+002
-4.336962e-001	-3.296162e+002
-1.356813e-001	-3.228927e+002
2.154957e-002	-3.215490e+002
1.787747e-001	-3.202057e+002
1.248209e-001	-3.269323e+002
2.292513e-001	-3.276064e+002
5.448664e-001	-3.202103e+002
5.789019e-001	-3.235745e+002
3.137664e-001	-3.383713e+002
2.598068e-001	-3.450981e+002
4.170377e-001	-3.437545e+002
4.334789e-001	-3.477910e+002
5.555124e-001	-3.477926e+002
8.007325e-001	-3.430866e+002
6.939783e-001	-3.518309e+002
7.808143e-001	-3.531774e+002
9.908341e-001	-3.498165e+002
1.007275e+000	-3.538530e+002
1.129306e+000	-3.538546e+002
1.180941e+000	-3.565462e+002
1.408561e+000	-3.525127e+002
1.636187e+000	-3.484791e+002
1.652623e+000	-3.525158e+002
1.809853e+000	-3.511722e+002
1.967079e+000	-3.498289e+002
1.983520e+000	-3.538654e+002
1.859168e+000	-3.632822e+002
1.963604e+000	-3.639562e+002
2.508004e+000	-3.478173e+002
2.999604e+000	-3.336962e+002
3.244824e+000	-3.289901e+002
3.208470e+000	-3.350442e+002
3.524085e+000	-3.276481e+002
3.575721e+000	-3.303397e+002
3.292985e+000	-3.458090e+002
3.379813e+000	-3.471558e+002
3.589841e+000	-3.437947e+002
3.940657e+000	-3.350534e+002
4.590646e+000	-3.148796e+002
4.976656e+000	-3.047934e+002
5.010697e+000	-3.081574e+002
4.692758e+000	-3.249719e+002
4.586004e+000	-3.337162e+002
4.637640e+000	-3.364078e+002
4.830065e+000	-3.337193e+002
4.793706e+000	-3.397736e+002
5.179722e+000	-3.296872e+002
6.428064e+000	-2.866479e+002
7.852402e+000	-2.368831e+002
9.646309e+000	-1.729955e+002
1.096505e+001	-1.272659e+002
1.175583e+001	-1.017120e+002
1.261700e+001	-7.346790e+001
1.323180e+001	-5.463897e+001
1.354741e+001	-4.724288e+001
1.391583e+001	-3.782908e+001
1.474181e+001	-1.092995e+001
1.528621e+001	5.208902e+000
1.544343e+001	6.552286e+000
1.510790e+001	-1.093457e+001
1.491315e+001	-2.304154e+001
1.499999e+001	-2.438801e+001
1.499883e+001	-2.909711e+001
1.501526e+001	-3.313387e+001
1.554206e+001	-1.766758e+001
1.557611e+001	-2.103154e+001
1.555735e+001	-2.641323e+001
1.573217e+001	-2.439727e+001
1.587180e+001	-2.372624e+001
1.594103e+001	-2.574551e+001
1.586948e+001	-3.314468e+001
1.565714e+001	-4.592399e+001
1.577917e+001	-4.592553e+001
1.588360e+001	-4.659964e+001
1.607603e+001	-4.391112e+001
1.633884e+001	-3.853254e+001
1.663687e+001	-3.180880e+001
1.686449e+001	-2.777535e+001
1.663454e+001	-4.122723e+001
1.645740e+001	-5.266163e+001
1.661463e+001	-5.131802e+001
1.705343e+001	-3.921437e+001
1.721066e+001	-3.787077e+001
1.682233e+001	-5.737535e+001
1.680357e+001	-6.275704e+001
1.731278e+001	-4.796310e+001
1.755800e+001	-4.325709e+001
1.732805e+001	-5.670896e+001
1.736209e+001	-6.007315e+001
1.790649e+001	-4.393429e+001
1.799332e+001	-4.528075e+001
1.825615e+001	-3.990216e+001
1.844857e+001	-3.721363e+001
1.853540e+001	-3.856033e+001
1.886862e+001	-3.049166e+001
1.939542e+001	-1.502538e+001
1.971103e+001	-7.629289e+000
1.978027e+001	-9.648337e+000
1.946233e+001	-2.646263e+001
1.946117e+001	-3.117196e+001
1.965360e+001	-2.848344e+001
1.967004e+001	-3.251997e+001
1.929930e+001	-5.135199e+001
1.931574e+001	-5.538875e+001
1.980735e+001	-4.126737e+001
2.017576e+001	-3.185358e+001
2.050898e+001	-2.378492e+001
2.071900e+001	-2.042405e+001
2.078823e+001	-2.244309e+001
2.029431e+001	-4.598267e+001
1.992358e+001	-6.481467e+001
2.011600e+001	-6.212615e+001
2.050201e+001	-5.204001e+001
2.074723e+001	-4.733399e+001
2.065808e+001	-5.540574e+001
2.088570e+001	-5.137206e+001
2.099013e+001	-5.204618e+001
2.091858e+001	-5.944535e+001
2.141019e+001	-4.532399e+001
2.183139e+001	-3.389291e+001
2.175984e+001	-4.129208e+001
2.195226e+001	-3.860356e+001
2.203910e+001	-3.995003e+001
2.216113e+001	-3.995157e+001
2.221277e+001	-4.264319e+001
2.196522e+001	-5.676764e+001
2.170009e+001	-7.156444e+001
2.191011e+001	-6.820357e+001
2.222572e+001	-6.080749e+001
2.236535e+001	-6.013645e+001
2.234659e+001	-6.551814e+001
2.229264e+001	-7.224474e+001
2.262585e+001	-6.417608e+001
2.273029e+001	-6.485019e+001
2.260594e+001	-7.426687e+001
2.267517e+001	-7.628613e+001
2.270921e+001	-7.965009e+001
2.286644e+001	-7.830671e+001
2.312925e+001	-7.292812e+001
2.305770e+001	-8.032730e+001
2.286295e+001	-9.243425e+001
2.296739e+001	-9.310815e+001
2.323021e+001	-8.772956e+001
2.342264e+001	-8.504104e+001
2.354467e+001	-8.504258e+001
2.359630e+001	-8.773419e+001
2.384152e+001	-8.302817e+001
2.362918e+001	-9.580748e+001
2.359282e+001	-1.018617e+002
2.380285e+001	-9.850065e+001
2.403047e+001	-9.446720e+001
2.422289e+001	-9.177866e+001
2.418653e+001	-9.783292e+001
2.432616e+001	-9.716189e+001
2.464178e+001	-8.976581e+001
2.504539e+001	-7.900708e+001
2.557219e+001	-6.354079e+001
2.587021e+001	-5.681705e+001
2.569306e+001	-6.825144e+001
2.558631e+001	-7.699553e+001
2.546196e+001	-8.641243e+001
2.553119e+001	-8.843146e+001
2.614599e+001	-6.960255e+001
2.681358e+001	-4.875611e+001
2.755156e+001	-2.521962e+001
2.795517e+001	-1.446089e+001
2.777803e+001	-2.589529e+001
2.782966e+001	-2.858689e+001
2.788130e+001	-3.127850e+001
2.791534e+001	-3.464246e+001
2.798457e+001	-3.666173e+001
2.819460e+001	-3.330063e+001
2.856301e+001	-2.388683e+001
2.873784e+001	-2.187087e+001
2.903585e+001	-1.514736e+001
2.887630e+001	-2.590918e+001
2.862877e+001	-4.003341e+001
2.862760e+001	-4.474274e+001
2.867924e+001	-4.743435e+001
2.853729e+001	-5.752360e+001
2.874731e+001	-5.416250e+001
2.888694e+001	-5.349147e+001
2.918496e+001	-4.676795e+001
2.962377e+001	-3.466408e+001
2.964021e+001	-3.870084e+001
3.004382e+001	-2.794211e+001
3.034184e+001	-2.121838e+001
2.993590e+001	-4.139554e+001
2.988195e+001	-4.812215e+001
3.037355e+001	-3.400100e+001
3.067157e+001	-2.727727e+001
3.079360e+001	-2.727881e+001
3.105642e+001	-2.190021e+001
3.107286e+001	-2.593697e+001
3.089571e+001	-3.737113e+001
3.092975e+001	-4.073532e+001
3.105178e+001	-4.073686e+001
3.124421e+001	-3.804834e+001
3.164782e+001	-2.728962e+001
3.198103e+001	-1.922096e+001
3.220865e+001	-1.518751e+001
3.217230e+001	-2.124154e+001
3.167837e+001	-4.478134e+001
3.153642e+001	-5.487059e+001
3.222161e+001	-3.335159e+001
3.262522e+001	-2.259287e+001
3.228969e+001	-4.007973e+001
3.202454e+001	-5.487676e+001
3.242816e+001	-4.411804e+001
3.293736e+001	-2.932410e+001
3.302419e+001	-3.067078e+001
3.304064e+001	-3.470732e+001
3.266990e+001	-5.353934e+001
3.265114e+001	-5.892101e+001
3.287876e+001	-5.488757e+001
3.324718e+001	-4.547377e+001
3.349240e+001	-4.076775e+001
3.350883e+001	-4.480450e+001
3.306771e+001	-6.632660e+001
3.322494e+001	-6.498298e+001
3.375174e+001	-4.951670e+001
3.415535e+001	-3.875797e+001
3.480534e+001	-1.858390e+001
3.492737e+001	-1.858544e+001
3.441585e+001	-4.279760e+001
3.386913e+001	-6.835489e+001
3.365679e+001	-8.113420e+001
3.402520e+001	-7.172040e+001
3.455200e+001	-5.625411e+001
3.518439e+001	-3.675283e+001
3.534162e+001	-3.540923e+001
3.535806e+001	-3.944598e+001
3.555048e+001	-3.675746e+001
3.563732e+001	-3.810393e+001
3.561856e+001	-4.348561e+001
3.544141e+001	-5.492000e+001
3.542265e+001	-6.030167e+001
3.556228e+001	-5.963065e+001
3.517395e+001	-7.913524e+001
3.489121e+001	-9.460462e+001
3.499564e+001	-9.527873e+001
3.541685e+001	-8.384744e+001
3.576767e+001	-7.510620e+001
3.587210e+001	-7.578031e+001
3.595893e+001	-7.712679e+001
3.595777e+001	-8.183611e+001
3.611500e+001	-8.049252e+001
3.637782e+001	-7.511392e+001
3.683423e+001	-6.233770e+001
3.723784e+001	-5.157898e+001
3.727187e+001	-5.494315e+001
3.714752e+001	-6.435983e+001
3.730475e+001	-6.301645e+001
3.776115e+001	-5.024022e+001
3.805918e+001	-4.351649e+001
3.800521e+001	-5.024331e+001
3.770488e+001	-6.638527e+001
3.775651e+001	-6.907688e+001
3.844170e+001	-4.755788e+001
3.903890e+001	-2.940130e+001
3.891455e+001	-3.881820e+001
3.836783e+001	-6.437527e+001
3.840187e+001	-6.773945e+001
3.905186e+001	-4.756560e+001
3.917389e+001	-4.756715e+001
3.904954e+001	-5.698381e+001
3.892519e+001	-6.640071e+001
3.911761e+001	-6.371219e+001
3.931004e+001	-6.102367e+001
3.960806e+001	-5.429993e+001
3.971249e+001	-5.497404e+001
3.974652e+001	-5.833822e+001
3.934060e+001	-7.851517e+001
3.888187e+001	-1.007098e+002
3.919749e+001	-9.331351e+001
3.968909e+001	-7.919237e+001
3.986392e+001	-7.717620e+001
3.998595e+001	-7.717774e+001
4.024877e+001	-7.179915e+001
4.021241e+001	-7.785340e+001
4.007046e+001	-8.794265e+001
4.005171e+001	-9.332432e+001
4.017374e+001	-9.332587e+001
4.020777e+001	-9.669005e+001
4.015381e+001	-1.034169e+002
4.004707e+001	-1.121610e+002
4.013390e+001	-1.135077e+002
4.030872e+001	-1.114917e+002
4.039556e+001	-1.128382e+002
4.072878e+001	-1.047695e+002
4.111478e+001	-9.468337e+001
4.111363e+001	-9.939247e+001
4.120045e+001	-1.007392e+002
4.134009e+001	-1.000681e+002
4.119814e+001	-1.101574e+002
4.140816e+001	-1.067963e+002
4.158299e+001	-1.047803e+002
4.161702e+001	-1.081445e+002
4.143988e+001	-1.195789e+002
4.161471e+001	-1.175627e+002
4.208871e+001	-1.041139e+002
4.252752e+001	-9.201029e+001
4.289593e+001	-8.259648e+001
4.289477e+001	-8.730580e+001
4.292881e+001	-9.066976e+001
4.310364e+001	-8.865382e+001
4.336646e+001	-8.327523e+001
4.347089e+001	-8.394935e+001
4.324095e+001	-9.740123e+001
4.341577e+001	-9.538527e+001
4.369619e+001	-8.933411e+001
4.360704e+001	-9.740586e+001
4.353548e+001	-1.048050e+002
4.362231e+001	-1.061517e+002
4.392033e+001	-9.942799e+001
4.448233e+001	-8.261655e+001
4.476275e+001	-7.656561e+001
4.451521e+001	-9.068984e+001
4.440846e+001	-9.943417e+001
4.431930e+001	-1.075059e+002
4.442374e+001	-1.081800e+002
4.495054e+001	-9.271374e+001
4.523095e+001	-8.666258e+001
4.514180e+001	-9.473432e+001
4.508785e+001	-1.014609e+002
4.535067e+001	-9.608233e+001
4.538471e+001	-9.944651e+001
4.540114e+001	-1.034833e+002
4.550558e+001	-1.041572e+002
4.522283e+001	-1.196268e+002
4.488730e+001	-1.371136e+002
4.515012e+001	-1.317351e+002
4.569452e+001	-1.155962e+002
4.590455e+001	-1.122351e+002
4.581539e+001	-1.203068e+002
4.618380e+001	-1.108933e+002
4.683380e+001	-9.071918e+001
4.741339e+001	-7.323540e+001
4.774661e+001	-6.516674e+001
4.802703e+001	-5.911557e+001
4.827225e+001	-5.440955e+001
4.814789e+001	-6.382645e+001
4.837552e+001	-5.979277e+001
4.856794e+001	-5.710425e+001
4.877797e+001	-5.374316e+001
4.905839e+001	-4.769222e+001
4.907483e+001	-5.172876e+001
4.844011e+001	-8.064847e+001
4.812218e+001	-9.746299e+001
4.845539e+001	-8.939433e+001
4.884140e+001	-7.930818e+001
4.919222e+001	-7.056695e+001
4.934944e+001	-6.922356e+001
4.920749e+001	-7.931281e+001
4.917114e+001	-8.536685e+001
4.950436e+001	-7.729819e+001
5.025993e+001	-5.308934e+001
5.071634e+001	-4.031290e+001
5.083838e+001	-4.031444e+001
5.118919e+001	-3.157343e+001
5.110003e+001	-3.964518e+001
5.102848e+001	-4.704435e+001
5.116811e+001	-4.637332e+001
5.150133e+001	-3.830466e+001
5.165855e+001	-3.696128e+001
5.181578e+001	-3.561769e+001
5.190261e+001	-3.696438e+001
5.188386e+001	-4.234605e+001
5.228747e+001	-3.158733e+001
5.276147e+001	-1.813854e+001
5.267232e+001	-2.621027e+001
5.238958e+001	-4.167966e+001
5.221243e+001	-5.311404e+001
5.228167e+001	-5.513308e+001
5.250929e+001	-5.109942e+001
5.286010e+001	-4.235840e+001
5.317572e+001	-3.496210e+001
5.335055e+001	-3.294614e+001
5.354297e+001	-3.025762e+001
5.361221e+001	-3.227666e+001
5.396302e+001	-2.353565e+001
5.436663e+001	-1.277693e+001
5.480544e+001	-6.730572e-001
5.490987e+001	-1.347172e+000
5.467993e+001	-1.479906e+001
5.473156e+001	-1.749067e+001
5.492399e+001	-1.480215e+001
5.504602e+001	-1.480369e+001
5.525605e+001	-1.144259e+001
5.527248e+001	-1.547935e+001
5.518333e+001	-2.355109e+001
5.505898e+001	-3.296776e+001
5.549778e+001	-2.086412e+001
5.569021e+001	-1.817559e+001
5.540747e+001	-3.364497e+001
5.544151e+001	-3.700915e+001
5.514117e+001	-5.315110e+001
5.531600e+001	-5.113493e+001
5.584280e+001	-3.566865e+001
5.614082e+001	-2.894512e+001
5.654443e+001	-1.818640e+001
5.638488e+001	-2.894821e+001
5.641892e+001	-3.231217e+001
5.666414e+001	-2.760615e+001
5.680377e+001	-2.693513e+001
5.685541e+001	-2.962674e+001
5.667826e+001	-4.106113e+001
5.695868e+001	-3.500997e+001
5.718630e+001	-3.097652e+001
5.697396e+001	-4.375583e+001
5.711358e+001	-4.308480e+001
5.735880e+001	-3.837879e+001
5.742804e+001	-4.039782e+001
5.769086e+001	-3.501923e+001
5.821766e+001	-1.955294e+001
5.833969e+001	-1.955448e+001
5.840893e+001	-2.157352e+001
5.854855e+001	-2.090271e+001
5.849460e+001	-2.762932e+001
5.835265e+001	-3.771856e+001
5.789392e+001	-5.991322e+001
5.782237e+001	-6.731239e+001
5.833157e+001	-5.251867e+001
5.857679e+001	-4.781266e+001
5.866363e+001	-4.915912e+001
5.864487e+001	-5.454080e+001
5.883729e+001	-5.185228e+001
5.913531e+001	-4.512877e+001
5.922215e+001	-4.647523e+001
5.941457e+001	-4.378671e+001
5.981818e+001	-3.302799e+001
6.009860e+001	-2.697682e+001
5.979826e+001	-4.311877e+001
5.972671e+001	-5.051816e+001
6.013032e+001	-3.975944e+001
6.019955e+001	-4.177848e+001
6.014560e+001	-4.850508e+001
6.042601e+001	-4.245414e+001
6.121680e+001	-1.689993e+001
6.167321e+001	-4.123708e+000
6.161924e+001	-1.085053e+001
6.133651e+001	-2.631991e+001
6.108897e+001	-4.044414e+001
6.084142e+001	-5.456860e+001
6.069948e+001	-6.465783e+001
6.073351e+001	-6.802203e+001
6.083794e+001	-6.869614e+001
6.090718e+001	-7.071518e+001
6.092362e+001	-7.475171e+001
6.101045e+001	-7.609840e+001
6.139646e+001	-6.601225e+001
6.180007e+001	-5.525352e+001
6.209809e+001	-4.852979e+001
6.218492e+001	-4.987648e+001
6.220137e+001	-5.391301e+001
6.204181e+001	-6.467482e+001
6.184707e+001	-7.678178e+001
6.226828e+001	-6.535049e+001
6.261909e+001	-5.660926e+001
6.289951e+001	-5.055831e+001
6.298635e+001	-5.190478e+001
6.316117e+001	-4.988883e+001
6.326560e+001	-5.056295e+001
6.347562e+001	-4.720185e+001
6.370325e+001	-4.316818e+001
6.338531e+001	-5.998270e+001
6.310258e+001	-7.545208e+001
6.315421e+001	-7.814370e+001
6.355782e+001	-6.738497e+001
6.397902e+001	-5.595388e+001
6.415386e+001	-5.393772e+001
6.420549e+001	-5.662932e+001
6.438032e+001	-5.461338e+001
6.492472e+001	-3.847452e+001
6.499396e+001	-4.049356e+001
6.471121e+001	-5.596315e+001
6.474525e+001	-5.932712e+001
6.490248e+001	-5.798373e+001
6.534129e+001	-4.587986e+001
6.562171e+001	-3.982893e+001
6.591972e+001	-3.310519e+001
6.567218e+001	-4.722964e+001
6.540704e+001	-6.202645e+001
6.538829e+001	-6.740812e+001
6.561590e+001	-6.337468e+001
6.584353e+001	-5.934102e+001
6.550799e+001	-7.682811e+001
6.559483e+001	-7.817458e+001
6.598084e+001	-6.808842e+001
6.608527e+001	-6.876253e+001
6.638329e+001	-6.203880e+001
6.650532e+001	-6.204035e+001
6.625778e+001	-7.616480e+001
6.608063e+001	-8.759918e+001
6.657223e+001	-7.347782e+001
6.676466e+001	-7.078930e+001
6.671070e+001	-7.751590e+001
6.676234e+001	-8.020751e+001
6.676117e+001	-8.491684e+001
6.684802e+001	-8.626330e+001
6.709323e+001	-8.155729e+001
6.725047e+001	-8.021369e+001
6.753088e+001	-7.416275e+001
6.763531e+001	-7.483664e+001
6.745817e+001	-8.627103e+001
6.754500e+001	-8.761772e+001
6.773742e+001	-8.492919e+001
6.754268e+001	-9.703593e+001
6.738313e+001	-1.077977e+002
6.761076e+001	-1.037643e+002
6.743361e+001	-1.151985e+002
6.706288e+001	-1.340305e+002
6.709691e+001	-1.373947e+002
6.758852e+001	-1.232733e+002
6.776335e+001	-1.212574e+002
6.790297e+001	-1.205863e+002
6.837698e+001	-1.071375e+002
6.856941e+001	-1.044490e+002
6.876183e+001	-1.017605e+002
6.881347e+001	-1.044521e+002
6.900589e+001	-1.017636e+002
6.921591e+001	-9.840269e+001
6.917956e+001	-1.044567e+002
6.924879e+001	-1.064760e+002
6.931803e+001	-1.084950e+002
6.959844e+001	-1.024439e+002
6.982606e+001	-9.841041e+001
7.007129e+001	-9.370418e+001
7.026372e+001	-9.101565e+001
7.049134e+001	-8.698221e+001
7.027899e+001	-9.976151e+001
7.047142e+001	-9.707299e+001
7.078704e+001	-8.967690e+001
7.087387e+001	-9.102337e+001
7.057353e+001	-1.071653e+002
7.034359e+001	-1.206172e+002
7.046562e+001	-1.206187e+002
7.078123e+001	-1.132227e+002
7.106166e+001	-1.071715e+002
7.111329e+001	-1.098631e+002
7.095375e+001	-1.206249e+002
7.084699e+001	-1.293693e+002
7.116260e+001	-1.219732e+002
7.126704e+001	-1.226473e+002
7.138907e+001	-1.226488e+002
7.168709e+001	-1.159251e+002
7.173873e+001	-1.186167e+002
7.179036e+001	-1.213083e+002
7.192999e+001	-1.206373e+002
7.219281e+001	-1.152587e+002
7.213885e+001	-1.219855e+002
7.168013e+001	-1.441799e+002
7.181976e+001	-1.435091e+002
7.215297e+001	-1.354405e+002
7.245099e+001	-1.287167e+002
7.264342e+001	-1.260282e+002
7.264226e+001	-1.307373e+002
7.278189e+001	-1.300665e+002
7.292152e+001	-1.293955e+002
7.300835e+001	-1.307420e+002
7.309518e+001	-1.320886e+002
7.312922e+001	-1.354528e+002
7.330405e+001	-1.334367e+002
7.360207e+001	-1.267131e+002
7.391768e+001	-1.193171e+002
7.402211e+001	-1.199912e+002
7.403855e+001	-1.240277e+002
7.409019e+001	-1.267193e+002
7.415942e+001	-1.287384e+002
7.414067e+001	-1.341200e+002
7.452667e+001	-1.240339e+002
7.493028e+001	-1.132752e+002
7.461234e+001	-1.300897e+002
7.432961e+001	-1.455591e+002
7.402927e+001	-1.617010e+002
7.415130e+001	-1.617026e+002
7.444932e+001	-1.549788e+002
7.455375e+001	-1.556529e+002
7.476378e+001	-1.522918e+002
7.476262e+001	-1.570012e+002
7.493745e+001	-1.549850e+002
7.523546e+001	-1.482615e+002
7.532230e+001	-1.496080e+002
7.546192e+001	-1.489371e+002
7.563676e+001	-1.469210e+002
7.591717e+001	-1.408700e+002
7.632078e+001	-1.301113e+002
7.735795e+001	-9.514196e+001
7.807833e+001	-7.227782e+001
7.855233e+001	-5.882925e+001
7.892075e+001	-4.941545e+001
7.886679e+001	-5.614227e+001
7.858405e+001	-7.161165e+001
7.877647e+001	-6.892312e+001
7.914489e+001	-5.950932e+001
7.917892e+001	-6.287350e+001
7.928336e+001	-6.354763e+001
7.935260e+001	-6.556666e+001
7.963301e+001	-5.951549e+001
7.975505e+001	-5.951704e+001
7.950750e+001	-7.364149e+001
7.943595e+001	-8.104067e+001
7.966356e+001	-7.700722e+001
8.017278e+001	-6.221328e+001
8.041799e+001	-5.750726e+001
8.041683e+001	-6.221638e+001
8.041567e+001	-6.692570e+001
8.067849e+001	-6.154711e+001
8.081813e+001	-6.087608e+001
8.092255e+001	-6.155020e+001
8.104458e+001	-6.155174e+001
8.118422e+001	-6.088071e+001
8.121825e+001	-6.424490e+001
8.132269e+001	-6.491880e+001
8.167350e+001	-5.617779e+001
8.209471e+001	-4.474648e+001
8.249832e+001	-3.398776e+001
8.244437e+001	-4.071436e+001
8.233761e+001	-4.945868e+001
8.210767e+001	-6.291057e+001
8.208891e+001	-6.829225e+001
8.221094e+001	-6.829378e+001
8.247376e+001	-6.291520e+001
8.268378e+001	-5.955410e+001
8.280582e+001	-5.955564e+001
8.261107e+001	-7.166260e+001
8.222274e+001	-9.116697e+001
8.232717e+001	-9.184108e+001
8.264279e+001	-8.444500e+001
8.320479e+001	-6.763357e+001
8.392517e+001	-4.476965e+001
8.420559e+001	-3.871848e+001
8.425722e+001	-4.141009e+001
8.430886e+001	-4.410170e+001
8.430771e+001	-4.881082e+001
8.425374e+001	-5.553764e+001
8.412940e+001	-6.495431e+001
8.416343e+001	-6.831849e+001
8.439105e+001	-6.428504e+001
8.440750e+001	-6.832158e+001
8.428314e+001	-7.773825e+001
8.440517e+001	-7.773979e+001
8.436882e+001	-8.379404e+001
8.412128e+001	-9.791851e+001
8.433130e+001	-9.455740e+001
8.459412e+001	-8.917881e+001
8.462816e+001	-9.254299e+001
8.471499e+001	-9.388946e+001
8.496021e+001	-8.918345e+001
8.545182e+001	-7.506208e+001
8.562665e+001	-7.304613e+001
8.550229e+001	-8.246302e+001
8.580031e+001	-7.573928e+001
8.585194e+001	-7.843089e+001
8.586838e+001	-8.246765e+001
8.606081e+001	-7.977913e+001
8.607725e+001	-8.381566e+001
8.623447e+001	-8.247229e+001
8.644450e+001	-7.911119e+001
8.639055e+001	-8.583779e+001
8.638938e+001	-9.054712e+001
8.663461e+001	-8.584088e+001
8.631667e+001	-1.026554e+002
8.619232e+001	-1.120723e+002
8.675432e+001	-9.526085e+001
8.699953e+001	-9.055483e+001
8.696318e+001	-9.660887e+001
8.710280e+001	-9.593806e+001
8.731283e+001	-9.257697e+001
8.727648e+001	-9.863123e+001
8.729292e+001	-1.026677e+002
8.753814e+001	-9.796174e+001
8.776576e+001	-9.392807e+001
8.781740e+001	-9.661968e+001
8.834420e+001	-8.115339e+001
8.873021e+001	-7.106724e+001
8.871145e+001	-7.644892e+001
8.888627e+001	-7.443297e+001
8.916670e+001	-6.838180e+001
8.949991e+001	-6.031314e+001
8.941075e+001	-6.838489e+001
8.928641e+001	-7.780156e+001
8.946124e+001	-7.578561e+001
8.961846e+001	-7.444223e+001
8.970530e+001	-7.578869e+001
8.952815e+001	-8.722309e+001
8.945659e+001	-9.462226e+001
8.954343e+001	-9.596895e+001
8.973585e+001	-9.328043e+001
8.991069e+001	-9.126425e+001
8.983913e+001	-9.866364e+001
8.992596e+001	-1.000101e+002
9.036476e+001	-8.790646e+001
9.052199e+001	-8.656286e+001
9.048563e+001	-9.261711e+001
9.029090e+001	-1.047239e+002
9.039533e+001	-1.053980e+002
9.053495e+001	-1.047269e+002
9.072738e+001	-1.020384e+002
9.067342e+001	-1.087652e+002
9.063707e+001	-1.148195e+002
9.053031e+001	-1.235636e+002
9.051156e+001	-1.289453e+002
9.082717e+001	-1.215492e+002
9.108999e+001	-1.161706e+002
9.086005e+001	-1.296225e+002
9.101728e+001	-1.282789e+002
9.154408e+001	-1.128126e+002
9.159572e+001	-1.155042e+002
9.122498e+001	-1.343362e+002
9.115343e+001	-1.417354e+002
9.145144e+001	-1.350119e+002
9.150308e+001	-1.377035e+002
9.176590e+001	-1.323249e+002
9.218711e+001	-1.208936e+002
9.250272e+001	-1.134975e+002
9.257196e+001	-1.155165e+002
9.244761e+001	-1.249334e+002
9.241126e+001	-1.309875e+002
9.277966e+001	-1.215739e+002
9.314807e+001	-1.121603e+002
9.281254e+001	-1.296472e+002
9.260020e+001	-1.424265e+002
9.293341e+001	-1.343578e+002
9.312584e+001	-1.316693e+002
9.315988e+001	-1.350335e+002
9.315872e+001	-1.397426e+002
9.340393e+001	-1.350366e+002
9.366676e+001	-1.296580e+002
9.343682e+001	-1.431099e+002
9.354125e+001	-1.437840e+002
9.368087e+001	-1.431130e+002
9.366212e+001	-1.484946e+002
9.371375e+001	-1.511862e+002
9.362460e+001	-1.592580e+002
9.399302e+001	-1.498442e+002
9.432623e+001	-1.417755e+002
9.436027e+001	-1.451397e+002
9.405993e+001	-1.612817e+002
9.400597e+001	-1.680085e+002
9.405760e+001	-1.707001e+002
9.437323e+001	-1.633038e+002
9.482963e+001	-1.505276e+002
9.503965e+001	-1.471665e+002
9.512649e+001	-1.485132e+002
9.535411e+001	-1.444795e+002
9.565213e+001	-1.377560e+002
9.579176e+001	-1.370850e+002
9.563221e+001	-1.478468e+002
9.571904e+001	-1.491935e+002
9.580588e+001	-1.505399e+002
9.610389e+001	-1.438164e+002
9.619073e+001	-1.451629e+002
9.669993e+001	-1.303692e+002
9.734993e+001	-1.101951e+002
9.807031e+001	-8.733117e+001
9.879069e+001	-6.446725e+001
9.887753e+001	-6.581372e+001
9.882358e+001	-7.254031e+001
9.926238e+001	-6.043667e+001
9.938441e+001	-6.043821e+001
9.931286e+001	-6.783740e+001
9.922370e+001	-7.590913e+001
9.925774e+001	-7.927332e+001
9.966135e+001	-6.851460e+001
1.001354e+002	-5.506580e+001
1.006270e+002	-4.094444e+001
1.006082e+002	-4.632611e+001
1.005366e+002	-5.372551e+001
1.003243e+002	-6.650482e+001
1.002351e+002	-7.457657e+001
1.000756e+002	-8.533838e+001
9.998644e+001	-9.341013e+001
1.002317e+002	-8.870389e+001
1.002833e+002	-9.139550e+001
1.002821e+002	-9.610483e+001
1.005098e+002	-9.207116e+001
1.007374e+002	-8.803771e+001
1.012642e+002	-7.257121e+001
1.017910e+002	-5.710491e+001
1.014906e+002	-7.324686e+001
1.015071e+002	-7.728362e+001
1.018227e+002	-6.988753e+001
1.019799e+002	-6.854393e+001
1.019260e+002	-7.527053e+001
1.018544e+002	-8.266993e+001
1.018005e+002	-8.939653e+001
1.022217e+002	-7.796524e+001
1.025197e+002	-7.124172e+001
1.024657e+002	-7.796832e+001
1.025174e+002	-8.065993e+001
1.026570e+002	-7.998913e+001
1.025854e+002	-8.738830e+001
1.026899e+002	-8.806242e+001
1.029351e+002	-8.335618e+001
1.030219e+002	-8.470286e+001
1.030912e+002	-8.672191e+001
1.027556e+002	-1.042090e+002
1.026841e+002	-1.116082e+002
1.030525e+002	-1.021944e+002
1.035969e+002	-8.605552e+001
1.036133e+002	-9.009227e+001
1.034890e+002	-9.950894e+001
1.035582e+002	-1.015282e+002
1.036274e+002	-1.035472e+002
1.037143e+002	-1.048937e+002
1.041707e+002	-9.211749e+001
1.045743e+002	-8.135875e+001
1.044324e+002	-9.144800e+001
1.044136e+002	-9.682968e+001
1.050108e+002	-7.867332e+001
1.055024e+002	-6.455218e+001
1.053780e+002	-7.396884e+001
1.053593e+002	-7.935053e+001
1.049709e+002	-9.885512e+001
1.046882e+002	-1.143245e+002
1.049862e+002	-1.076008e+002
1.049499e+002	-1.136550e+002
1.048431e+002	-1.223993e+002
1.051411e+002	-1.156756e+002
1.052984e+002	-1.143322e+002
1.051916e+002	-1.230765e+002
1.055952e+002	-1.123178e+002
1.064212e+002	-8.541867e+001
1.065960e+002	-8.340250e+001
1.061197e+002	-1.062697e+002
1.064353e+002	-9.887365e+001
1.065749e+002	-9.820261e+001
1.064682e+002	-1.069469e+002
1.064846e+002	-1.109835e+002
1.065891e+002	-1.116576e+002
1.070631e+002	-9.820880e+001
1.076075e+002	-8.206993e+001
1.073951e+002	-9.484925e+001
1.073412e+002	-1.015761e+002
1.075512e+002	-9.821497e+001
1.079196e+002	-8.880116e+001
1.082000e+002	-8.275022e+001
1.079525e+002	-9.687445e+001
1.078633e+002	-1.049462e+002
1.077038e+002	-1.157080e+002
1.076674e+002	-1.217623e+002
1.080006e+002	-1.136936e+002
1.084746e+002	-1.002448e+002
1.088255e+002	-9.150358e+001
1.089651e+002	-9.083278e+001
1.089815e+002	-9.486931e+001
1.090860e+002	-9.554343e+001
1.093664e+002	-8.949227e+001
1.092420e+002	-9.890915e+001
1.090473e+002	-1.110159e+002
1.092749e+002	-1.069825e+002
1.093617e+002	-1.083289e+002
1.095014e+002	-1.076579e+002
1.095354e+002	-1.110221e+002
1.094111e+002	-1.204390e+002
1.095155e+002	-1.211129e+002
1.099015e+002	-1.110267e+002
1.103579e+002	-9.825048e+001
1.104623e+002	-9.892460e+001
1.101972e+002	-1.137214e+002
1.098265e+002	-1.325534e+002
1.096317e+002	-1.446602e+002
1.099649e+002	-1.365915e+002
1.104037e+002	-1.244879e+002
1.109657e+002	-1.076764e+002
1.112110e+002	-1.029704e+002
1.113154e+002	-1.036445e+002
1.115958e+002	-9.759336e+001
1.119290e+002	-8.952469e+001
1.125966e+002	-6.867826e+001
1.132994e+002	-4.648670e+001
1.135974e+002	-3.976319e+001
1.138426e+002	-3.505717e+001
1.142990e+002	-2.228072e+001
1.144563e+002	-2.093735e+001
1.148071e+002	-1.219611e+001
1.147179e+002	-2.026786e+001
1.147872e+002	-2.228690e+001
1.153492e+002	-5.475684e+000
1.153656e+002	-9.512221e+000
1.152941e+002	-1.691139e+001
1.152753e+002	-2.229307e+001
1.153093e+002	-2.565726e+001
1.153786e+002	-2.767630e+001
1.154478e+002	-2.969556e+001
1.156578e+002	-2.633446e+001
1.160262e+002	-1.692066e+001
1.164826e+002	-4.144434e+000
1.167279e+002	5.615671e-001
1.172899e+002	1.737300e+001
1.174999e+002	2.073388e+001
1.166892e+002	-1.491089e+001
1.164240e+002	-2.970791e+001
1.170564e+002	-1.020641e+001
1.173369e+002	-4.155243e+000
1.173885e+002	-6.846856e+000
1.174577e+002	-8.866120e+000
1.175094e+002	-1.155773e+001
1.176138e+002	-1.223163e+001
1.178414e+002	-8.198185e+000
1.182978e+002	4.578035e+000
1.181031e+002	-7.528700e+000
1.179611e+002	-1.761794e+001
1.181008e+002	-1.694691e+001
1.181524e+002	-1.963853e+001
1.183624e+002	-1.627764e+001
1.185549e+002	-1.358912e+001
1.184657e+002	-2.166087e+001
1.184997e+002	-2.502483e+001
1.187450e+002	-2.031882e+001
1.188846e+002	-1.964778e+001
1.190594e+002	-1.763184e+001
1.190407e+002	-2.301351e+001
1.187227e+002	-3.982803e+001
1.187040e+002	-4.520972e+001
1.191780e+002	-3.176092e+001
1.196168e+002	-1.965705e+001
1.199676e+002	-1.091605e+001
1.200896e+002	-1.091759e+001
1.200357e+002	-1.764418e+001
1.199113e+002	-2.706108e+001
1.201389e+002	-2.302741e+001
1.205425e+002	-1.226869e+001
1.206998e+002	-1.092530e+001
1.206634e+002	-1.697934e+001
1.207327e+002	-1.899859e+001
1.206963e+002	-2.505263e+001
1.208359e+002	-2.438182e+001
1.210811e+002	-1.967558e+001
1.209392e+002	-2.976504e+001
1.207796e+002	-4.052686e+001
1.208665e+002	-4.187333e+001
1.210061e+002	-4.120230e+001
1.210753e+002	-4.322156e+001
1.211094e+002	-4.658552e+001
1.214778e+002	-3.717194e+001
1.217758e+002	-3.044820e+001
1.217746e+002	-3.515753e+001
1.218087e+002	-3.852149e+001
1.220363e+002	-3.448804e+001
1.222815e+002	-2.978203e+001
1.223684e+002	-3.112850e+001
1.224904e+002	-3.113004e+001
1.227884e+002	-2.440653e+001
1.231568e+002	-1.499272e+001
1.237540e+002	3.163626e+000
1.236825e+002	-4.235537e+000
1.234701e+002	-1.701485e+001
1.233634e+002	-2.575917e+001
1.233446e+002	-3.114085e+001
1.235018e+002	-2.979747e+001
1.236767e+002	-2.778130e+001
1.235523e+002	-3.719819e+001
1.237623e+002	-3.383709e+001
1.238492e+002	-3.518378e+001
1.241648e+002	-2.778748e+001
1.246564e+002	-1.366633e+001
1.249192e+002	-8.287739e+000
1.254108e+002	5.833621e+000
1.259200e+002	2.062734e+001
1.259189e+002	1.591823e+001
1.257065e+002	3.138918e+000
1.250894e+002	-2.510821e+001
1.253170e+002	-2.107477e+001
1.262310e+002	9.186989e+000
1.267402e+002	2.398071e+001
1.267214e+002	1.859903e+001
1.265091e+002	5.819722e+000
1.263671e+002	-4.269515e+000
1.267004e+002	3.799134e+000
1.270864e+002	1.388529e+001
1.272436e+002	1.522867e+001
1.271368e+002	6.484577e+000
1.272765e+002	7.155376e+000
1.273633e+002	5.808912e+000
1.269398e+002	-1.504059e+001
1.265338e+002	-3.521776e+001
1.267087e+002	-3.320158e+001
1.268131e+002	-3.387570e+001
1.269703e+002	-3.253232e+001
1.271980e+002	-2.849865e+001
1.272144e+002	-3.253540e+001
1.276180e+002	-2.177668e+001
1.280040e+002	-1.169052e+001
1.282492e+002	-6.984286e+000
1.282305e+002	-1.236596e+001
1.282997e+002	-1.438523e+001
1.285977e+002	-7.661490e+000
1.286494e+002	-1.035310e+001
1.286834e+002	-1.371728e+001
1.288230e+002	-1.304626e+001
1.286987e+002	-2.246293e+001
1.287151e+002	-2.649968e+001
1.291539e+002	-1.439603e+001
1.295223e+002	-4.982226e+000
1.293980e+002	-1.439913e+001
1.290273e+002	-3.323092e+001
1.290261e+002	-3.794024e+001
1.297289e+002	-1.574868e+001
1.302029e+002	-2.299883e+000
1.299378e+002	-1.709669e+001
1.299542e+002	-2.113344e+001
1.303930e+002	-9.029798e+000
1.303742e+002	-1.441147e+001
1.300563e+002	-3.122578e+001
1.301783e+002	-3.122732e+001
1.307755e+002	-1.307096e+001
1.310911e+002	-5.674880e+000
1.311428e+002	-8.366483e+000
1.311240e+002	-1.374817e+001
1.309997e+002	-2.316484e+001
1.311745e+002	-2.114888e+001
1.314021e+002	-1.711522e+001
1.311194e+002	-3.258482e+001
1.312238e+002	-3.325871e+001
1.313107e+002	-3.460539e+001
1.311335e+002	-4.603978e+001
1.316251e+002	-3.191842e+001
1.317823e+002	-3.057482e+001
1.318868e+002	-3.124894e+001
1.320088e+002	-3.125048e+001
1.325532e+002	-1.511162e+001
1.327984e+002	-1.040560e+001
1.331844e+002	-3.194422e-001
1.330601e+002	-9.736115e+000
1.327245e+002	-2.722321e+001
1.329346e+002	-2.386211e+001
1.333030e+002	-1.444853e+001
1.336362e+002	-6.379872e+000
1.337054e+002	-8.398910e+000
1.338979e+002	-5.710387e+000
1.338791e+002	-1.109207e+001
1.338779e+002	-1.580117e+001
1.336656e+002	-2.858048e+001
1.334533e+002	-4.135979e+001
1.337689e+002	-3.396371e+001
1.339085e+002	-3.329268e+001
1.342593e+002	-2.455168e+001
1.345749e+002	-1.715537e+001
1.346794e+002	-1.782948e+001
1.349422e+002	-1.245089e+001
1.349410e+002	-1.716000e+001
1.351510e+002	-1.379913e+001
1.352203e+002	-1.581816e+001
1.352543e+002	-1.918235e+001
1.355523e+002	-1.245861e+001
1.357096e+002	-1.111523e+001
1.353564e+002	-2.927468e+001
1.350561e+002	-4.541663e+001
1.350021e+002	-5.214322e+001
1.355465e+002	-3.600437e+001
1.358270e+002	-2.995342e+001
1.357906e+002	-3.600746e+001
1.358422e+002	-3.869907e+001
1.362106e+002	-2.928549e+001
1.366494e+002	-1.718162e+001
1.370003e+002	-8.440608e+000
1.371575e+002	-7.097008e+000
1.373675e+002	-3.736126e+000
1.380175e+002	1.643793e+001
1.382979e+002	2.248909e+001
1.381208e+002	1.105471e+001
1.381020e+002	5.673032e+000
1.382593e+002	7.016406e+000
1.381877e+002	-3.827578e-001
1.376410e+002	-2.593983e+001
1.377982e+002	-2.459645e+001
1.382898e+002	-1.047508e+001
1.381479e+002	-2.056433e+001
1.381643e+002	-2.460108e+001
1.385503e+002	-1.451493e+001
1.385140e+002	-2.056896e+001
1.383016e+002	-3.334827e+001
1.383884e+002	-3.469496e+001
1.388976e+002	-1.990102e+001
1.391605e+002	-1.452265e+001
1.393881e+002	-1.048898e+001
1.400381e+002	9.684861e+000
1.402129e+002	1.170103e+001
1.397542e+002	-1.049361e+001
1.394890e+002	-2.529042e+001
1.395055e+002	-2.932717e+001
1.401027e+002	-1.117082e+001
1.405415e+002	9.330435e-001
1.405931e+002	-1.758559e+000
1.409439e+002	6.982438e+000
1.405908e+002	-1.117700e+001
1.400441e+002	-3.673407e+001
1.401309e+002	-3.808076e+001
1.403585e+002	-3.404710e+001
1.405158e+002	-3.270371e+001
1.408490e+002	-2.463505e+001
1.410062e+002	-2.329145e+001
1.410050e+002	-2.800056e+001
1.413031e+002	-2.127704e+001
1.415131e+002	-1.791594e+001
1.416527e+002	-1.724492e+001
1.421091e+002	-4.468701e+000
1.423719e+002	9.098852e-001
1.424764e+002	2.357604e-001
1.423696e+002	-8.508543e+000
1.421925e+002	-1.994271e+001
1.421209e+002	-2.734210e+001
1.422254e+002	-2.801600e+001
1.427345e+002	-1.322228e+001
1.432613e+002	2.243999e+000
1.431370e+002	-7.172663e+000
1.431534e+002	-1.120942e+001
1.436098e+002	1.566785e+000
1.434151e+002	-1.053994e+001
1.435899e+002	-8.523981e+000
1.439055e+002	-1.127897e+000
1.439748e+002	-3.146935e+000
1.439912e+002	-7.183472e+000
1.443068e+002	2.126022e-001
1.440417e+002	-1.458441e+001
1.439525e+002	-2.265594e+001
1.442330e+002	-1.660500e+001
1.443022e+002	-1.862404e+001
1.443538e+002	-2.131565e+001
1.443351e+002	-2.669733e+001
1.443163e+002	-3.207901e+001
1.447023e+002	-2.199286e+001
1.450355e+002	-1.392420e+001
1.456151e+002	3.559801e+000
1.456668e+002	8.681880e-001
1.457888e+002	8.666483e-001
1.462276e+002	1.297029e+001
1.462792e+002	1.027868e+001
1.459261e+002	-7.880755e+000
1.461537e+002	-3.847308e+000
1.464694e+002	3.548992e+000
1.466266e+002	4.892376e+000
1.464846e+002	-5.196861e+000
1.463603e+002	-1.461375e+001
1.462535e+002	-2.335785e+001
1.464460e+002	-2.066932e+001
1.470432e+002	-2.512968e+000
1.475347e+002	1.160839e+001
1.474632e+002	4.208992e+000
1.470925e+002	-1.462302e+001
1.469153e+002	-2.605718e+001
1.470549e+002	-2.538615e+001
1.471418e+002	-2.673284e+001
1.475982e+002	-1.395662e+001
1.478962e+002	-7.232888e+000
1.477719e+002	-1.664978e+001
1.478587e+002	-1.799624e+001
1.484031e+002	-1.857382e+000
1.489299e+002	1.360890e+001
1.490343e+002	1.293478e+001
1.490332e+002	8.225675e+000
1.489264e+002	-5.186380e-001
1.482389e+002	-3.145584e+001
1.478506e+002	-5.096044e+001
1.479902e+002	-5.028940e+001
1.478658e+002	-5.970630e+001
1.480935e+002	-5.567263e+001
1.486907e+002	-3.751627e+001
1.492351e+002	-2.137742e+001
1.496739e+002	-9.273761e+000
1.497431e+002	-1.129280e+001
1.499355e+002	-8.604275e+000
1.502335e+002	-1.880540e+000
1.505844e+002	6.860457e+000
1.507240e+002	7.531482e+000
1.504237e+002	-8.610455e+000
1.506337e+002	-5.249357e+000
1.506677e+002	-8.613545e+000
1.504378e+002	-2.206543e+001
1.507534e+002	-1.466934e+001
1.510162e+002	-9.290750e+000
1.510854e+002	-1.130979e+001
1.511547e+002	-1.332883e+001
1.509071e+002	-2.745328e+001
1.506948e+002	-4.023260e+001
1.508696e+002	-3.821663e+001
1.510972e+002	-3.418297e+001
1.510609e+002	-4.023722e+001
1.514821e+002	-2.880593e+001
1.516217e+002	-2.813489e+001
1.520429e+002	-1.670382e+001
1.521298e+002	-1.805029e+001
1.524102e+002	-1.199934e+001
1.527962e+002	-1.912968e+000
1.529006e+002	-2.587082e+000
1.532514e+002	6.154131e+000
1.536903e+002	1.825779e+001
1.535483e+002	8.168539e+000
1.531072e+002	-1.335353e+001
1.531940e+002	-1.470022e+001
1.536152e+002	-3.268927e+000
1.538956e+002	2.782234e+000
1.539473e+002	9.062103e-002
1.539461e+002	-4.618480e+000
1.541913e+002	8.753121e-002
1.541198e+002	-7.311632e+000
1.542946e+002	-5.295684e+000
1.545926e+002	1.427825e+000
1.544331e+002	-9.333986e+000
1.542031e+002	-2.278564e+001
1.542372e+002	-2.614983e+001
1.542712e+002	-2.951401e+001
1.549388e+002	-8.667591e+000
1.554656e+002	6.798692e+000
1.556756e+002	1.015979e+001
1.553401e+002	-7.327071e+000
1.552333e+002	-1.607139e+001
1.554082e+002	-1.405545e+001
1.553366e+002	-2.145462e+001
1.551595e+002	-3.288901e+001
1.551583e+002	-3.759811e+001
1.556147e+002	-2.482189e+001
1.558775e+002	-1.944330e+001
1.562635e+002	-9.357144e+000
1.564384e+002	-7.340971e+000
1.565428e+002	-8.015085e+000
1.562953e+002	-2.213954e+001
1.562589e+002	-2.819357e+001
1.566273e+002	-1.878000e+001
1.571365e+002	-3.986278e+000
1.572585e+002	-3.987818e+000
1.571870e+002	-1.138699e+001
1.571682e+002	-1.676868e+001
1.572551e+002	-1.811514e+001
1.575883e+002	-1.004648e+001
1.577807e+002	-7.357959e+000
1.578851e+002	-8.032074e+000
1.580248e+002	-7.361049e+000
1.577948e+002	-2.081292e+001
1.578113e+002	-2.484968e+001
1.578629e+002	-2.754130e+001
1.577209e+002	-3.763053e+001
1.577374e+002	-4.166707e+001
1.582466e+002	-2.687335e+001
1.588438e+002	-8.716998e+000
1.593002e+002	4.059212e+000
1.598974e+002	2.221579e+001
1.602306e+002	3.028445e+001
1.601942e+002	2.423020e+001
1.597179e+002	1.362970e+000
1.596112e+002	-7.381117e+000
1.594340e+002	-1.881550e+001
1.590985e+002	-3.630237e+001
1.592029e+002	-3.697650e+001
1.594833e+002	-3.092533e+001
1.594998e+002	-3.496209e+001
1.594282e+002	-4.236126e+001
1.598142e+002	-3.227511e+001
1.607106e+002	-2.685905e+000
1.612198e+002	1.210780e+001
1.610955e+002	2.691130e+000
1.611119e+002	-1.345622e+000
1.609347e+002	-1.277978e+001
1.610744e+002	-1.210897e+001
1.618476e+002	1.277265e+001
1.625327e+002	3.429165e+001
1.625492e+002	3.025511e+001
1.622137e+002	1.276802e+001
1.622301e+002	8.731482e+000
1.621937e+002	2.677231e+000
1.619814e+002	-1.010207e+001
1.622266e+002	-5.396047e+000
1.622606e+002	-8.760235e+000
1.625059e+002	-4.054213e+000
1.627159e+002	-6.931154e-001
1.626091e+002	-9.437439e+000
1.625552e+002	-1.616404e+001
1.625364e+002	-2.154572e+001
1.625353e+002	-2.625482e+001
1.627453e+002	-2.289373e+001
1.630081e+002	-1.751514e+001
1.630773e+002	-1.953441e+001
1.633050e+002	-1.550073e+001
1.633390e+002	-1.886492e+001
1.632675e+002	-2.626410e+001
1.633543e+002	-2.761078e+001
1.633707e+002	-3.164732e+001
1.635632e+002	-2.895880e+001
1.638788e+002	-2.156270e+001
1.640888e+002	-1.820161e+001
1.640700e+002	-2.358329e+001
1.642273e+002	-2.223991e+001
1.644725e+002	-1.753367e+001
1.642425e+002	-3.098555e+001
1.642590e+002	-3.502231e+001
1.650146e+002	-1.081324e+001
1.651542e+002	-1.014222e+001
1.651002e+002	-1.686904e+001
1.650815e+002	-2.225072e+001
1.652211e+002	-2.157969e+001
1.655015e+002	-1.552853e+001
1.656060e+002	-1.620265e+001
1.659568e+002	-7.461412e+000
1.663428e+002	2.624735e+000
1.666232e+002	8.675896e+000
1.667452e+002	8.674356e+000
1.668497e+002	8.000232e+000
1.672181e+002	1.741381e+001
1.673929e+002	1.942999e+001
1.675325e+002	2.010080e+001
1.673202e+002	7.321487e+000
1.670375e+002	-8.147885e+000
1.670363e+002	-1.285699e+001
1.677215e+002	8.661996e+000
1.677027e+002	3.280321e+000
1.675080e+002	-8.826630e+000
1.674364e+002	-1.622580e+001
1.673121e+002	-2.564248e+001
1.672933e+002	-3.102415e+001
1.678201e+002	-1.555787e+001
1.683469e+002	-9.157569e-002
1.688033e+002	1.268463e+001
1.688198e+002	8.648098e+000
1.683434e+002	-1.421911e+001
1.683775e+002	-1.758308e+001
1.687635e+002	-7.496929e+000
1.686919e+002	-1.489632e+001
1.685148e+002	-2.633049e+001
1.687776e+002	-2.095189e+001
1.691108e+002	-1.288323e+001
1.690217e+002	-2.095498e+001
1.686685e+002	-3.911443e+001
1.687906e+002	-3.911598e+001
1.692470e+002	-2.633975e+001
1.693162e+002	-2.835880e+001
1.693854e+002	-3.037805e+001
1.699122e+002	-1.491177e+001
1.700695e+002	-1.356817e+001
1.705083e+002	-1.464513e+000
1.710703e+002	1.534691e+001
1.713683e+002	2.207064e+001
1.711559e+002	9.291119e+000
1.711196e+002	3.237084e+000
1.709072e+002	-9.542441e+000
1.705893e+002	-2.635674e+001
1.707641e+002	-2.434079e+001
1.707806e+002	-2.837733e+001
1.707266e+002	-3.510415e+001
1.707255e+002	-3.981325e+001
1.706539e+002	-4.721242e+001
1.707055e+002	-4.990404e+001
1.711443e+002	-3.780039e+001
1.717415e+002	-1.964404e+001
1.720924e+002	-1.090280e+001
1.721264e+002	-1.426698e+001
1.720196e+002	-2.301108e+001
1.720537e+002	-2.637527e+001
1.721581e+002	-2.704938e+001
1.725969e+002	-1.494574e+001
1.728069e+002	-1.158464e+001
1.729114e+002	-1.225875e+001
1.731742e+002	-6.880167e+000
1.735954e+002	4.551120e+000
1.739638e+002	1.396493e+001
1.737515e+002	1.185392e+000
1.733983e+002	-1.697404e+001
1.735204e+002	-1.697558e+001
1.734664e+002	-2.370218e+001
1.731837e+002	-3.917157e+001
1.732529e+002	-4.119083e+001
1.735509e+002	-3.446708e+001
1.739369e+002	-2.438094e+001
1.741470e+002	-2.101984e+001
1.743042e+002	-1.967645e+001
1.744614e+002	-1.833286e+001
1.742843e+002	-2.976724e+001
1.741951e+002	-3.783899e+001
1.743523e+002	-3.649539e+001
1.747735e+002	-2.506431e+001
1.749836e+002	-2.170322e+001
1.750880e+002	-2.237734e+001
1.750165e+002	-2.977651e+001
1.752793e+002	-2.439791e+001
1.758765e+002	-6.241559e+000
1.762625e+002	3.844577e+000
1.760677e+002	-8.262147e+000
1.758202e+002	-2.238660e+001
1.758190e+002	-2.709571e+001
1.761346e+002	-1.969962e+001
1.762743e+002	-1.902859e+001
1.763435e+002	-2.104763e+001
1.763951e+002	-2.373924e+001
1.767812e+002	-1.365309e+001
1.770088e+002	-9.619645e+000
1.770428e+002	-1.298361e+001
1.773760e+002	-4.914949e+000
1.777796e+002	5.843773e+000
1.777961e+002	1.807011e+000
1.774957e+002	-1.433493e+001
1.773362e+002	-2.509674e+001
1.775286e+002	-2.240821e+001
1.777386e+002	-1.904712e+001
1.778255e+002	-2.039359e+001
1.778067e+002	-2.577527e+001
1.778232e+002	-2.981203e+001
1.782092e+002	-1.972587e+001
1.783136e+002	-2.039976e+001
1.783828e+002	-2.241902e+001
1.782585e+002	-3.183570e+001
1.778350e+002	-5.268520e+001
1.782034e+002	-4.327162e+001
1.789062e+002	-2.108005e+001
1.792746e+002	-1.166647e+001
1.794670e+002	-8.977949e+000
1.792547e+002	-2.175726e+001
1.793767e+002	-2.175881e+001
1.797627e+002	-1.167265e+001
1.800431e+002	-5.621491e+000
1.802355e+002	-2.932968e+000
1.801464e+002	-1.100472e+001
1.803564e+002	-7.643618e+000
1.805664e+002	-4.282747e+000
1.808292e+002	1.095839e+000
1.805113e+002	-1.571845e+001
1.802814e+002	-2.917033e+001
1.804562e+002	-2.715438e+001
1.806310e+002	-2.513843e+001
1.809466e+002	-1.774213e+001
1.812799e+002	-9.673682e+000
1.816483e+002	-2.598836e-001
1.816119e+002	-6.314134e+000
1.817339e+002	-6.315674e+000
1.818384e+002	-6.989798e+000
1.815028e+002	-2.447667e+001
1.817657e+002	-1.909807e+001
1.825036e+002	4.438408e+000
1.828193e+002	1.183449e+001
1.825189e+002	-4.307445e+000
1.822714e+002	-1.843168e+001
1.823582e+002	-1.977837e+001
1.823747e+002	-2.381490e+001
1.826551e+002	-1.776374e+001
1.828651e+002	-1.440287e+001
1.830751e+002	-1.104177e+001
1.832852e+002	-7.680676e+000
1.835832e+002	-9.571563e-001
1.835644e+002	-6.338842e+000
1.839152e+002	2.402381e+000
1.841252e+002	5.763479e+000
1.841417e+002	1.726717e+000
1.843165e+002	3.742675e+000
1.842802e+002	-2.311349e+000
1.842086e+002	-9.710750e+000
1.843658e+002	-8.367139e+000
1.845407e+002	-6.351191e+000
1.847507e+002	-2.990094e+000
1.846439e+002	-1.173442e+001
1.848187e+002	-9.718469e+000
1.849408e+002	-9.720009e+000
1.849220e+002	-1.510168e+001
1.848153e+002	-2.384578e+001
1.848845e+002	-2.586483e+001
1.852353e+002	-1.712381e+001
1.852518e+002	-2.116035e+001
1.854618e+002	-1.779925e+001
1.859886e+002	-2.332968e+000
1.863218e+002	5.735681e+000
1.865846e+002	1.111428e+001
1.868122e+002	1.514772e+001
1.868287e+002	1.111119e+001
1.865811e+002	-3.013262e+000
1.863160e+002	-1.781006e+001
1.864028e+002	-1.915675e+001
1.868064e+002	-8.398028e+000
1.869109e+002	-9.072142e+000
1.870505e+002	-8.401117e+000
1.874013e+002	3.401060e-001
1.876817e+002	6.391051e+000
1.874870e+002	-5.715684e+000
1.875914e+002	-6.389798e+000
1.877311e+002	-5.718764e+000
1.879411e+002	-2.357676e+000
1.880631e+002	-2.359216e+000
1.879212e+002	-1.244868e+001
1.879904e+002	-1.446772e+001
1.880596e+002	-1.648675e+001
1.884808e+002	-5.055458e+000
1.884269e+002	-1.178228e+001
1.882497e+002	-2.321645e+001
1.883718e+002	-2.321799e+001
1.884938e+002	-2.321953e+001
1.885102e+002	-2.725630e+001
1.886147e+002	-2.793041e+001
1.890711e+002	-1.515419e+001
1.891755e+002	-1.582808e+001
1.890160e+002	-2.658990e+001
1.892788e+002	-2.121131e+001
1.895064e+002	-1.717786e+001
1.896284e+002	-1.717941e+001
1.899792e+002	-8.438175e+000
1.903125e+002	-3.695158e-001
1.902409e+002	-7.768689e+000
1.903453e+002	-8.442805e+000
1.907489e+002	2.315907e+000
1.909238e+002	4.331866e+000
1.903771e+002	-2.122520e+001
1.900591e+002	-3.803973e+001
1.899172e+002	-4.812897e+001
1.902152e+002	-4.140545e+001
1.905484e+002	-3.333680e+001
1.909344e+002	-2.325042e+001
1.910212e+002	-2.459711e+001
1.911961e+002	-2.258115e+001
1.916349e+002	-1.047728e+001
1.918977e+002	-5.098695e+000
1.916326e+002	-1.989572e+001
1.912970e+002	-3.738259e+001
1.913487e+002	-4.007420e+001
1.916819e+002	-3.200554e+001
1.917863e+002	-3.267967e+001
1.919435e+002	-3.133606e+001
1.922944e+002	-2.259505e+001
1.926276e+002	-1.452639e+001
1.928024e+002	-1.251044e+001
1.931356e+002	-4.441785e+000
1.932048e+002	-6.460824e+000
1.930453e+002	-1.722263e+001
1.930441e+002	-2.193175e+001
1.933246e+002	-1.588059e+001
1.935522e+002	-1.184714e+001
1.936038e+002	-1.453875e+001
1.938666e+002	-9.160155e+000
1.943230e+002	3.616054e+000
1.943395e+002	-4.204721e-001
1.941095e+002	-1.387236e+001
1.941788e+002	-1.589139e+001
1.945824e+002	-5.132663e+000
1.946164e+002	-8.496851e+000
1.945801e+002	-1.455110e+001
1.948605e+002	-8.499940e+000
1.952289e+002	9.136320e-001
1.951573e+002	-6.485532e+000
1.950154e+002	-1.657477e+001
1.947502e+002	-3.137158e+001
1.945203e+002	-4.482346e+001
1.946247e+002	-4.549757e+001
1.949052e+002	-3.944641e+001
1.950096e+002	-4.012053e+001
1.956420e+002	-2.061902e+001
1.962392e+002	-2.462669e+000
1.959916e+002	-1.658713e+001
1.958145e+002	-2.802151e+001
1.963413e+002	-1.255522e+001
1.968153e+002	8.935635e-001
1.966030e+002	-1.188574e+001
1.963554e+002	-2.600997e+001
1.964950e+002	-2.533916e+001
1.967755e+002	-1.928800e+001
1.971615e+002	-9.201842e+000
1.976531e+002	4.919506e+000
1.980567e+002	1.567824e+001
1.982315e+002	1.769419e+001
1.979664e+002	2.897379e+000
1.978948e+002	-4.502001e+000
1.981048e+002	-1.140913e+000
1.982797e+002	8.750349e-001
1.981553e+002	-8.541627e+000
1.981717e+002	-1.257839e+001
1.983818e+002	-9.217292e+000
1.985214e+002	-8.546257e+000
1.988194e+002	-1.822747e+000
1.988710e+002	-4.514360e+000
1.987643e+002	-1.325846e+001
1.987983e+002	-1.662264e+001
1.990260e+002	-1.258919e+001
1.993768e+002	-3.847965e+000
1.997804e+002	6.910757e+000
2.000608e+002	1.296192e+001
1.996373e+002	-7.887581e+000
1.992841e+002	-2.604703e+001
1.992126e+002	-3.344643e+001
1.995810e+002	-2.403262e+001
1.998966e+002	-1.663653e+001
2.002298e+002	-8.567876e+000
2.003871e+002	-7.224502e+000
2.002451e+002	-1.731374e+001
1.999624e+002	-3.278312e+001
1.999612e+002	-3.749222e+001
2.005408e+002	-2.000844e+001
2.008916e+002	-1.126721e+001
2.007497e+002	-2.135645e+001
2.009421e+002	-1.866793e+001
2.011345e+002	-1.597941e+001
2.015909e+002	-3.203188e+000
2.016778e+002	-4.549867e+000
2.018702e+002	-1.861344e+000
2.025906e+002	2.100278e+001
2.029942e+002	3.176151e+001
2.026587e+002	1.427441e+001
2.024639e+002	2.167678e+000
2.023220e+002	-7.921559e+000
2.020216e+002	-2.406351e+001
2.019325e+002	-3.213526e+001
2.018609e+002	-3.953443e+001
2.024229e+002	-2.272321e+001
2.028969e+002	-9.274417e+000
2.027902e+002	-1.801852e+001
2.025602e+002	-3.147040e+001
2.025239e+002	-3.752465e+001
2.030331e+002	-2.273093e+001
2.034191e+002	-1.264478e+001
2.035411e+002	-1.264632e+001
2.037159e+002	-1.063015e+001
2.038907e+002	-8.614202e+000
2.039072e+002	-1.265095e+001
2.039412e+002	-1.601492e+001
2.038521e+002	-2.408666e+001
2.039389e+002	-2.543335e+001
2.042545e+002	-1.803704e+001
2.043765e+002	-1.803859e+001
2.044282e+002	-2.073021e+001
2.043038e+002	-3.014709e+001
2.043555e+002	-3.283871e+001
2.047943e+002	-2.073484e+001
2.050395e+002	-1.602882e+001
2.049151e+002	-2.544571e+001
2.050899e+002	-2.342954e+001
2.053352e+002	-1.872352e+001
2.057212e+002	-8.637360e+000
2.060896e+002	7.762120e-001
2.062644e+002	2.792386e+000
2.065272e+002	8.170972e+000
2.063501e+002	-3.263404e+000
2.057154e+002	-3.218312e+001
2.057670e+002	-3.487474e+001
2.062058e+002	-2.277108e+001
2.065742e+002	-1.335728e+001
2.066434e+002	-1.537654e+001
2.068183e+002	-1.336037e+001
2.073275e+002	1.433338e+000
2.072383e+002	-6.638390e+000
2.069028e+002	-2.412527e+001
2.070072e+002	-2.479939e+001
2.072172e+002	-2.143829e+001
2.074801e+002	-1.605970e+001
2.076197e+002	-1.538889e+001
2.075657e+002	-2.211549e+001
2.077933e+002	-1.808182e+001
2.080914e+002	-1.135831e+001
2.082310e+002	-1.068729e+001
2.079482e+002	-2.615666e+001
2.076127e+002	-4.364376e+001
2.077524e+002	-4.297273e+001
2.082439e+002	-2.885136e+001
2.085948e+002	-2.011035e+001
2.087872e+002	-1.742183e+001
2.087156e+002	-2.482100e+001
2.089960e+002	-1.876983e+001
2.092237e+002	-1.473639e+001
2.089761e+002	-2.886062e+001
2.090454e+002	-3.087989e+001
2.095018e+002	-1.810344e+001
2.099758e+002	-4.654870e+000
2.099922e+002	-8.691406e+000
2.098502e+002	-1.878064e+001
2.097611e+002	-2.685239e+001
2.094608e+002	-4.299434e+001
2.095828e+002	-4.299589e+001
2.097224e+002	-4.232487e+001
2.103196e+002	-2.416850e+001
2.107232e+002	-1.340978e+001
2.112852e+002	3.401430e+000
2.114424e+002	4.745029e+000
2.113533e+002	-3.326709e+000
2.114049e+002	-6.018322e+000
2.118261e+002	5.412964e+000
2.119657e+002	6.083773e+000
2.117886e+002	-5.350377e+000
2.114707e+002	-2.216490e+001
2.115575e+002	-2.351137e+001
2.120139e+002	-1.073515e+001
2.120479e+002	-1.409933e+001
2.120292e+002	-1.948102e+001
2.118872e+002	-2.957025e+001
2.119037e+002	-3.360702e+001
2.119025e+002	-3.831612e+001
2.121829e+002	-3.226495e+001
2.127097e+002	-1.679866e+001
2.129725e+002	-1.142008e+001
2.125490e+002	-3.226959e+001
2.121783e+002	-5.110161e+001
2.126171e+002	-3.899796e+001
2.133199e+002	-1.680638e+001
2.135475e+002	-1.277294e+001
2.135815e+002	-1.613690e+001
2.141435e+002	6.742993e-001
2.144415e+002	7.398034e+000
2.144404e+002	2.688934e+000
2.141048e+002	-1.479815e+001
2.138749e+002	-2.825004e+001
2.144545e+002	-1.076603e+001
2.147701e+002	-3.369946e+000
2.144698e+002	-1.951189e+001
2.145742e+002	-2.018601e+001
2.148194e+002	-1.548000e+001
2.151174e+002	-8.756252e+000
2.154330e+002	-1.360167e+000
2.155199e+002	-2.706641e+000
2.154659e+002	-9.433456e+000
2.155175e+002	-1.212507e+001
2.156924e+002	-1.010912e+001
2.156208e+002	-1.750830e+001
2.155668e+002	-2.423489e+001
2.159705e+002	-1.347617e+001
2.163213e+002	-4.735164e+000
2.165665e+002	-2.891702e-002
2.163893e+002	-1.146331e+001
2.159482e+002	-3.298540e+001
2.159823e+002	-3.634957e+001
2.163331e+002	-2.760835e+001
2.163847e+002	-3.029996e+001
2.164363e+002	-3.299156e+001
2.166639e+002	-2.895790e+001
2.168036e+002	-2.828709e+001
2.166616e+002	-3.837634e+001
2.166781e+002	-4.241287e+001
2.168705e+002	-3.972435e+001
2.173093e+002	-2.762070e+001
2.179945e+002	-6.101706e+000
2.185037e+002	8.692002e+000
2.188017e+002	1.541574e+001
2.189589e+002	1.675912e+001
2.188698e+002	8.687372e+000
2.182351e+002	-2.023233e+001
2.177059e+002	-4.511684e+001
2.178632e+002	-4.377346e+001
2.183900e+002	-2.830717e+001
2.185472e+002	-2.696356e+001
2.185460e+002	-3.167267e+001
2.187385e+002	-2.898415e+001
2.186141e+002	-3.840104e+001
2.187361e+002	-3.840259e+001
2.191573e+002	-2.697129e+001
2.190154e+002	-3.706053e+001
2.191198e+002	-3.773465e+001
2.195234e+002	-2.697592e+001
2.199622e+002	-1.487227e+001
2.202075e+002	-1.016626e+001
2.201711e+002	-1.622028e+001
2.203811e+002	-1.285941e+001
2.205207e+002	-1.218838e+001
2.203084e+002	-2.496769e+001
2.201841e+002	-3.438436e+001
2.203061e+002	-3.438591e+001
2.204281e+002	-3.438745e+001
2.207261e+002	-2.766394e+001
2.211121e+002	-1.757778e+001
2.210406e+002	-2.497695e+001
2.210922e+002	-2.766857e+001
2.210031e+002	-3.574031e+001
2.212835e+002	-2.968915e+001
2.217223e+002	-1.758550e+001
2.218795e+002	-1.624190e+001
2.215792e+002	-3.238385e+001
2.213492e+002	-4.583573e+001
2.214009e+002	-4.852735e+001
2.221565e+002	-2.431828e+001
2.225425e+002	-1.423212e+001
2.224357e+002	-2.297644e+001
2.220650e+002	-4.180846e+001
2.221166e+002	-4.450008e+001
2.227490e+002	-2.499857e+001
2.231526e+002	-1.423985e+001
2.230459e+002	-2.298416e+001
2.233263e+002	-1.693300e+001
2.236067e+002	-1.088184e+001
2.241687e+002	5.929364e+000
2.241675e+002	1.220253e+000
2.237088e+002	-2.097417e+001
2.236197e+002	-2.904592e+001
2.240057e+002	-1.895976e+001
2.243565e+002	-1.021875e+001
2.247073e+002	-1.477519e+000
2.247589e+002	-4.169132e+000
2.247226e+002	-1.022338e+001
2.249150e+002	-7.534859e+000
2.249842e+002	-9.553898e+000
2.251414e+002	-8.210298e+000
2.252811e+002	-7.539489e+000
2.250159e+002	-2.233630e+001
2.247860e+002	-3.578818e+001
2.251720e+002	-2.570202e+001
2.258748e+002	-3.510456e+000
2.260496e+002	-1.494508e+000
2.261188e+002	-3.513546e+000
2.261353e+002	-7.550298e+000
2.260637e+002	-1.494947e+001
2.261154e+002	-1.764108e+001
2.260614e+002	-2.436769e+001
2.260427e+002	-2.974937e+001
2.261647e+002	-2.975091e+001
2.265507e+002	-1.966476e+001
2.265143e+002	-2.571901e+001
2.260204e+002	-4.925859e+001
2.261248e+002	-4.993271e+001
2.266869e+002	-3.312128e+001
2.271081e+002	-2.168997e+001
2.271245e+002	-2.572673e+001
2.276337e+002	-1.093279e+001
2.278965e+002	-5.554202e+000
2.281065e+002	-2.193331e+000
2.282814e+002	-1.771565e-001
2.286498e+002	9.236415e+000
2.286486e+002	4.527315e+000
2.281899e+002	-1.766733e+001
2.280303e+002	-2.842915e+001
2.284339e+002	-1.767042e+001
2.288024e+002	-8.256625e+000
2.287836e+002	-1.363830e+001
2.289232e+002	-1.296749e+001
2.292564e+002	-4.898832e+000
2.292553e+002	-9.607944e+000
2.297645e+002	5.185991e+000
2.304673e+002	2.737733e+001
2.305893e+002	2.737579e+001
2.301130e+002	4.508786e+000
2.299534e+002	-6.253025e+000
2.298643e+002	-1.432477e+001
2.300391e+002	-1.230882e+001
2.303371e+002	-5.585080e+000
2.305647e+002	-1.551634e+000
2.306692e+002	-2.225758e+000
2.305272e+002	-1.231500e+001
2.306316e+002	-1.298911e+001
2.306129e+002	-1.837057e+001
2.307701e+002	-1.702719e+001
2.313321e+002	-2.157536e-001
2.315773e+002	4.490247e+000
2.318929e+002	1.188634e+001
2.321206e+002	1.592000e+001
2.317498e+002	-2.911996e+000
2.315727e+002	-1.434639e+001
2.318179e+002	-9.640371e+000
2.320455e+002	-5.606699e+000
2.322732e+002	-1.573252e+000
2.321664e+002	-1.031758e+001
2.322004e+002	-1.368154e+001
2.324457e+002	-8.975516e+000
2.323917e+002	-1.570234e+001
