    nm         	pN
0.000000e+000	6.425198e+002
6.073939e-002	6.326051e+002
8.061721e-002	6.204814e+002
-1.685024e-003	6.028340e+002
-2.246699e-003	5.896054e+002
1.197948e-001	5.830047e+002
1.601039e-001	5.719856e+002
-8.566510e-002	5.455012e+002
-2.492469e-002	5.355866e+002
1.538341e-002	5.245674e+002
-5.609559e-003	5.102343e+002
-6.171234e-003	4.970057e+002
-8.846526e-002	4.793587e+002
-2.116306e-001	4.595022e+002
-1.100286e-001	4.517966e+002
-2.127539e-001	4.330451e+002
-2.950490e-001	4.153980e+002
-3.364815e-001	3.999600e+002
-3.983447e-001	3.834175e+002
-4.397690e-001	3.679799e+002
-5.220717e-001	3.503324e+002
-6.452370e-001	3.304759e+002
-5.844972e-001	3.205613e+002
-4.624469e-001	3.139610e+002
-5.651805e-001	2.952091e+002
-6.270447e-001	2.786665e+002
-6.276064e-001	2.654379e+002
-5.872978e-001	2.544188e+002
-4.856872e-001	2.467136e+002
-6.088525e-001	2.268571e+002
-5.889829e-001	2.147330e+002
-5.282434e-001	2.048183e+002
-4.470718e-001	1.960082e+002
-4.680653e-001	1.816751e+002
-4.686264e-001	1.684465e+002
-2.444131e-001	1.673692e+002
-1.428029e-001	1.596640e+002
4.054066e-002	1.563772e+002
2.851853e-001	1.564043e+002
1.620205e-001	1.365479e+002
1.614588e-001	1.233193e+002
2.426294e-001	1.145091e+002
2.216365e-001	1.001761e+002
4.049800e-001	9.688927e+001
5.883236e-001	9.360249e+001
6.286317e-001	8.258334e+001
8.324065e-001	8.040106e+001
8.318449e-001	6.717248e+001
8.517217e-001	5.504882e+001
8.511600e-001	4.182024e+001
1.095806e+000	4.184739e+001
1.646950e+000	5.844381e+001
1.748561e+000	5.073858e+001
1.788870e+000	3.971944e+001
2.135686e+000	4.526997e+001
2.605099e+000	5.744796e+001
2.686279e+000	4.863824e+001
2.767449e+000	3.982809e+001
2.930362e+000	3.543681e+001
3.379343e+000	4.651028e+001
3.378781e+000	3.328169e+001
3.562124e+000	2.999492e+001
3.479830e+000	1.234789e+001
4.276190e+000	4.220049e+001
4.071283e+000	1.792515e+001
4.172894e+000	1.021993e+001
4.601443e+000	2.018891e+001
4.498710e+000	1.436943e+000
4.641191e+000	-4.058818e+000
4.987999e+000	1.491258e+000
5.069179e+000	-7.318424e+000
5.007315e+000	-2.386096e+001
5.211090e+000	-2.604324e+001
5.639640e+000	-1.607426e+001
5.863853e+000	-1.715159e+001
6.271972e+000	-8.287123e+000
6.169238e+000	-2.703909e+001
6.189108e+000	-3.916318e+001
6.556355e+000	-3.250814e+001
6.780570e+000	-3.358548e+001
7.086517e+000	-3.024438e+001
7.331161e+000	-3.021721e+001
7.453202e+000	-3.681794e+001
8.065657e+000	-1.690713e+001
8.003794e+000	-3.344967e+001
8.125837e+000	-4.005038e+001
8.431782e+000	-3.670929e+001
8.267746e+000	-5.877519e+001
9.207150e+000	-2.118977e+001
9.165717e+000	-3.662779e+001
9.083423e+000	-5.427482e+001
9.777611e+000	-2.994561e+001
9.797480e+000	-4.206969e+001
9.878659e+000	-5.087941e+001
9.632891e+000	-7.736374e+001
1.002057e+001	-6.960420e+001
1.077606e+001	-4.196105e+001
1.050986e+001	-6.954989e+001
1.089754e+001	-6.179036e+001
1.144869e+001	-4.519351e+001
1.140727e+001	-6.063108e+001
1.171322e+001	-5.728999e+001
1.175352e+001	-6.830959e+001
1.214120e+001	-6.054959e+001
1.220194e+001	-7.046425e+001
1.263049e+001	-6.049528e+001
1.250733e+001	-8.035174e+001
1.346715e+001	-4.166226e+001
1.320095e+001	-6.925110e+001
1.324126e+001	-8.027026e+001
1.395588e+001	-5.483653e+001
1.387359e+001	-7.248356e+001
1.401607e+001	-7.797934e+001
1.424027e+001	-7.905712e+001
1.432145e+001	-8.786682e+001
1.489304e+001	-7.016547e+001
1.485161e+001	-8.560350e+001
1.517799e+001	-8.115746e+001
1.534089e+001	-8.554918e+001
1.544251e+001	-9.325438e+001
1.556455e+001	-9.985511e+001
1.574789e+001	-1.031419e+002
1.562472e+001	-1.229984e+002
1.603284e+001	-1.141339e+002
1.656356e+001	-9.864196e+001
1.684907e+001	-9.640536e+001
1.662374e+001	-1.217852e+002
1.744054e+001	-9.082765e+001
1.701086e+001	-1.272538e+002
1.739854e+001	-1.194943e+002
1.874662e+001	-5.981622e+001
1.852128e+001	-8.519608e+001
1.878636e+001	-8.406396e+001
1.913317e+001	-7.851387e+001
1.888740e+001	-1.049982e+002
1.994940e+001	-6.078536e+001
2.019405e+001	-6.075819e+001
2.052043e+001	-5.631216e+001
2.072421e+001	-5.849443e+001
2.156144e+001	-2.643239e+001
2.170391e+001	-3.192861e+001
2.178508e+001	-4.073876e+001
2.182539e+001	-5.175791e+001
2.176353e+001	-6.830043e+001
2.225338e+001	-5.501752e+001
2.290670e+001	-3.289729e+001
2.290614e+001	-4.612589e+001
2.349816e+001	-2.732003e+001
2.343629e+001	-4.386257e+001
2.323140e+001	-6.813747e+001
2.380298e+001	-5.043613e+001
2.398632e+001	-5.372290e+001
2.427184e+001	-5.148629e+001
2.467996e+001	-4.262181e+001
2.453635e+001	-6.358323e+001
2.467883e+001	-6.907899e+001
2.539345e+001	-4.364527e+001
2.567897e+001	-4.140866e+001
2.553537e+001	-6.236964e+001
2.559611e+001	-7.228428e+001
2.624943e+001	-5.016450e+001
2.647364e+001	-5.124183e+001
2.661612e+001	-5.673804e+001
2.671773e+001	-6.444326e+001
2.675804e+001	-7.546242e+001
2.724789e+001	-6.217951e+001
2.755383e+001	-5.883841e+001
2.806412e+001	-4.445099e+001
2.851310e+001	-3.337751e+001
2.832863e+001	-5.654792e+001
2.847111e+001	-6.204370e+001
2.885879e+001	-5.428416e+001
2.863346e+001	-7.966356e+001
2.926635e+001	-5.864826e+001
2.967446e+001	-4.978423e+001
2.973520e+001	-5.969890e+001
3.000028e+001	-5.856678e+001
3.018362e+001	-6.185355e+001
3.014219e+001	-7.729160e+001
3.069335e+001	-6.069474e+001
3.077452e+001	-6.950489e+001
3.128481e+001	-5.511703e+001
3.140685e+001	-6.171776e+001
3.177410e+001	-5.506272e+001
3.191657e+001	-6.055893e+001
3.222252e+001	-5.721783e+001
3.236499e+001	-6.271404e+001
3.218053e+001	-8.588400e+001
3.328339e+001	-3.946215e+001
3.328283e+001	-5.269075e+001
3.291447e+001	-8.580252e+001
3.332258e+001	-7.693849e+001
3.393503e+001	-5.702770e+001
3.420011e+001	-5.589604e+001
3.466953e+001	-4.371762e+001
3.452593e+001	-6.467859e+001
3.507709e+001	-4.808174e+001
3.530129e+001	-4.915952e+001
3.521900e+001	-6.680654e+001
3.579058e+001	-4.910519e+001
3.632130e+001	-3.361283e+001
3.625944e+001	-5.015537e+001
3.593194e+001	-8.105815e+001
3.668743e+001	-5.341497e+001
3.725901e+001	-3.571363e+001
3.744235e+001	-3.900040e+001
3.774830e+001	-3.565929e+001
3.789079e+001	-4.115507e+001
3.774718e+001	-6.211648e+001
3.840050e+001	-3.999625e+001
3.835907e+001	-5.543429e+001
3.860372e+001	-5.540713e+001
3.878706e+001	-5.869390e+001
3.892954e+001	-6.418967e+001
3.894941e+001	-7.631376e+001
3.921449e+001	-7.518167e+001
3.978608e+001	-5.748032e+001
3.986725e+001	-6.629047e+001
4.052058e+001	-4.417024e+001
4.064262e+001	-5.077095e+001
4.094856e+001	-4.742984e+001
4.082540e+001	-6.728632e+001
4.115178e+001	-6.284072e+001
4.137599e+001	-6.391805e+001
4.135500e+001	-7.825114e+001
4.135444e+001	-9.147973e+001
4.210993e+001	-6.383657e+001
4.243631e+001	-5.939097e+001
4.266052e+001	-6.046830e+001
4.278256e+001	-6.706902e+001
4.257766e+001	-9.134393e+001
4.314925e+001	-7.364257e+001
4.331216e+001	-7.803385e+001
4.353636e+001	-7.911163e+001
4.416925e+001	-5.809633e+001
4.398479e+001	-8.126631e+001
4.435204e+001	-7.461127e+001
4.478058e+001	-6.464273e+001
4.457568e+001	-8.891764e+001
4.492250e+001	-8.336709e+001
4.553495e+001	-6.345630e+001
4.565700e+001	-7.005702e+001
4.551340e+001	-9.101798e+001
4.586021e+001	-8.546788e+001
4.590052e+001	-9.648704e+001
4.645167e+001	-7.989019e+001
4.649198e+001	-9.090933e+001
4.632794e+001	-1.129752e+002
4.675649e+001	-1.030063e+002
4.743025e+001	-7.978154e+001
4.759316e+001	-8.417281e+001
4.779694e+001	-8.635509e+001
4.781681e+001	-9.847918e+001
4.875620e+001	-6.089421e+001
4.914389e+001	-5.313422e+001
4.881639e+001	-8.403700e+001
4.902016e+001	-8.621927e+001
4.932611e+001	-8.287819e+001
4.961163e+001	-8.064158e+001
4.981540e+001	-8.282386e+001
5.006004e+001	-8.279669e+001
5.079510e+001	-5.625803e+001
5.106018e+001	-5.512637e+001
5.083485e+001	-8.050577e+001
5.134513e+001	-6.611836e+001
5.146718e+001	-7.271907e+001
5.142574e+001	-8.815711e+001
5.209950e+001	-6.493237e+001
5.201720e+001	-8.257940e+001
5.265009e+001	-6.156411e+001
5.307864e+001	-5.159514e+001
5.326198e+001	-5.488191e+001
5.334315e+001	-6.369206e+001
5.350606e+001	-6.808334e+001
5.422069e+001	-4.264917e+001
5.450620e+001	-4.041302e+001
5.391306e+001	-8.567604e+001
5.419858e+001	-8.343944e+001
5.464756e+001	-7.236596e+001
5.501481e+001	-6.571092e+001
5.552509e+001	-5.132351e+001
5.556540e+001	-6.234267e+001
5.581004e+001	-6.231551e+001
5.597295e+001	-6.670722e+001
5.601326e+001	-7.772638e+001
5.627834e+001	-7.659427e+001
5.644124e+001	-8.098599e+001
5.686979e+001	-7.101701e+001
5.705314e+001	-7.430379e+001
5.742038e+001	-6.764876e+001
5.768546e+001	-6.651710e+001
5.778707e+001	-7.422230e+001
5.882864e+001	-3.111395e+001
5.872590e+001	-4.986591e+001
5.913402e+001	-4.100143e+001
5.911303e+001	-5.533453e+001
5.925550e+001	-6.083074e+001
5.968406e+001	-5.086176e+001
5.992869e+001	-5.083460e+001
5.994857e+001	-6.295870e+001
6.047929e+001	-4.746635e+001
6.082610e+001	-4.191580e+001
6.100945e+001	-4.520257e+001
6.119279e+001	-4.848936e+001
6.137613e+001	-5.177613e+001
6.121210e+001	-7.384203e+001
6.174282e+001	-5.834969e+001
6.186487e+001	-6.495040e+001
6.219124e+001	-6.050480e+001
6.227242e+001	-6.931452e+001
6.274183e+001	-5.713653e+001
6.304778e+001	-5.379543e+001
6.374196e+001	-2.946621e+001
6.365967e+001	-4.711324e+001
6.400649e+001	-4.156269e+001
6.435330e+001	-3.601260e+001
6.439361e+001	-4.703176e+001
6.496519e+001	-2.933040e+001
6.533244e+001	-2.267536e+001
6.555666e+001	-2.375270e+001
6.535176e+001	-4.802761e+001
6.543293e+001	-5.683776e+001
6.563670e+001	-5.902004e+001
6.557485e+001	-7.556212e+001
6.649380e+001	-3.908208e+001
6.632978e+001	-6.114755e+001
6.673788e+001	-5.228352e+001
6.671689e+001	-6.661659e+001
6.720674e+001	-5.333368e+001
6.739008e+001	-5.662047e+001
6.761430e+001	-5.769780e+001
6.820632e+001	-3.889196e+001
6.816489e+001	-5.432954e+001
6.873648e+001	-3.662818e+001
6.830680e+001	-7.305434e+001
6.887839e+001	-5.535300e+001
6.940911e+001	-3.986064e+001
6.928595e+001	-5.971711e+001
6.977579e+001	-4.643420e+001
7.004087e+001	-4.530254e+001
6.993815e+001	-6.405406e+001
7.006019e+001	-7.065477e+001
7.057047e+001	-5.626736e+001
7.052905e+001	-7.170495e+001
7.083499e+001	-6.836385e+001
7.107964e+001	-6.833668e+001
7.167166e+001	-4.953084e+001
7.158936e+001	-6.717786e+001
7.185444e+001	-6.604620e+001
7.226255e+001	-5.718173e+001
7.248676e+001	-5.825952e+001
7.205709e+001	-9.468522e+001
7.230174e+001	-9.465805e+001
7.283245e+001	-7.916615e+001
7.356751e+001	-5.262749e+001
7.379172e+001	-5.370481e+001
7.364813e+001	-7.466579e+001
7.389277e+001	-7.463862e+001
7.438262e+001	-6.135614e+001
7.458640e+001	-6.353798e+001
7.442237e+001	-8.560390e+001
7.483048e+001	-7.673941e+001
7.478905e+001	-9.217744e+001
7.562628e+001	-6.011540e+001
7.558485e+001	-7.555342e+001
7.574776e+001	-7.994471e+001
7.627848e+001	-6.445278e+001
7.609402e+001	-8.762276e+001
7.639996e+001	-8.428166e+001
7.693068e+001	-6.878974e+001
7.682795e+001	-8.754127e+001
7.739953e+001	-6.983992e+001
7.735810e+001	-8.527794e+001
7.815446e+001	-5.542534e+001
7.794957e+001	-7.970025e+001
7.792858e+001	-9.403334e+001
7.894970e+001	-5.202993e+001
7.835656e+001	-9.729295e+001
7.886685e+001	-8.290554e+001
7.925452e+001	-7.514601e+001
7.990785e+001	-5.302577e+001
7.943731e+001	-9.166138e+001
7.990673e+001	-7.948295e+001
7.994704e+001	-9.050210e+001
8.041645e+001	-7.832413e+001
8.027285e+001	-9.928510e+001
8.072183e+001	-8.821163e+001
8.119125e+001	-7.603321e+001
8.110896e+001	-9.368024e+001
8.125143e+001	-9.917645e+001
8.127130e+001	-1.113005e+002
8.149551e+001	-1.123779e+002
8.233274e+001	-8.031582e+001
8.225044e+001	-9.796331e+001
8.235205e+001	-1.056685e+002
8.271930e+001	-9.901348e+001
8.271873e+001	-1.122421e+002
8.261601e+001	-1.309936e+002
8.296282e+001	-1.254435e+002
8.335050e+001	-1.176840e+002
8.351341e+001	-1.220752e+002
8.398283e+001	-1.098968e+002
8.402314e+001	-1.209164e+002
8.383867e+001	-1.440864e+002
8.461459e+001	-1.153387e+002
8.473663e+001	-1.219394e+002
8.496085e+001	-1.230168e+002
8.514419e+001	-1.263036e+002
8.512320e+001	-1.406366e+002
8.557218e+001	-1.295632e+002
8.573510e+001	-1.339544e+002
8.595930e+001	-1.350322e+002
8.606091e+001	-1.427374e+002
8.691857e+001	-1.095709e+002
8.650933e+001	-1.448925e+002
8.687658e+001	-1.382375e+002
8.714166e+001	-1.371054e+002
8.732501e+001	-1.403922e+002
8.756965e+001	-1.403650e+002
8.742605e+001	-1.613264e+002
8.756852e+001	-1.668222e+002
8.789490e+001	-1.623766e+002
8.801695e+001	-1.689773e+002
8.813899e+001	-1.755780e+002
8.897621e+001	-1.435160e+002
8.928217e+001	-1.401749e+002
8.877075e+001	-1.810199e+002
8.932190e+001	-1.644231e+002
8.940308e+001	-1.732328e+002
8.964773e+001	-1.732056e+002
8.940196e+001	-1.996899e+002
8.997354e+001	-1.819886e+002
9.005471e+001	-1.907988e+002
9.019720e+001	-1.962945e+002
9.046227e+001	-1.951629e+002
9.068648e+001	-1.962402e+002
9.072679e+001	-2.072594e+002
9.097144e+001	-2.072322e+002
9.123652e+001	-2.061005e+002
9.156290e+001	-2.016549e+002
9.197101e+001	-1.927905e+002
9.215435e+001	-1.960772e+002
9.221510e+001	-2.059919e+002
9.201020e+001	-2.302668e+002
9.219354e+001	-2.335536e+002
9.272425e+001	-2.180617e+002
9.303020e+001	-2.147206e+002
9.331571e+001	-2.124840e+002
9.266127e+001	-2.610609e+002
9.308982e+001	-2.510924e+002
9.355924e+001	-2.389140e+002
9.396736e+001	-2.300495e+002
9.417113e+001	-2.322318e+002
9.441577e+001	-2.322046e+002
9.443564e+001	-2.443287e+002
9.453726e+001	-2.520339e+002
9.521101e+001	-2.288092e+002
9.541478e+001	-2.309915e+002
9.561857e+001	-2.331733e+002
9.594495e+001	-2.287277e+002
9.612829e+001	-2.320145e+002
9.649554e+001	-2.253594e+002
9.653584e+001	-2.363786e+002
9.673962e+001	-2.385609e+002
9.686166e+001	-2.451616e+002
9.700413e+001	-2.506578e+002
9.720792e+001	-2.528396e+002
9.873989e+001	-1.832202e+002
1.016409e+002	-3.958921e+001
1.014565e+002	-6.275963e+001
1.018237e+002	-5.610459e+001
1.018436e+002	-6.822824e+001
1.021495e+002	-6.488714e+001
1.026803e+002	-4.939521e+001
1.030679e+002	-4.163568e+001
1.033535e+002	-3.939909e+001
1.033120e+002	-5.483711e+001
1.038019e+002	-4.155420e+001
1.037196e+002	-5.920123e+001
1.041073e+002	-5.144170e+001
1.042906e+002	-5.472847e+001
1.043718e+002	-6.353818e+001
1.046573e+002	-6.130203e+001
1.051471e+002	-4.801911e+001
1.053101e+002	-5.241038e+001
1.057182e+002	-4.354590e+001
1.053702e+002	-7.555363e+001
1.061870e+002	-4.459651e+001
1.061660e+002	-5.892961e+001
1.059203e+002	-8.541396e+001
1.063897e+002	-7.323554e+001
1.066343e+002	-7.320837e+001
1.070016e+002	-6.655333e+001
1.072053e+002	-6.873561e+001
1.074296e+002	-6.981295e+001
1.077355e+002	-6.647185e+001
1.081232e+002	-5.871231e+001
1.084904e+002	-5.205728e+001
1.090620e+002	-3.435593e+001
1.091023e+002	-4.537507e+001
1.093265e+002	-4.645241e+001
1.091216e+002	-7.072732e+001
1.092845e+002	-7.511904e+001
1.096722e+002	-6.735905e+001
1.098556e+002	-7.064582e+001
1.102637e+002	-6.178179e+001
1.104879e+002	-6.285914e+001
1.104465e+002	-7.829717e+001
1.109363e+002	-6.501425e+001
1.111197e+002	-6.830102e+001
1.113848e+002	-6.716892e+001
1.115068e+002	-7.376964e+001
1.119762e+002	-6.159167e+001
1.123435e+002	-5.493663e+001
1.126698e+002	-5.049103e+001
1.129553e+002	-4.825442e+001
1.132817e+002	-4.380882e+001
1.135672e+002	-4.157223e+001
1.137302e+002	-4.596350e+001
1.137091e+002	-6.029703e+001
1.142603e+002	-4.370018e+001
1.144641e+002	-4.588202e+001
1.148109e+002	-4.033193e+001
1.146060e+002	-6.460681e+001
1.148915e+002	-6.237023e+001
1.154222e+002	-4.687830e+001
1.157690e+002	-4.132777e+001
1.159728e+002	-4.351005e+001
1.159723e+002	-5.673863e+001
1.164825e+002	-4.235079e+001
1.165841e+002	-5.005645e+001
1.171557e+002	-3.235464e+001
1.171347e+002	-4.668818e+001
1.177268e+002	-2.788188e+001
1.178488e+002	-3.448261e+001
1.179708e+002	-4.108332e+001
1.177251e+002	-6.756765e+001
1.180106e+002	-6.533106e+001
1.181122e+002	-7.303626e+001
1.189290e+002	-4.207916e+001
1.189284e+002	-5.530775e+001
1.195000e+002	-3.760640e+001
1.194177e+002	-5.525343e+001
1.197237e+002	-5.191233e+001
1.199274e+002	-5.409461e+001
1.204990e+002	-3.639326e+001
1.205393e+002	-4.741242e+001
1.206818e+002	-5.290863e+001
1.211921e+002	-3.852077e+001
1.215185e+002	-3.407517e+001
1.216814e+002	-3.846644e+001
1.215787e+002	-5.721842e+001
1.220481e+002	-4.504000e+001
1.225992e+002	-2.844314e+001
1.223535e+002	-5.492749e+001
1.223325e+002	-6.926057e+001
1.230267e+002	-4.493135e+001
1.230261e+002	-5.815994e+001
1.233933e+002	-5.150491e+001
1.237402e+002	-4.595480e+001
1.239439e+002	-4.813664e+001
1.238821e+002	-6.467916e+001
1.244537e+002	-4.697781e+001
1.246779e+002	-4.805516e+001
1.246569e+002	-6.238824e+001
1.252080e+002	-4.579184e+001
1.250031e+002	-7.006674e+001
1.252273e+002	-7.114408e+001
1.257172e+002	-5.786116e+001
1.255940e+002	-7.771764e+001
1.261247e+002	-6.222528e+001
1.262059e+002	-7.103543e+001
1.266345e+002	-6.106645e+001
1.267769e+002	-6.656267e+001
1.265720e+002	-9.083757e+001
1.271436e+002	-7.313623e+001
1.276948e+002	-5.653937e+001
1.277964e+002	-6.424457e+001
1.281023e+002	-6.090348e+001
1.281222e+002	-7.302758e+001
1.281625e+002	-8.404672e+001
1.283254e+002	-8.843801e+001
1.289583e+002	-6.742270e+001
1.288964e+002	-8.396524e+001
1.293046e+002	-7.510076e+001
1.296105e+002	-7.175965e+001
1.301208e+002	-5.737225e+001
1.299772e+002	-7.833321e+001
1.309779e+002	-3.743429e+001
1.302622e+002	-8.932564e+001
1.308337e+002	-7.162386e+001
1.309966e+002	-7.601558e+001
1.315274e+002	-6.052322e+001
1.313633e+002	-8.258912e+001
1.315058e+002	-8.808490e+001
1.321796e+002	-6.486017e+001
1.320973e+002	-8.250764e+001
1.322602e+002	-8.689890e+001
1.325865e+002	-8.245331e+001
1.327495e+002	-8.684459e+001
1.331167e+002	-8.018955e+001
1.330957e+002	-9.452265e+001
1.333608e+002	-9.339099e+001
1.337689e+002	-8.452650e+001
1.341157e+002	-7.897641e+001
1.344830e+002	-7.232137e+001
1.343190e+002	-9.438683e+001
1.344410e+002	-1.009875e+002
1.349921e+002	-8.439069e+001
1.352981e+002	-8.104959e+001
1.353180e+002	-9.317368e+001
1.353787e+002	-1.030883e+002
1.357664e+002	-9.532881e+001
1.357863e+002	-1.074525e+002
1.360513e+002	-1.063208e+002
1.364186e+002	-9.966575e+001
1.371332e+002	-7.423159e+001
1.372757e+002	-7.972780e+001
1.373773e+002	-8.743301e+001
1.374585e+002	-9.624317e+001
1.381118e+002	-7.412294e+001
1.383156e+002	-7.630522e+001
1.381515e+002	-9.837112e+001
1.379875e+002	-1.204366e+002
1.383139e+002	-1.159910e+002
1.388242e+002	-1.016036e+002
1.393140e+002	-8.832066e+001
1.394769e+002	-9.271193e+001
1.393538e+002	-1.125684e+002
1.397619e+002	-1.037039e+002
1.395774e+002	-1.268743e+002
1.401899e+002	-1.069635e+002
1.406593e+002	-9.478555e+001
1.418030e+002	-4.615383e+001
1.421703e+002	-3.949879e+001
1.420062e+002	-6.156470e+001
1.424348e+002	-5.159573e+001
1.426386e+002	-5.377800e+001
1.425971e+002	-6.921559e+001
1.430665e+002	-5.703761e+001
1.435155e+002	-4.596370e+001
1.439236e+002	-3.709965e+001
1.438005e+002	-5.695613e+001
1.443516e+002	-4.035927e+001
1.447189e+002	-3.370424e+001
1.446162e+002	-5.245576e+001
1.447382e+002	-5.905647e+001
1.452280e+002	-4.577356e+001
1.452479e+002	-5.789766e+001
1.455947e+002	-5.234712e+001
1.459007e+002	-4.900601e+001
1.461249e+002	-5.008379e+001
1.463287e+002	-5.226564e+001
1.467368e+002	-4.340159e+001
1.467158e+002	-5.773469e+001
1.473895e+002	-3.450996e+001
1.476342e+002	-3.448279e+001
1.478175e+002	-3.776956e+001
1.478374e+002	-4.989367e+001
1.481638e+002	-4.544762e+001
1.484289e+002	-4.431596e+001
1.487961e+002	-3.766092e+001
1.486729e+002	-5.751739e+001
1.489585e+002	-5.528078e+001
1.493257e+002	-4.862574e+001
1.494069e+002	-5.743591e+001
1.495289e+002	-6.403662e+001
1.499575e+002	-5.406764e+001
1.501817e+002	-5.514497e+001
1.506102e+002	-4.517599e+001
1.504666e+002	-6.613696e+001
1.507113e+002	-6.610980e+001
1.512216e+002	-5.172239e+001
1.515684e+002	-4.617230e+001
1.515065e+002	-6.271438e+001
1.516490e+002	-6.821060e+001
1.519958e+002	-6.266006e+001
1.524243e+002	-5.269152e+001
1.526486e+002	-5.376885e+001
1.529341e+002	-5.153226e+001
1.530766e+002	-5.702848e+001
1.531986e+002	-6.362919e+001
1.531776e+002	-7.796228e+001
1.535857e+002	-6.909780e+001
1.537078e+002	-7.569852e+001
1.541159e+002	-6.683448e+001
1.540949e+002	-8.116757e+001
1.546869e+002	-6.236128e+001
1.546046e+002	-8.000874e+001
1.553192e+002	-5.457457e+001
1.555843e+002	-5.344291e+001
1.560537e+002	-4.126451e+001
1.559306e+002	-6.112097e+001
1.559709e+002	-7.214013e+001
1.564607e+002	-5.885721e+001
1.566441e+002	-6.214398e+001
1.564800e+002	-8.420988e+001
1.570516e+002	-6.650853e+001
1.572350e+002	-6.979532e+001
1.577044e+002	-5.761690e+001
1.573564e+002	-8.962462e+001
1.579280e+002	-7.192284e+001
1.586018e+002	-4.869855e+001
1.584582e+002	-6.965951e+001
1.583146e+002	-9.062046e+001
1.584775e+002	-9.501175e+001
1.589469e+002	-8.283378e+001
1.594572e+002	-6.844592e+001
1.600083e+002	-5.184950e+001
1.599056e+002	-7.060103e+001
1.595577e+002	-1.026088e+002
1.601701e+002	-8.269797e+001
1.602104e+002	-9.371711e+001
1.607616e+002	-7.712026e+001
1.608019e+002	-8.813941e+001
1.611283e+002	-8.369382e+001
1.612707e+002	-8.919003e+001
1.618015e+002	-7.369767e+001
1.619644e+002	-7.808896e+001
1.623521e+002	-7.032942e+001
1.623515e+002	-8.355801e+001
1.625144e+002	-8.794929e+001
1.627591e+002	-8.792212e+001
1.631467e+002	-8.016259e+001
1.629010e+002	-1.066469e+002
1.628187e+002	-1.242940e+002
1.634720e+002	-1.021742e+002
1.636349e+002	-1.065654e+002
1.638795e+002	-1.065383e+002
1.644103e+002	-9.104591e+001
1.645936e+002	-9.433271e+001
1.646544e+002	-1.042474e+002
1.644903e+002	-1.263133e+002
1.653480e+002	-9.314671e+001
1.654905e+002	-9.864293e+001
1.657147e+002	-9.972027e+001
1.655098e+002	-1.239952e+002
1.661018e+002	-1.051893e+002
1.660808e+002	-1.195224e+002
1.665298e+002	-1.084489e+002
1.669175e+002	-1.006890e+002
1.670395e+002	-1.072897e+002
1.672433e+002	-1.094720e+002
1.674879e+002	-1.094448e+002
1.673648e+002	-1.293013e+002
1.678546e+002	-1.160183e+002
1.683036e+002	-1.049449e+002
1.687730e+002	-9.276646e+001
1.690585e+002	-9.052985e+001
1.691397e+002	-9.934000e+001
1.697113e+002	-8.163865e+001
1.693838e+002	-1.125414e+002
1.692606e+002	-1.323979e+002
1.696483e+002	-1.246379e+002
1.698725e+002	-1.257157e+002
1.696880e+002	-1.488861e+002
1.703618e+002	-1.256614e+002
1.708108e+002	-1.145879e+002
1.710350e+002	-1.156652e+002
1.710344e+002	-1.288938e+002
1.710952e+002	-1.388085e+002
1.718507e+002	-1.111653e+002
1.720340e+002	-1.144521e+002
1.721356e+002	-1.221573e+002
1.723190e+002	-1.254441e+002
1.724819e+002	-1.298354e+002
1.727674e+002	-1.275988e+002
1.734820e+002	-1.021650e+002
1.734201e+002	-1.187076e+002
1.740122e+002	-9.990127e+001
1.736847e+002	-1.308040e+002
1.740110e+002	-1.263585e+002
1.746031e+002	-1.075526e+002
1.748477e+002	-1.075254e+002
1.752763e+002	-9.755646e+001
1.750918e+002	-1.207264e+002
1.752956e+002	-1.229087e+002
1.756832e+002	-1.151492e+002
1.758870e+002	-1.173315e+002
1.762338e+002	-1.117809e+002
1.779906e+002	-3.001023e+001
1.786030e+002	-1.009944e+001
1.787455e+002	-1.559522e+001
1.789493e+002	-1.777749e+001
1.792143e+002	-1.664583e+001
1.792751e+002	-2.656048e+001
1.798467e+002	-8.858680e+000
1.801322e+002	-6.622525e+000
1.798251e+002	-3.642081e+001
1.805806e+002	-8.777199e+000
1.808661e+002	-6.541045e+000
1.810903e+002	-7.618374e+000
1.815393e+002	3.455081e+000
1.815592e+002	-8.668554e+000
1.814973e+002	-2.521109e+001
1.821506e+002	-3.091296e+000
1.823748e+002	-4.168641e+000
1.825990e+002	-5.245970e+000
1.827824e+002	-8.532758e+000
1.829453e+002	-1.292446e+001
1.828221e+002	-3.278094e+001
1.835367e+002	-7.346766e+000
1.836996e+002	-1.173805e+001
1.842508e+002	4.858803e+000
1.836985e+002	-3.819523e+001
1.840249e+002	-3.374964e+001
1.845352e+002	-1.936221e+001
1.852089e+002	3.862501e+000
1.851266e+002	-1.378451e+001
1.851056e+002	-2.811761e+001
1.856772e+002	-1.041625e+001
1.860853e+002	-1.551779e+000
1.865956e+002	1.283561e+001
1.862272e+002	-2.027658e+001
1.865945e+002	-1.362155e+001
1.871661e+002	4.079793e+000
1.867364e+002	-3.234635e+001
1.870628e+002	-2.790032e+001
1.877774e+002	-2.466584e+000
1.873681e+002	-3.778780e+001
1.880623e+002	-1.345858e+001
1.884091e+002	-7.908030e+000
1.888581e+002	3.165426e+000
1.883467e+002	-3.767915e+001
1.883053e+002	-5.311719e+001
1.892242e+002	-1.663670e+001
1.889989e+002	-4.201656e+001
1.895500e+002	-2.541970e+001
1.899173e+002	-1.876466e+001
1.899576e+002	-2.978382e+001
1.900592e+002	-3.748903e+001
1.910190e+002	1.200441e+000
1.909980e+002	-1.313264e+001
1.912018e+002	-1.531491e+001
1.914260e+002	-1.639226e+001
1.918750e+002	-5.318788e+000
1.918131e+002	-2.186131e+001
1.922008e+002	-1.410134e+001
1.922819e+002	-2.291149e+001
1.924449e+002	-2.730275e+001
1.928938e+002	-1.622928e+001
1.933428e+002	-5.155810e+000
1.935875e+002	-5.128644e+000
1.935665e+002	-1.946174e+001
1.943015e+002	7.076909e+000
1.945461e+002	7.104075e+000
1.944230e+002	-1.275238e+001
1.946063e+002	-1.603915e+001
1.950349e+002	-6.070177e+000
1.948300e+002	-3.034508e+001
1.947681e+002	-4.688762e+001
1.950127e+002	-4.686046e+001
1.954004e+002	-3.910092e+001
1.962581e+002	-5.934365e+000
1.967275e+002	6.244021e+000
1.966043e+002	-1.361242e+001
1.965629e+002	-2.905046e+001
1.969097e+002	-2.349992e+001
1.973791e+002	-1.132195e+001
1.978077e+002	-1.352973e+000
1.977458e+002	-1.789549e+001
1.981335e+002	-1.013552e+001
1.986233e+002	3.147377e+000
1.985819e+002	-1.229063e+001
1.986426e+002	-2.220530e+001
1.987442e+002	-2.991050e+001
1.989480e+002	-3.209278e+001
1.997444e+002	-2.240175e+000
1.999481e+002	-4.422452e+000
1.997841e+002	-2.648792e+001
2.001309e+002	-2.093782e+001
2.001916e+002	-3.085247e+001
2.006815e+002	-1.756956e+001
2.010692e+002	-9.809583e+000
2.012729e+002	-1.199186e+001
2.020897e+002	1.896524e+001
2.018031e+002	-9.728102e+000
2.019660e+002	-1.411982e+001
2.021085e+002	-1.961558e+001
2.025166e+002	-1.075155e+001
2.024343e+002	-2.839859e+001
2.028628e+002	-1.842961e+001
2.029031e+002	-2.944877e+001
2.031478e+002	-2.942160e+001
2.038011e+002	-7.301804e+000
2.041683e+002	-6.467639e-001
2.036161e+002	-4.370080e+001
2.042081e+002	-2.489452e+001
2.044527e+002	-2.486736e+001
2.046361e+002	-2.815413e+001
2.050237e+002	-2.039459e+001
2.053297e+002	-1.705349e+001
2.051044e+002	-4.243289e+001
2.054920e+002	-3.467335e+001
2.059001e+002	-2.580889e+001
2.062674e+002	-1.915385e+001
2.063894e+002	-2.575456e+001
2.067362e+002	-2.020447e+001
2.070422e+002	-1.686336e+001
2.070620e+002	-2.898701e+001
2.074088e+002	-2.343692e+001
2.074083e+002	-3.666551e+001
2.076529e+002	-3.663834e+001
2.080610e+002	-2.777387e+001
2.085100e+002	-1.670040e+001
2.085912e+002	-2.551010e+001
2.088358e+002	-2.548295e+001
2.092031e+002	-1.882791e+001
2.096112e+002	-9.963864e+000
2.096719e+002	-1.987853e+001
2.099983e+002	-1.543247e+001
2.106108e+002	4.478298e+000
2.110802e+002	1.665626e+001
2.103031e+002	-3.854857e+001
2.107930e+002	-2.526566e+001
2.110172e+002	-2.634342e+001
2.110779e+002	-3.625809e+001
2.114860e+002	-2.739360e+001
2.121394e+002	-5.273371e+000
2.120979e+002	-2.071140e+001
2.123835e+002	-1.847481e+001
2.125259e+002	-2.397102e+001
2.129136e+002	-1.621149e+001
2.130356e+002	-2.281219e+001
2.131781e+002	-2.830797e+001
2.135862e+002	-1.944394e+001
2.139330e+002	-1.389340e+001
2.138303e+002	-3.264538e+001
2.139523e+002	-3.924609e+001
2.145852e+002	-1.823035e+001
2.148299e+002	-1.820318e+001
2.149519e+002	-2.480391e+001
2.153600e+002	-1.593986e+001
2.154412e+002	-2.474958e+001
2.156858e+002	-2.472241e+001
2.157261e+002	-3.574202e+001
2.165429e+002	-4.784471e+000
2.166854e+002	-1.028069e+001
2.165827e+002	-2.903265e+001
2.171134e+002	-1.354029e+001
2.171537e+002	-2.455945e+001
2.173166e+002	-2.895117e+001
2.178473e+002	-1.345881e+001
2.176833e+002	-3.552473e+001
2.177849e+002	-4.322993e+001
2.185813e+002	-1.337733e+001
2.187850e+002	-1.555961e+001
2.189275e+002	-2.105538e+001
2.193152e+002	-1.329583e+001
2.191511e+002	-3.536175e+001
2.198045e+002	-1.324152e+001
2.201104e+002	-9.900416e+000
2.202938e+002	-1.318720e+001
2.203136e+002	-2.531129e+001
2.205174e+002	-2.749312e+001
2.205373e+002	-3.961722e+001
2.212928e+002	-1.197405e+001
2.214148e+002	-1.857477e+001
2.219251e+002	-4.186909e+000
2.216793e+002	-3.067126e+001
2.223326e+002	-8.551463e+000
2.228021e+002	3.626941e+000
2.230671e+002	4.758601e+000
2.229848e+002	-1.288841e+001
2.232704e+002	-1.065182e+001
2.234537e+002	-1.393859e+001
2.233510e+002	-3.269056e+001
2.236160e+002	-3.155890e+001
2.243715e+002	-3.915285e+000
2.245957e+002	-4.993068e+000
2.246973e+002	-1.269829e+001
2.248194e+002	-1.929900e+001
2.252684e+002	-8.225524e+000
2.253291e+002	-1.814019e+001
2.258189e+002	-4.857272e+000
2.261249e+002	-1.516169e+000
2.263491e+002	-2.593498e+000
2.262259e+002	-2.244997e+001
2.266136e+002	-1.469044e+001
2.266744e+002	-2.460508e+001
2.268168e+002	-3.010086e+001
2.278584e+002	1.300749e+001
2.277557e+002	-5.744474e+000
2.279799e+002	-6.821803e+000
2.280815e+002	-1.452746e+001
2.286326e+002	2.069375e+000
2.290612e+002	1.203835e+001
2.286315e+002	-2.438779e+001
2.290805e+002	-1.331388e+001
2.291004e+002	-2.543797e+001
2.293450e+002	-2.541081e+001
2.296918e+002	-1.986026e+001
2.296913e+002	-3.308886e+001
2.302424e+002	-1.649201e+001
2.303031e+002	-2.640665e+001
2.303026e+002	-3.963525e+001
2.310376e+002	-1.309657e+001
2.312005e+002	-1.748829e+001
2.311591e+002	-3.292588e+001
2.315672e+002	-2.406185e+001
2.318936e+002	-1.961582e+001
2.323017e+002	-1.075177e+001
2.328529e+002	5.845063e+000
2.326071e+002	-2.063927e+001
2.329335e+002	-1.619323e+001
2.327286e+002	-4.046858e+001
2.334841e+002	-1.282497e+001
2.340965e+002	7.085807e+000
2.338712e+002	-1.829401e+001
2.345245e+002	3.826201e+000
2.341561e+002	-2.928601e+001
2.348503e+002	-4.956785e+000
2.346658e+002	-2.812718e+001
2.348288e+002	-3.251846e+001
2.351756e+002	-2.696837e+001
2.354202e+002	-2.694121e+001
2.355218e+002	-3.464642e+001
2.360934e+002	-1.694506e+001
2.361337e+002	-2.796422e+001
2.366031e+002	-1.578580e+001
2.367456e+002	-2.128201e+001
2.372763e+002	-5.789672e+000
2.379909e+002	1.964404e+001
2.374182e+002	-2.451447e+001
