    nm         	pN
0.000000e+000	3.660246e+002
-1.344626e-004	3.612586e+002
-5.251095e-002	3.554734e+002
-5.264114e-002	3.507075e+002
-7.018677e-002	3.456018e+002
-7.032123e-002	3.408359e+002
-7.045570e-002	3.360699e+002
-9.227447e-004	3.326632e+002
3.377792e-002	3.285769e+002
-1.184557e-003	3.231314e+002
5.092870e-002	3.193848e+002
-3.628150e-002	3.129199e+002
-5.382855e-002	3.078142e+002
-7.137844e-002	3.027085e+002
-3.667919e-002	2.986222e+002
-3.680654e-002	2.938563e+002
-1.952700e-002	2.894301e+002
-2.241764e-003	2.850040e+002
1.195346e-001	2.826166e+002
8.457215e-002	2.771711e+002
6.702369e-002	2.720654e+002
-2.766812e-003	2.659404e+002
3.193243e-002	2.618541e+002
-5.527776e-002	2.553892e+002
-7.282623e-002	2.502835e+002
-1.077887e-001	2.448380e+002
-1.775849e-001	2.387129e+002
-2.125474e-001	2.332674e+002
-1.778474e-001	2.291811e+002
-9.089904e-002	2.261142e+002
-2.136609e-002	2.227074e+002
1.332746e-002	2.186210e+002
3.061270e-002	2.141949e+002
1.306494e-002	2.090892e+002
6.518459e-002	2.053427e+002
8.246485e-002	2.009165e+002
1.171641e-001	1.968302e+002
9.961562e-002	1.917245e+002
2.982513e-002	1.855995e+002
2.969138e-002	1.808335e+002
2.956261e-002	1.760677e+002
1.201414e-002	1.709620e+002
-4.036733e-002	1.651766e+002
-4.049610e-002	1.604108e+002
-5.796858e-003	1.563244e+002
4.631710e-002	1.525779e+002
1.158451e-001	1.491710e+002
9.830230e-002	1.440654e+002
1.330015e-001	1.399791e+002
9.803906e-002	1.345336e+002
2.198155e-001	1.321462e+002
3.241764e-001	1.294190e+002
2.195522e-001	1.226144e+002
1.845912e-001	1.171689e+002
3.586082e-001	1.158007e+002
3.584794e-001	1.110349e+002
2.886832e-001	1.049098e+002
3.059684e-001	1.004837e+002
3.232551e-001	9.605760e+001
2.708729e-001	9.027225e+001
3.055722e-001	8.618592e+001
2.531957e-001	8.040069e+001
2.530612e-001	7.563472e+001
2.180987e-001	7.018925e+001
5.488660e-001	7.187934e+001
5.661470e-001	6.745315e+001
3.918596e-001	5.928939e+001
7.574549e-001	6.165900e+001
1.140466e+000	6.436837e+001
1.105503e+000	5.892289e+001
1.157616e+000	5.517632e+001
1.157489e+000	5.041047e+001
1.087693e+000	4.428537e+001
1.401040e+000	4.563560e+001
1.487987e+000	4.256865e+001
1.453025e+000	3.712317e+001
1.243905e+000	2.827979e+001
1.278604e+000	2.419345e+001
1.470043e+000	2.316516e+001
1.574403e+000	2.043797e+001
1.574276e+000	1.567212e+001
1.626389e+000	1.192554e+001
2.183552e+000	1.803271e+001
2.253085e+000	1.462600e+001
2.287784e+000	1.053966e+001
2.514056e+000	1.019100e+001
2.949308e+000	1.391964e+001
3.001427e+000	1.017318e+001
3.088370e+000	7.106116e+000
3.419131e+000	8.796100e+000
3.279679e+000	1.311970e+000
3.262131e+000	-3.793742e+000
3.575478e+000	-2.443515e+000
4.010737e+000	1.285239e+000
3.958360e+000	-4.499993e+000
4.010474e+000	-8.246570e+000
4.288987e+000	-7.575962e+000
4.811322e+000	-2.148310e+000
5.124669e+000	-7.980786e-001
5.525098e+000	2.251155e+000
5.612041e+000	-8.159007e-001
5.298430e+000	-1.169794e+001
5.524702e+000	-1.204661e+001
5.925125e+000	-8.997483e+000
6.151397e+000	-9.346149e+000
6.395083e+000	-9.355063e+000
6.760680e+000	-6.985449e+000
6.586392e+000	-1.514920e+001
6.934569e+000	-1.311946e+001
7.056344e+000	-1.550690e+001
7.021382e+000	-2.095237e+001
7.386978e+000	-1.858276e+001
7.456511e+000	-2.198947e+001
7.299639e+000	-2.981346e+001
7.647815e+000	-2.778372e+001
7.804425e+000	-2.949153e+001
8.170020e+000	-2.712192e+001
8.065396e+000	-3.392654e+001
8.047848e+000	-3.903225e+001
8.779167e+000	-2.952717e+001
9.493074e+000	-2.036186e+001
9.127215e+000	-3.226328e+001
9.214162e+000	-3.533023e+001
9.632001e+000	-3.194135e+001
9.422886e+000	-4.078462e+001
1.006712e+001	-3.297855e+001
1.013666e+001	-3.638526e+001
1.055450e+001	-3.299637e+001
1.098975e+001	-2.926762e+001
1.111153e+001	-3.165505e+001
1.091983e+001	-4.015857e+001
1.140733e+001	-3.541043e+001
1.222573e+001	-2.420645e+001
1.166830e+001	-3.984554e+001
1.236479e+001	-3.101998e+001
1.295679e+001	-2.423318e+001
1.293924e+001	-2.933891e+001
1.267788e+001	-3.920156e+001
1.314796e+001	-3.479329e+001
1.309559e+001	-4.057852e+001
1.349601e+001	-3.752940e+001
1.396610e+001	-3.312113e+001
1.434911e+001	-3.041176e+001
1.405291e+001	-4.095392e+001
1.420952e+001	-4.266184e+001
1.433130e+001	-4.504928e+001
1.433117e+001	-4.981513e+001
1.445294e+001	-5.220257e+001
1.527134e+001	-4.099848e+001
1.494031e+001	-5.222039e+001
1.535816e+001	-4.883139e+001
1.603723e+001	-4.034570e+001
1.650732e+001	-3.593743e+001
1.671617e+001	-3.662586e+001
1.690761e+001	-3.765415e+001
1.706422e+001	-3.936196e+001
1.708150e+001	-4.378816e+001
1.678531e+001	-5.433033e+001
1.762112e+001	-4.278660e+001
1.779514e+001	-4.415465e+001
1.803883e+001	-4.416356e+001
1.802128e+001	-4.926928e+001
1.816048e+001	-5.131685e+001
1.840416e+001	-5.132576e+001
1.828212e+001	-5.847013e+001
1.868255e+001	-5.542100e+001
1.869983e+001	-5.984710e+001
1.873453e+001	-6.393354e+001
1.875181e+001	-6.835963e+001
1.856011e+001	-7.686315e+001
1.887346e+001	-7.551292e+001
1.883850e+001	-8.095839e+001
1.934342e+001	-7.587050e+001
1.963934e+001	-7.486014e+001
1.941281e+001	-8.404327e+001
1.976099e+001	-8.201342e+001
1.991760e+001	-8.372123e+001
1.974331e+001	-9.188499e+001
1.996958e+001	-9.223377e+001
2.014361e+001	-9.360181e+001
2.014348e+001	-9.836767e+001
2.010851e+001	-1.038131e+002
2.043928e+001	-1.021232e+002
2.059589e+001	-1.038310e+002
2.052609e+001	-1.099561e+002
2.066529e+001	-1.120036e+002
2.056066e+001	-1.188084e+002
2.073468e+001	-1.201764e+002
2.087388e+001	-1.222240e+002
2.099565e+001	-1.246114e+002
2.106518e+001	-1.280181e+002
2.122179e+001	-1.297260e+002
2.151772e+001	-1.287156e+002
2.186590e+001	-1.266857e+002
2.223149e+001	-1.243162e+002
2.233586e+001	-1.270434e+002
2.221382e+001	-1.341878e+002
2.263166e+001	-1.307988e+002
2.264894e+001	-1.352250e+002
2.261398e+001	-1.406705e+002
2.294474e+001	-1.389805e+002
2.385022e+001	-1.260775e+002
2.477311e+001	-1.128347e+002
2.560893e+001	-1.012909e+002
2.613126e+001	-9.586324e+001
2.658393e+001	-9.179473e+001
2.665346e+001	-9.520155e+001
2.700164e+001	-9.317169e+001
2.726274e+001	-9.284085e+001
2.714070e+001	-9.998523e+001
2.721023e+001	-1.033920e+002
2.736684e+001	-1.050999e+002
2.795884e+001	-9.831307e+001
3.036205e+001	-5.618849e+001
3.194673e+001	-3.003396e+001
3.234715e+001	-2.698483e+001
3.170264e+001	-4.432282e+001
3.178959e+001	-4.738977e+001
3.241642e+001	-3.992335e+001
3.271236e+001	-3.891288e+001
3.307795e+001	-3.654337e+001
3.342613e+001	-3.451352e+001
3.386139e+001	-3.078476e+001
3.415731e+001	-2.977440e+001
3.361730e+001	-4.507362e+001
3.391324e+001	-4.406315e+001
3.373895e+001	-5.222691e+001
3.487083e+001	-3.490674e+001
3.480103e+001	-4.103184e+001
3.483573e+001	-4.511818e+001
3.541031e+001	-3.867114e+001
3.506187e+001	-5.023281e+001
3.683813e+001	-2.034050e+001
3.765652e+001	-9.136527e+000
3.715134e+001	-2.375623e+001
3.722087e+001	-2.716305e+001
3.744714e+001	-2.751172e+001
3.748184e+001	-3.159805e+001
3.784744e+001	-2.922844e+001
3.814337e+001	-2.821797e+001
3.877019e+001	-2.075166e+001
3.894421e+001	-2.211971e+001
3.849128e+001	-3.572003e+001
3.894395e+001	-3.165152e+001
3.913539e+001	-3.267982e+001
3.923975e+001	-3.540701e+001
3.929187e+001	-3.915348e+001
3.976196e+001	-3.474520e+001
3.983149e+001	-3.815202e+001
4.011001e+001	-3.748131e+001
4.019695e+001	-4.054826e+001
4.028390e+001	-4.361532e+001
4.056242e+001	-4.294461e+001
4.033588e+001	-5.212775e+001
4.063181e+001	-5.111728e+001
4.157212e+001	-3.753477e+001
4.157199e+001	-4.230074e+001
4.115389e+001	-5.522144e+001
4.127566e+001	-5.760887e+001
4.188507e+001	-5.048231e+001
4.212876e+001	-5.049123e+001
4.207638e+001	-5.627646e+001
4.298186e+001	-4.337347e+001
4.435755e+001	-2.129637e+001
4.409619e+001	-3.115903e+001
4.414830e+001	-3.490560e+001
4.460097e+001	-3.083709e+001
4.505365e+001	-2.676858e+001
4.540183e+001	-2.473872e+001
4.576742e+001	-2.236922e+001
4.595886e+001	-2.339740e+001
4.628962e+001	-2.170742e+001
4.637657e+001	-2.477437e+001
4.651576e+001	-2.682204e+001
4.684652e+001	-2.513206e+001
4.709021e+001	-2.514097e+001
4.686367e+001	-3.432411e+001
4.689837e+001	-3.841044e+001
4.707240e+001	-3.977850e+001
4.766439e+001	-3.299170e+001
4.811706e+001	-2.892319e+001
4.813435e+001	-3.334928e+001
4.801231e+001	-4.049365e+001
4.856947e+001	-3.438649e+001
4.917889e+001	-2.725982e+001
4.912651e+001	-3.304517e+001
4.937019e+001	-3.305408e+001
4.957905e+001	-3.374250e+001
5.004914e+001	-2.933423e+001
5.025800e+001	-3.002266e+001
5.020561e+001	-3.580800e+001
5.034481e+001	-3.785557e+001
5.111096e+001	-2.767098e+001
5.100633e+001	-3.447560e+001
5.090171e+001	-4.128021e+001
5.100607e+001	-4.400741e+001
5.133684e+001	-4.231731e+001
5.187658e+001	-3.654990e+001
5.266015e+001	-2.602544e+001
5.302575e+001	-2.365582e+001
5.292112e+001	-3.046055e+001
5.278167e+001	-3.794468e+001
5.264221e+001	-4.542892e+001
5.353027e+001	-3.286570e+001
5.359980e+001	-3.627251e+001
5.356484e+001	-4.171799e+001
5.339055e+001	-4.988175e+001
5.412187e+001	-4.037667e+001
5.448747e+001	-3.800706e+001
5.420868e+001	-4.820958e+001
5.466135e+001	-4.414107e+001
5.525335e+001	-3.735428e+001
5.514872e+001	-4.415889e+001
5.499185e+001	-5.198289e+001
5.509622e+001	-5.471009e+001
5.556631e+001	-5.030170e+001
5.603640e+001	-4.589343e+001
5.568795e+001	-5.745510e+001
5.586197e+001	-5.882315e+001
5.648880e+001	-5.135673e+001
5.596620e+001	-6.631620e+001
5.633180e+001	-6.394670e+001
5.683671e+001	-5.885880e+001
5.692366e+001	-6.192575e+001
5.723701e+001	-6.057552e+001
5.732396e+001	-6.364247e+001
5.810753e+001	-5.311801e+001
5.788099e+001	-6.230115e+001
5.817693e+001	-6.129067e+001
5.901273e+001	-4.974694e+001
5.880362e+001	-5.859022e+001
5.922146e+001	-5.520133e+001
5.883819e+001	-6.744251e+001
5.963917e+001	-5.657829e+001
6.096262e+001	-3.552047e+001
6.202483e+001	-1.955944e+001
6.195504e+001	-2.568454e+001
6.226838e+001	-2.433431e+001
6.254690e+001	-2.366359e+001
6.263385e+001	-2.673054e+001
6.317360e+001	-2.096314e+001
6.348695e+001	-1.961290e+001
6.319075e+001	-3.015519e+001
6.366084e+001	-2.574692e+001
6.350397e+001	-3.357091e+001
6.392181e+001	-3.018192e+001
6.439190e+001	-2.577365e+001
6.503614e+001	-1.796747e+001
6.418265e+001	-3.938288e+001
6.432185e+001	-4.143045e+001
6.559304e+001	-2.139200e+001
6.567998e+001	-2.445906e+001
6.588884e+001	-2.514749e+001
6.614994e+001	-2.481664e+001
6.628914e+001	-2.686421e+001
6.663731e+001	-2.483446e+001
6.620179e+001	-3.809503e+001
6.696795e+001	-2.791033e+001
6.714198e+001	-2.927837e+001
6.759465e+001	-2.520986e+001
6.794282e+001	-2.318012e+001
6.792527e+001	-2.828584e+001
6.815154e+001	-2.863450e+001
6.851714e+001	-2.626489e+001
6.855184e+001	-3.035123e+001
6.860395e+001	-3.409780e+001
6.935269e+001	-2.425285e+001
6.982278e+001	-1.984459e+001
6.992714e+001	-2.257178e+001
6.968319e+001	-3.209468e+001
6.996171e+001	-3.142408e+001
7.008348e+001	-3.381151e+001
7.044908e+001	-3.144190e+001
7.104107e+001	-2.465510e+001
7.121510e+001	-2.602316e+001
7.119755e+001	-3.112887e+001
7.182438e+001	-2.366245e+001
7.241638e+001	-1.687566e+001
7.241625e+001	-2.164151e+001
7.236387e+001	-2.742685e+001
7.257272e+001	-2.811528e+001
7.319954e+001	-2.064897e+001
7.302526e+001	-2.881272e+001
7.302513e+001	-3.357857e+001
7.300758e+001	-3.868429e+001
7.309453e+001	-4.175124e+001
7.346012e+001	-3.938174e+001
7.429593e+001	-2.783790e+001
7.424356e+001	-3.362313e+001
7.354681e+001	-5.198050e+001
7.453936e+001	-3.737862e+001
7.462631e+001	-4.044557e+001
7.439977e+001	-4.962871e+001
7.467828e+001	-4.895810e+001
7.537478e+001	-4.013254e+001
7.542689e+001	-4.387912e+001
7.530485e+001	-5.102350e+001
7.586202e+001	-4.491633e+001
7.645401e+001	-3.812953e+001
7.624489e+001	-4.697281e+001
7.593129e+001	-5.785484e+001
7.654069e+001	-5.072829e+001
7.734167e+001	-3.986407e+001
7.713256e+001	-4.870746e+001
7.701052e+001	-5.585183e+001
7.701039e+001	-6.061768e+001
7.761980e+001	-5.349113e+001
7.788090e+001	-5.316028e+001
7.786335e+001	-5.826600e+001
7.786323e+001	-6.303185e+001
7.784568e+001	-6.813757e+001
7.833317e+001	-6.338954e+001
7.822855e+001	-7.019416e+001
7.859415e+001	-6.782454e+001
7.868110e+001	-7.089149e+001
7.937759e+001	-6.206593e+001
7.944711e+001	-6.547275e+001
7.983012e+001	-6.276338e+001
7.972550e+001	-6.956800e+001
7.998660e+001	-6.923715e+001
8.038703e+001	-6.618803e+001
8.038690e+001	-7.095387e+001
8.085698e+001	-6.654560e+001
8.049112e+001	-7.844703e+001
8.040391e+001	-8.491188e+001
8.076951e+001	-8.254227e+001
8.141375e+001	-7.473609e+001
8.174452e+001	-7.304610e+001
8.170955e+001	-7.849158e+001
8.150044e+001	-8.733485e+001
8.190086e+001	-8.428572e+001
8.244061e+001	-7.851832e+001
8.231857e+001	-8.566269e+001
8.247518e+001	-8.737051e+001
8.308459e+001	-8.024394e+001
8.285806e+001	-8.942708e+001
8.299725e+001	-9.147465e+001
8.311903e+001	-9.386208e+001
8.449472e+001	-7.178498e+001
8.562660e+001	-5.446482e+001
8.613151e+001	-4.937692e+001
8.679317e+001	-4.123098e+001
8.715877e+001	-3.886138e+001
8.710639e+001	-4.464661e+001
8.788996e+001	-3.412215e+001
8.985779e+001	-4.922873e-001
9.029304e+001	3.236462e+000
9.022325e+001	-2.888632e+000
9.036244e+001	-4.936202e+000
9.074545e+001	-2.226829e+000
9.051892e+001	-1.140997e+001
8.989183e+001	-2.840820e+001
9.072764e+001	-1.686436e+001
9.154603e+001	-5.660379e+000
9.165040e+001	-8.387573e+000
9.161543e+001	-1.383305e+001
9.208552e+001	-9.424778e+000
9.279943e+001	-2.594622e-001
9.283413e+001	-4.345796e+000
9.276434e+001	-1.047079e+001
9.340857e+001	-2.664715e+000
9.382642e+001	7.242761e-001
9.339090e+001	-1.253629e+001
9.373908e+001	-1.050643e+001
9.365187e+001	-1.697129e+001
9.422645e+001	-1.052425e+001
9.410441e+001	-1.766873e+001
9.434810e+001	-1.767765e+001
9.553222e+001	6.618960e-001
9.595006e+001	4.050784e+000
9.572353e+001	-5.132240e+000
9.593238e+001	-5.820778e+000
9.594967e+001	-1.024687e+001
9.614110e+001	-1.127517e+001
9.634996e+001	-1.196370e+001
9.647174e+001	-1.435103e+001
9.645419e+001	-1.945674e+001
9.734224e+001	-6.893627e+000
9.758593e+001	-6.902540e+000
9.798636e+001	-3.853301e+000
9.833454e+001	-1.823554e+000
9.873497e+001	1.225570e+000
9.812529e+001	-1.543279e+001
9.822965e+001	-1.815998e+001
9.852558e+001	-1.714951e+001
9.847320e+001	-2.293485e+001
9.923936e+001	-1.275015e+001
9.958754e+001	-1.072030e+001
9.990089e+001	-9.370065e+000
9.981368e+001	-1.583492e+001
1.008759e+002	1.261002e-001
1.008235e+002	-5.659241e+000
1.010672e+002	-5.668150e+000
1.015895e+002	-2.404973e-001
1.011540e+002	-1.350106e+001
1.018157e+002	-5.355019e+000
1.020768e+002	-5.024169e+000
1.017980e+002	-1.522669e+001
1.021462e+002	-1.319684e+001
1.027382e+002	-6.410045e+000
1.030689e+002	-4.720056e+000
1.032952e+002	-5.068727e+000
1.036956e+002	-2.019597e+000
1.042354e+002	3.747808e+000
1.038347e+002	-8.833126e+000
1.041829e+002	-6.803269e+000
1.046530e+002	-2.394999e+000
1.043219e+002	-1.361691e+001
1.042695e+002	-1.940214e+001
1.048441e+002	-1.295510e+001
1.046873e+002	-2.077910e+001
1.050877e+002	-1.772997e+001
1.057145e+002	-1.026355e+001
1.063762e+002	-2.117616e+000
1.072642e+002	1.044560e+001
1.063237e+002	-1.266881e+001
1.064454e+002	-1.505624e+001
1.068981e+002	-1.098762e+001
1.070025e+002	-1.371493e+001
1.075945e+002	-6.928024e+000
1.079775e+002	-4.218652e+000
1.081341e+002	-5.926573e+000
1.080469e+002	-1.239143e+001
1.085692e+002	-6.963663e+000
1.083949e+002	-1.512753e+001
1.093178e+002	-1.884791e+000
1.092306e+002	-8.349539e+000
1.098052e+002	-1.902613e+000
1.102753e+002	2.505760e+000
1.097875e+002	-1.177418e+001
1.102228e+002	-8.045425e+000
1.103097e+002	-1.111238e+001
1.105011e+002	-1.214067e+001
1.112673e+002	-1.956080e+000
1.114762e+002	-2.644504e+000
1.111974e+002	-1.284703e+001
1.120506e+002	-9.634279e-001
1.123117e+002	-6.325838e-001
1.123812e+002	-4.039288e+000
1.122244e+002	-1.186329e+001
1.120152e+002	-2.070668e+001
1.122067e+002	-2.173486e+001
1.124504e+002	-2.174377e+001
1.125373e+002	-2.481083e+001
1.138085e+002	-4.772384e+000
1.138432e+002	-8.858718e+000
1.144700e+002	-1.392296e+000
1.149227e+002	2.676211e+000
1.149052e+002	-2.429501e+000
1.150792e+002	-3.797555e+000
1.149223e+002	-1.162155e+001
1.152357e+002	-1.027133e+001
1.155490e+002	-8.921094e+000
1.157927e+002	-8.930007e+000
1.158448e+002	-1.267658e+001
1.157402e+002	-1.948120e+001
1.162799e+002	-1.371367e+001
1.172899e+002	1.227960e+000
1.174117e+002	-1.159471e+000
1.174116e+002	-5.925321e+000
1.177249e+002	-4.575089e+000
1.176725e+002	-1.036044e+001
1.179510e+002	-9.689720e+000
1.183341e+002	-6.980348e+000
1.185255e+002	-8.008644e+000
1.189259e+002	-4.959514e+000
1.193786e+002	-8.910019e-001
1.194655e+002	-3.957954e+000
1.193958e+002	-1.008294e+001
1.194130e+002	-1.450914e+001
1.203185e+002	-1.606162e+000
1.201616e+002	-9.430159e+000
1.206666e+002	-4.342264e+000
1.210496e+002	-1.632892e+000
1.209275e+002	-8.777265e+000
1.208055e+002	-1.592175e+001
1.215020e+002	-7.096189e+000
1.215889e+002	-1.016314e+001
1.221112e+002	-4.735488e+000
1.227381e+002	2.730815e+000
1.229992e+002	3.061664e+000
1.231732e+002	1.693610e+000
1.236955e+002	7.121377e+000
1.236083e+002	6.565146e-001
1.232250e+002	-1.158466e+001
1.231901e+002	-1.703025e+001
1.241304e+002	-3.447637e+000
1.244437e+002	-2.097405e+000
1.247049e+002	-1.766561e+000
1.251227e+002	1.622322e+000
1.254012e+002	2.293038e+000
1.247915e+002	-1.436543e+001
1.249133e+002	-1.675275e+001
1.251396e+002	-1.710153e+001
1.252614e+002	-1.948886e+001
1.263758e+002	-2.508560e+000
1.265673e+002	-3.536747e+000
1.266368e+002	-6.943566e+000
1.269850e+002	-4.913710e+000
1.271590e+002	-6.281758e+000
1.272111e+002	-1.002833e+001
1.265666e+002	-2.736632e+001
1.271586e+002	-2.057953e+001
1.275242e+002	-1.820992e+001
1.276982e+002	-1.957797e+001
1.283947e+002	-1.075252e+001
1.282204e+002	-1.891628e+001
1.290911e+002	-6.692914e+000
1.292651e+002	-8.060968e+000
1.294391e+002	-9.429021e+000
1.300485e+002	-2.302357e+000
1.299091e+002	-9.786601e+000
1.304488e+002	-4.019191e+000
1.305183e+002	-7.425896e+000
1.306575e+002	-9.473574e+000
1.305181e+002	-1.695771e+001
1.308837e+002	-1.458820e+001
1.315105e+002	-7.121782e+000
1.315104e+002	-1.188763e+001
1.320675e+002	-5.780464e+000
1.324331e+002	-3.410850e+000
1.325723e+002	-5.458528e+000
1.330598e+002	-7.103913e-001
1.331468e+002	-3.777343e+000
1.329377e+002	-1.262072e+001
1.329027e+002	-1.806620e+001
1.332160e+002	-1.671597e+001
1.338080e+002	-9.929178e+000
1.341040e+002	-8.918704e+000
1.337904e+002	-1.980074e+001
1.346088e+002	-8.596768e+000
1.348176e+002	-9.285192e+000
1.355838e+002	8.993909e-001
1.357230e+002	-1.148168e+000
1.356532e+002	-7.273272e+000
1.360013e+002	-5.243416e+000
1.364192e+002	-1.854528e+000
1.365409e+002	-4.241965e+000
1.367672e+002	-4.590631e+000
1.365059e+002	-1.445329e+001
1.372023e+002	-5.627835e+000
1.373067e+002	-8.355029e+000
1.376375e+002	-6.664931e+000
1.377767e+002	-8.712610e+000
1.383861e+002	-1.586059e+000
1.381770e+002	-1.042933e+001
1.381768e+002	-1.519529e+001
1.382638e+002	-1.826224e+001
1.388558e+002	-1.147545e+001
1.396393e+002	-9.509872e-001
1.399353e+002	5.948151e-002
1.397087e+002	-9.123656e+000
1.396389e+002	-1.524876e+001
1.396911e+002	-1.899534e+001
1.401786e+002	-1.424719e+001
1.403874e+002	-1.493573e+001
1.408227e+002	-1.120698e+001
1.411360e+002	-9.856746e+000
1.418325e+002	-1.031184e+000
1.413273e+002	-1.565089e+001
1.416407e+002	-1.430066e+001
1.421978e+002	-8.193384e+000
1.427550e+002	-2.086216e+000
1.432948e+002	3.681194e+000
1.432424e+002	-2.104033e+000
1.425282e+002	-2.080117e+001
1.430157e+002	-1.605303e+001
1.439908e+002	-1.791011e+000
1.442171e+002	-2.139677e+000
1.440603e+002	-9.963679e+000
1.445652e+002	-4.875785e+000
1.444780e+002	-1.134064e+001
1.446694e+002	-1.236883e+001
1.450698e+002	-9.319700e+000
1.455399e+002	-4.911429e+000
1.460448e+002	1.764654e-001
1.458531e+002	-8.327047e+000
1.461142e+002	-7.996204e+000
1.460619e+002	-1.378154e+001
1.466190e+002	-7.674262e+000
1.466711e+002	-1.142084e+001
1.464446e+002	-2.060398e+001
1.464793e+002	-2.469032e+001
1.470713e+002	-1.790352e+001
1.481335e+002	-1.942496e+000
1.479592e+002	-1.010626e+001
1.478546e+002	-1.691087e+001
1.482376e+002	-1.420150e+001
1.492824e+002	1.419759e+000
1.492997e+002	-3.006328e+000
1.490383e+002	-1.286909e+001
1.496826e+002	-5.062914e+000
1.503094e+002	2.403503e+000
1.498390e+002	-1.153668e+001
1.499260e+002	-1.460364e+001
1.502568e+002	-1.291365e+001
1.509707e+002	-3.748327e+000
1.505351e+002	-1.700890e+001
1.508659e+002	-1.531891e+001
1.510051e+002	-1.736647e+001
1.513881e+002	-1.465710e+001
1.519278e+002	-8.889688e+000
1.518929e+002	-1.433517e+001
1.521192e+002	-1.468383e+001
1.524151e+002	-1.367336e+001
1.525717e+002	-1.538128e+001
1.533379e+002	-5.196578e+000
1.535293e+002	-6.224874e+000
1.537730e+002	-6.233783e+000
1.541386e+002	-3.864173e+000
1.547306e+002	2.922619e+000
1.549568e+002	2.573948e+000
1.546258e+002	-8.647845e+000
1.548173e+002	-9.676137e+000
1.550784e+002	-9.345292e+000
1.557923e+002	-1.799717e-001
1.553742e+002	-1.310078e+001
1.556701e+002	-1.209031e+001
1.560531e+002	-9.380936e+000
1.565928e+002	-3.613526e+000
1.567843e+002	-4.641708e+000
1.567842e+002	-9.407667e+000
1.574284e+002	-1.601492e+000
1.581249e+002	7.224066e+000
1.574456e+002	-1.079354e+001
1.573409e+002	-1.759816e+001
1.583335e+002	-2.996276e+000
1.593783e+002	1.262499e+001
1.590995e+002	2.422462e+000
1.587859e+002	-8.459573e+000
1.587858e+002	-1.322553e+001
1.594300e+002	-5.419357e+000
1.595692e+002	-7.466921e+000
1.595516e+002	-1.257264e+001
1.596212e+002	-1.597946e+001
1.598126e+002	-1.700775e+001
1.610316e+002	2.011416e+000
1.611708e+002	-3.625717e-002
1.610661e+002	-6.840872e+000
1.616059e+002	-1.073462e+000
1.616754e+002	-4.480171e+000
1.616753e+002	-9.246130e+000
1.620409e+002	-6.876516e+000
1.625110e+002	-2.468246e+000
1.623715e+002	-9.952377e+000
1.633815e+002	4.989257e+000
1.635381e+002	3.281446e+000
1.636599e+002	8.940147e-001
1.633637e+002	-9.648263e+000
1.633810e+002	-1.407436e+001
1.640426e+002	-5.928422e+000
1.646172e+002	5.186127e-001
1.647216e+002	-2.208576e+000
1.647737e+002	-5.955153e+000
1.648955e+002	-8.342589e+000
1.649824e+002	-1.140954e+001
1.647559e+002	-2.059268e+001
1.653653e+002	-1.346613e+001
1.655219e+002	-1.517394e+001
1.658526e+002	-1.348395e+001
1.662182e+002	-1.111434e+001
1.666883e+002	-6.706066e+000
1.667753e+002	-9.773017e+000
1.673499e+002	-3.325983e+000
1.675065e+002	-5.033789e+000
1.674715e+002	-1.047927e+001
1.672624e+002	-1.932265e+001
1.677499e+002	-1.457462e+001
1.683245e+002	-8.127586e+000
1.687771e+002	-4.059074e+000
1.687596e+002	-9.164681e+000
1.687943e+002	-1.325102e+001
1.691599e+002	-1.088151e+001
1.701176e+002	3.040850e+000
1.701697e+002	-7.057215e-001
1.703438e+002	-2.073770e+000
1.707093e+002	2.958336e-001
1.707440e+002	-3.790496e+000
1.710051e+002	-3.459646e+000
1.704826e+002	-1.841911e+001
1.709178e+002	-1.469047e+001
1.714575e+002	-8.922943e+000
1.717709e+002	-7.572711e+000
1.721713e+002	-4.523586e+000
1.721537e+002	-9.629303e+000
1.724149e+002	-9.298345e+000
1.732332e+002	1.905626e+000
1.729022e+002	-9.316167e+000
1.732156e+002	-7.965935e+000
1.735115e+002	-6.955575e+000
1.738597e+002	-4.925719e+000
1.741382e+002	-4.255112e+000
1.746953e+002	1.852160e+000
1.746081e+002	-4.612692e+000
1.743642e+002	-1.413559e+001
1.746253e+002	-1.380474e+001
1.747819e+002	-1.551255e+001
1.757048e+002	-2.269813e+000
1.761226e+002	1.119069e+000
1.764011e+002	1.789785e+000
1.765926e+002	7.614890e-001
1.764531e+002	-6.722636e+000
1.765749e+002	-9.110072e+000
1.770450e+002	-4.701802e+000
1.773931e+002	-2.671946e+000
1.777065e+002	-1.321714e+000
1.777412e+002	-5.408049e+000
1.780197e+002	-4.737447e+000
1.783330e+002	-3.387215e+000
1.782632e+002	-9.512205e+000
1.785243e+002	-9.181361e+000
1.786461e+002	-1.156879e+001
1.787330e+002	-1.463574e+001
1.789071e+002	-1.600380e+001
1.799519e+002	-3.826379e-001
1.800214e+002	-3.789347e+000
1.799168e+002	-1.059396e+001
1.810660e+002	7.065952e+000
1.810659e+002	2.299993e+000
1.810484e+002	-2.805609e+000
1.808567e+002	-1.130924e+001
1.811352e+002	-1.063852e+001
1.816052e+002	-6.230250e+000
1.816051e+002	-1.099610e+001
1.821449e+002	-5.228685e+000
1.825627e+002	-1.839802e+000
1.826148e+002	-5.586265e+000
1.829804e+002	-3.216765e+000
1.832763e+002	-2.206291e+000
1.831717e+002	-9.010906e+000
1.826143e+002	-2.465000e+001
1.834675e+002	-1.276640e+001
1.845471e+002	3.534493e+000
1.848256e+002	4.205100e+000
1.849822e+002	2.497288e+000
1.851911e+002	1.808750e+000
1.851039e+002	-4.656102e+000
1.853650e+002	-4.325144e+000
1.852952e+002	-1.045025e+001
1.851383e+002	-1.827424e+001
1.856432e+002	-1.318635e+001
1.862178e+002	-6.739310e+000
1.867401e+002	-1.311658e+000
1.869838e+002	-1.320571e+000
1.871578e+002	-2.688620e+000
1.874363e+002	-2.018018e+000
1.871053e+002	-1.323982e+001
1.872793e+002	-1.460787e+001
1.878713e+002	-7.821073e+000
1.878189e+002	-1.360631e+001
1.883413e+002	-8.178652e+000
1.885153e+002	-9.546706e+000
1.884281e+002	-1.601156e+001
1.891942e+002	-5.826861e+000
1.893160e+002	-8.214296e+000
1.888282e+002	-2.249424e+001
1.897511e+002	-9.251501e+000
1.899251e+002	-1.061955e+001
1.904301e+002	-5.531655e+000
1.905344e+002	-8.258849e+000
1.903079e+002	-1.744199e+001
1.904993e+002	-1.847028e+001
1.914570e+002	-4.547917e+000
1.916659e+002	-5.236455e+000
1.918399e+002	-6.604504e+000
1.918224e+002	-1.171022e+001
1.922576e+002	-7.981466e+000
1.926406e+002	-5.272094e+000
1.930062e+002	-2.902486e+000
1.930235e+002	-7.328573e+000
1.935458e+002	-1.900920e+000
1.940856e+002	3.866485e+000
1.940506e+002	-1.578984e+000
1.942072e+002	-3.286796e+000
1.939981e+002	-1.213018e+001
1.941547e+002	-1.383799e+001
1.943984e+002	-1.384690e+001
1.950948e+002	-5.021447e+000
1.952863e+002	-6.049629e+000
1.952165e+002	-1.217473e+001
1.954602e+002	-1.218364e+001
1.956690e+002	-1.287207e+001
1.961565e+002	-8.124043e+000
1.964002e+002	-8.132952e+000
1.968180e+002	-4.743955e+000
1.969398e+002	-7.131391e+000
1.971661e+002	-7.480058e+000
1.968873e+002	-1.768258e+001
1.978798e+002	-3.080701e+000
1.985067e+002	4.385716e+000
1.979318e+002	-1.159313e+001
1.980884e+002	-1.330105e+001
1.985934e+002	-8.213149e+000
1.985584e+002	-1.365862e+001
1.989414e+002	-1.094926e+001
1.991677e+002	-1.129792e+001
1.998293e+002	-3.151985e+000
2.002297e+002	-1.028603e-001
2.003167e+002	-3.169807e+000
2.005429e+002	-3.518478e+000
2.004906e+002	-9.303820e+000
2.002988e+002	-1.780734e+001
2.008734e+002	-1.136030e+001
2.009429e+002	-1.476712e+001
2.017265e+002	-4.242656e+000
2.021269e+002	-1.193526e+000
2.021094e+002	-6.299134e+000
2.019525e+002	-1.412314e+001
2.022484e+002	-1.311266e+001
2.018826e+002	-2.501408e+001
2.023701e+002	-2.026606e+001
2.027008e+002	-1.857607e+001
2.035715e+002	-6.352600e+000
2.037107e+002	-8.400279e+000
2.036583e+002	-1.418551e+001
2.041284e+002	-9.777241e+000
2.043895e+002	-9.446397e+000
2.048770e+002	-4.698255e+000
2.049988e+002	-7.085691e+000
2.048941e+002	-1.389031e+001
2.053468e+002	-9.821799e+000
2.052074e+002	-1.730604e+001
2.057819e+002	-1.085900e+001
2.059211e+002	-1.290657e+001
2.060952e+002	-1.427462e+001
2.061647e+002	-1.768144e+001
2.072966e+002	-3.612731e-001
2.070526e+002	-9.884173e+000
2.071395e+002	-1.295113e+001
2.077315e+002	-6.164328e+000
2.077314e+002	-1.093029e+001
2.079403e+002	-1.161872e+001
2.085323e+002	-4.831923e+000
2.083580e+002	-1.299568e+001
2.089848e+002	-5.529370e+000
2.091414e+002	-7.237176e+000
2.094547e+002	-5.886950e+000
2.094894e+002	-9.973284e+000
2.100466e+002	-3.866002e+000
2.095240e+002	-1.882558e+001
2.099244e+002	-1.577634e+001
2.101333e+002	-1.646487e+001
2.104989e+002	-1.409526e+001
2.110560e+002	-7.987980e+000
2.117177e+002	1.579473e-001
2.114912e+002	-9.025185e+000
2.118742e+002	-6.315813e+000
2.119785e+002	-9.043007e+000
2.118217e+002	-1.686701e+001
2.121524e+002	-1.517702e+001
2.125877e+002	-1.144827e+001
2.130055e+002	-8.059269e+000
2.129531e+002	-1.384461e+001
2.130053e+002	-1.759119e+001
2.130051e+002	-2.235704e+001
2.136319e+002	-1.489062e+001
2.139104e+002	-1.422001e+001
2.142412e+002	-1.253003e+001
2.144152e+002	-1.389808e+001
2.151640e+002	-4.053132e+000
2.155818e+002	-6.642439e-001
2.160693e+002	4.083888e+000
2.160344e+002	-1.361582e+000
2.158949e+002	-8.845826e+000
2.154768e+002	-2.176663e+001
2.157901e+002	-2.041640e+001
2.158248e+002	-2.450273e+001
2.165039e+002	-1.601693e+001
2.178970e+002	6.400035e+000
2.174267e+002	-7.540153e+000
2.174265e+002	-1.230600e+001
2.177747e+002	-1.027625e+001
2.184015e+002	-2.809832e+000
2.183491e+002	-8.595179e+000
2.183490e+002	-1.336103e+001
2.188017e+002	-9.292516e+000
2.191673e+002	-6.922902e+000
2.193935e+002	-7.271678e+000
2.198288e+002	-3.542923e+000
2.195326e+002	-1.408521e+001
2.195847e+002	-1.783178e+001
2.202464e+002	-9.685736e+000
2.204552e+002	-1.037427e+001
2.205422e+002	-1.344123e+001
2.208904e+002	-1.141148e+001
2.210469e+002	-1.311929e+001
2.216215e+002	-6.672250e+000
2.216040e+002	-1.177797e+001
2.221437e+002	-6.010557e+000
2.218301e+002	-1.689260e+001
2.220390e+002	-1.758103e+001
2.228922e+002	-5.697426e+000
2.231707e+002	-5.026818e+000
2.233796e+002	-5.715248e+000
2.231356e+002	-1.523814e+001
2.237624e+002	-7.771834e+000
2.239365e+002	-9.139888e+000
2.238493e+002	-1.560474e+001
2.243890e+002	-9.837221e+000
2.245456e+002	-1.154514e+001
2.245280e+002	-1.665086e+001
2.249459e+002	-1.326186e+001
2.253986e+002	-9.193349e+000
2.256248e+002	-9.542021e+000
2.254680e+002	-1.736602e+001
2.251543e+002	-2.824806e+001
2.261295e+002	-1.398594e+001
2.260945e+002	-1.943152e+001
2.269129e+002	-8.227433e+000
2.278184e+002	4.675545e+000
2.279053e+002	1.608484e+000
2.270518e+002	-1.980692e+001
2.273478e+002	-1.879645e+001
2.279049e+002	-1.268917e+001
2.284447e+002	-6.921760e+000
2.283401e+002	-1.372637e+001
2.285141e+002	-1.509443e+001
2.290190e+002	-1.000653e+001
2.288969e+002	-1.715101e+001
2.292799e+002	-1.444164e+001
2.295933e+002	-1.309141e+001
2.297325e+002	-1.513898e+001
2.299413e+002	-1.582752e+001
2.301676e+002	-1.617619e+001
