    nm         	pN
0.000000e+000	4.507992e+002
7.252118e-002	4.488231e+002
2.858693e-002	4.422027e+002
-3.198301e-002	4.349189e+002
-4.264518e-002	4.296254e+002
-8.657874e-002	4.230050e+002
-1.305123e-001	4.163847e+002
-1.910802e-001	4.091009e+002
-1.684695e-001	4.051344e+002
-1.292232e-001	4.018313e+002
-8.997481e-002	3.985282e+002
-8.400129e-002	3.938982e+002
-2.811788e-002	3.912586e+002
1.113052e-002	3.879556e+002
1.710475e-002	3.833255e+002
-1.019102e-002	3.773687e+002
-2.085319e-002	3.720752e+002
1.758127e-003	3.681087e+002
7.731657e-003	3.634786e+002
3.034297e-002	3.595121e+002
1.694076e-001	3.601898e+002
1.421091e-001	3.542329e+002
1.314483e-001	3.489394e+002
4.336274e-003	3.390019e+002
-6.325891e-003	3.337084e+002
4.955751e-002	3.310688e+002
5.553104e-002	3.264387e+002
-5.036817e-003	3.191550e+002
-8.224246e-002	3.112077e+002
-9.724755e-003	3.092314e+002
9.606852e-002	3.085823e+002
2.018583e-001	3.079330e+002
2.078353e-001	3.033030e+002
4.744703e-002	2.920384e+002
-7.966570e-002	2.821008e+002
-7.369148e-002	2.774708e+002
-6.771586e-002	2.728408e+002
-1.282865e-001	2.655569e+002
-5.576532e-002	2.635809e+002
3.338948e-002	2.622681e+002
-6.045325e-002	2.536573e+002
-8.774902e-002	2.477005e+002
1.804077e-002	2.470512e+002
1.071963e-001	2.457385e+002
7.990048e-002	2.397816e+002
6.923902e-002	2.344882e+002
9.184998e-002	2.305216e+002
4.791712e-002	2.239013e+002
1.370719e-001	2.225886e+002
1.097737e-001	2.166316e+002
1.157500e-001	2.120017e+002
7.181647e-002	2.053813e+002
7.779000e-002	2.007513e+002
3.385644e-002	1.941309e+002
8.974054e-002	1.914913e+002
7.907838e-002	1.861978e+002
1.848723e-001	1.855487e+002
1.742102e-001	1.802552e+002
1.469116e-001	1.742982e+002
1.196158e-001	1.683414e+002
9.231729e-002	1.623844e+002
1.981099e-001	1.617353e+002
3.371725e-001	1.624129e+002
3.764208e-001	1.591099e+002
3.990322e-001	1.551433e+002
4.715499e-001	1.531671e+002
5.607060e-001	1.518544e+002
5.167725e-001	1.452340e+002
4.229326e-001	1.366234e+002
2.958163e-001	1.266856e+002
2.685206e-001	1.207288e+002
1.913149e-001	1.127815e+002
2.305633e-001	1.094785e+002
2.698062e-001	1.061752e+002
2.757859e-001	1.015454e+002
4.314828e-001	1.028864e+002
5.539104e-001	1.029007e+002
4.767048e-001	9.495339e+001
2.830451e-001	8.236183e+001
3.222935e-001	7.905882e+001
3.282670e-001	7.442877e+001
2.843362e-001	6.780852e+001
1.738557e-001	5.853421e+001
1.465600e-001	5.257735e+001
2.689875e-001	5.259157e+001
4.080501e-001	5.326919e+001
3.474850e-001	4.598553e+001
3.534579e-001	4.135549e+001
2.762522e-001	3.340820e+001
1.990466e-001	2.546092e+001
2.549300e-001	2.282131e+001
4.605374e-001	2.615276e+001
4.665109e-001	2.152271e+001
3.560353e-001	1.224863e+001
2.954647e-001	4.964749e+000
3.180781e-001	9.983259e-001
4.737757e-001	2.339346e+000
4.963898e-001	-1.627067e+000
3.692743e-001	-1.156478e+001
3.918828e-001	-1.553143e+001
4.976753e-001	-1.618061e+001
4.870146e-001	-2.147406e+001
3.598991e-001	-3.141178e+001
3.991475e-001	-3.471478e+001
5.049400e-001	-3.536398e+001
5.275493e-001	-3.933062e+001
5.002521e-001	-4.528747e+001
5.228669e-001	-4.925389e+001
5.122047e-001	-5.454734e+001
5.514489e-001	-5.785059e+001
5.407868e-001	-6.314402e+001
5.467666e-001	-6.777386e+001
5.860094e-001	-7.107710e+001
6.585334e-001	-7.305308e+001
5.813270e-001	-8.100037e+001
4.708465e-001	-9.027468e+001
5.100950e-001	-9.357769e+001
5.493433e-001	-9.688071e+001
6.052268e-001	-9.952033e+001
6.278346e-001	-1.034870e+002
5.506297e-001	-1.114343e+002
5.732431e-001	-1.154007e+002
6.124859e-001	-1.187039e+002
6.850098e-001	-1.206799e+002
7.242527e-001	-1.239831e+002
6.636869e-001	-1.312668e+002
6.031169e-001	-1.385507e+002
6.423654e-001	-1.418537e+002
7.481524e-001	-1.425031e+002
8.872205e-001	-1.418253e+002
9.264634e-001	-1.451285e+002
8.492584e-001	-1.530758e+002
8.385962e-001	-1.583692e+002
8.944797e-001	-1.610089e+002
9.170931e-001	-1.649753e+002
1.039522e+000	-1.649611e+002
1.028860e+000	-1.702545e+002
1.167922e+000	-1.695769e+002
1.257081e+000	-1.708895e+002
1.312965e+000	-1.735291e+002
1.418752e+000	-1.741785e+002
1.424732e+000	-1.788083e+002
1.330885e+000	-1.874192e+002
1.220410e+000	-1.966933e+002
1.243018e+000	-2.006600e+002
1.298902e+000	-2.032996e+002
1.321516e+000	-2.072660e+002
1.344124e+000	-2.112326e+002
1.350102e+000	-2.158625e+002
1.356076e+000	-2.204925e+002
1.295505e+000	-2.277764e+002
1.318118e+000	-2.317428e+002
1.340728e+000	-2.357095e+002
1.496429e+000	-2.343682e+002
1.668762e+000	-2.323638e+002
1.674742e+000	-2.369936e+002
1.747259e+000	-2.389698e+002
1.803142e+000	-2.416094e+002
1.792481e+000	-2.469029e+002
1.881633e+000	-2.482157e+002
1.870972e+000	-2.535091e+002
1.843677e+000	-2.594660e+002
2.032648e+000	-2.567979e+002
2.188352e+000	-2.554567e+002
2.676771e+000	-2.408465e+002
2.849110e+000	-2.388418e+002
2.755268e+000	-2.474526e+002
2.994145e+000	-2.427943e+002
3.432661e+000	-2.301743e+002
3.338820e+000	-2.387850e+002
3.278249e+000	-2.460689e+002
3.134500e+000	-2.566700e+002
3.240292e+000	-2.573192e+002
3.429264e+000	-2.546511e+002
3.584961e+000	-2.533101e+002
3.640845e+000	-2.559497e+002
3.580279e+000	-2.632334e+002
3.486434e+000	-2.718443e+002
3.392594e+000	-2.804550e+002
3.448476e+000	-2.830946e+002
3.637449e+000	-2.804265e+002
3.992786e+000	-2.711238e+002
4.048668e+000	-2.737634e+002
3.921552e+000	-2.837011e+002
3.910892e+000	-2.889946e+002
4.016686e+000	-2.896437e+002
4.122471e+000	-2.902932e+002
4.045266e+000	-2.982404e+002
4.017970e+000	-3.041973e+002
4.256853e+000	-2.995388e+002
4.346005e+000	-3.008516e+002
4.451798e+000	-3.015008e+002
4.590860e+000	-3.008232e+002
4.530296e+000	-3.081068e+002
4.436450e+000	-3.167177e+002
4.525607e+000	-3.180303e+002
4.548216e+000	-3.219970e+002
4.604099e+000	-3.246366e+002
4.726526e+000	-3.246224e+002
4.932140e+000	-3.212907e+002
5.320746e+000	-3.106611e+002
5.343354e+000	-3.146278e+002
5.133059e+000	-3.278827e+002
5.438485e+000	-3.205704e+002
5.577548e+000	-3.198928e+002
5.600161e+000	-3.238592e+002
5.672680e+000	-3.258354e+002
5.745198e+000	-3.278116e+002
6.033990e+000	-3.211627e+002
6.139777e+000	-3.218121e+002
6.079211e+000	-3.290958e+002
5.952095e+000	-3.390335e+002
6.141069e+000	-3.363654e+002
6.513039e+000	-3.263993e+002
6.785192e+000	-3.204140e+002
6.824440e+000	-3.237170e+002
6.813779e+000	-3.290105e+002
7.102565e+000	-3.223618e+002
7.424625e+000	-3.143861e+002
7.530418e+000	-3.150352e+002
7.370033e+000	-3.262998e+002
7.276188e+000	-3.349107e+002
7.332071e+000	-3.375503e+002
7.437864e+000	-3.381995e+002
7.527023e+000	-3.395120e+002
7.649451e+000	-3.394978e+002
7.738603e+000	-3.408106e+002
7.944210e+000	-3.374792e+002
8.033369e+000	-3.387918e+002
8.205706e+000	-3.367871e+002
8.361404e+000	-3.354461e+002
8.533741e+000	-3.334414e+002
8.539714e+000	-3.380715e+002
8.562329e+000	-3.420379e+002
8.601571e+000	-3.453412e+002
8.491095e+000	-3.546153e+002
8.546980e+000	-3.572549e+002
8.802496e+000	-3.519330e+002
8.791835e+000	-3.572264e+002
8.764538e+000	-3.631833e+002
8.953511e+000	-3.605152e+002
8.826396e+000	-3.704529e+002
8.715913e+000	-3.797273e+002
8.821708e+000	-3.803764e+002
8.994046e+000	-3.783718e+002
9.083199e+000	-3.796846e+002
8.872904e+000	-3.929395e+002
8.862242e+000	-3.982330e+002
8.934766e+000	-4.002090e+002
9.090463e+000	-3.988680e+002
9.029892e+000	-4.061519e+002
8.786327e+000	-4.207336e+002
8.925390e+000	-4.200560e+002
9.280726e+000	-4.107532e+002
9.303335e+000	-4.147199e+002
9.209495e+000	-4.233306e+002
9.365193e+000	-4.219895e+002
9.454350e+000	-4.233021e+002
9.476958e+000	-4.272688e+002
9.416392e+000	-4.345524e+002
9.522180e+000	-4.352018e+002
9.661248e+000	-4.345240e+002
9.833580e+000	-4.325196e+002
9.839560e+000	-4.371494e+002
1.001189e+001	-4.351449e+002
1.023414e+001	-4.311499e+002
1.030666e+001	-4.331261e+002
1.019618e+001	-4.424002e+002
1.001916e+001	-4.543283e+002
1.000850e+001	-4.596218e+002
1.023074e+001	-4.556267e+002
1.045298e+001	-4.516318e+002
1.065859e+001	-4.483004e+002
1.083093e+001	-4.462958e+002
1.120290e+001	-4.363296e+002
1.139187e+001	-4.336615e+002
1.121485e+001	-4.455897e+002
1.150364e+001	-4.389407e+002
1.255769e+001	-4.017729e+002
1.364501e+001	-3.632782e+002
1.424989e+001	-3.440235e+002
1.458859e+001	-3.353844e+002
1.466110e+001	-3.373606e+002
1.468372e+001	-3.413270e+002
1.467305e+001	-3.466205e+002
1.457921e+001	-3.552314e+002
1.470164e+001	-3.552172e+002
1.533979e+001	-3.346357e+002
1.572839e+001	-3.240061e+002
1.560128e+001	-3.339438e+002
1.574035e+001	-3.332659e+002
1.652822e+001	-3.067134e+002
1.743254e+001	-2.755168e+002
1.797087e+001	-2.589160e+002
1.799348e+001	-2.628826e+002
1.783310e+001	-2.741471e+002
1.817179e+001	-2.655080e+002
1.889312e+001	-2.416093e+002
1.909873e+001	-2.382778e+002
1.895498e+001	-2.488789e+002
1.897759e+001	-2.528453e+002
1.929965e+001	-2.448696e+002
1.973817e+001	-2.322496e+002
2.060922e+001	-2.023798e+002
2.192945e+001	-1.545966e+002
2.296686e+001	-1.180921e+002
2.365492e+001	-9.552042e+001
2.424316e+001	-7.692937e+001
2.476485e+001	-6.099215e+001
2.480410e+001	-6.429517e+001
2.457717e+001	-7.821352e+001
2.463305e+001	-8.085313e+001
2.488857e+001	-7.553124e+001
2.519399e+001	-6.821915e+001
2.581550e+001	-4.830107e+001
2.617084e+001	-3.899854e+001
2.621008e+001	-4.230155e+001
2.641569e+001	-3.897010e+001
2.643831e+001	-4.293652e+001
2.647755e+001	-4.623954e+001
2.645025e+001	-5.219662e+001
2.622332e+001	-6.611497e+001
2.626257e+001	-6.941799e+001
2.661790e+001	-6.011547e+001
2.670706e+001	-6.142805e+001
2.701249e+001	-5.411573e+001
2.738445e+001	-4.414980e+001
2.757342e+001	-4.148175e+001
2.727995e+001	-5.805394e+001
2.708629e+001	-7.064549e+001
2.747490e+001	-6.001594e+001
2.769714e+001	-5.602086e+001
2.781957e+001	-5.600664e+001
2.780891e+001	-6.130009e+001
2.784816e+001	-6.460310e+001
2.787077e+001	-6.856974e+001
2.797656e+001	-6.921894e+001
2.794926e+001	-7.517578e+001
2.775560e+001	-8.776734e+001
2.779485e+001	-9.107035e+001
2.818346e+001	-8.044080e+001
2.840570e+001	-7.644594e+001
2.844495e+001	-7.974896e+001
2.868383e+001	-7.509048e+001
2.887280e+001	-7.242242e+001
2.869578e+001	-8.435056e+001
2.828585e+001	-1.055670e+002
2.834173e+001	-1.082066e+002
2.858062e+001	-1.035482e+002
2.866977e+001	-1.048610e+002
2.905837e+001	-9.423141e+001
2.909762e+001	-9.753442e+001
2.867106e+001	-1.194143e+002
2.874358e+001	-1.213905e+002
2.893255e+001	-1.187224e+002
2.907161e+001	-1.180448e+002
2.894450e+001	-1.279823e+002
2.896711e+001	-1.319490e+002
2.918936e+001	-1.279539e+002
2.942824e+001	-1.232956e+002
2.970039e+001	-1.173101e+002
2.972300e+001	-1.212767e+002
2.979552e+001	-1.232529e+002
2.993459e+001	-1.225751e+002
3.002374e+001	-1.238879e+002
2.992990e+001	-1.324986e+002
2.988596e+001	-1.391191e+002
2.992521e+001	-1.424221e+002
3.048018e+001	-1.251578e+002
3.098523e+001	-1.098843e+002
3.122412e+001	-1.052258e+002
3.121346e+001	-1.105192e+002
3.131925e+001	-1.111684e+002
3.205721e+001	-8.660628e+001
3.224618e+001	-8.393822e+001
3.196934e+001	-9.984701e+001
3.187550e+001	-1.084577e+002
3.201457e+001	-1.077801e+002
3.225345e+001	-1.031216e+002
3.242578e+001	-1.011169e+002
3.256485e+001	-1.004393e+002
3.265400e+001	-1.017521e+002
3.265998e+001	-1.063820e+002
3.246632e+001	-1.189735e+002
3.275511e+001	-1.123248e+002
3.301063e+001	-1.070029e+002
3.313305e+001	-1.069887e+002
3.332202e+001	-1.043207e+002
3.362745e+001	-9.700833e+001
3.368333e+001	-9.964795e+001
3.375585e+001	-1.016242e+002
3.391155e+001	-1.002829e+002
3.390089e+001	-1.055764e+002
3.354087e+001	-1.248024e+002
3.339713e+001	-1.354035e+002
3.356946e+001	-1.333991e+002
3.427415e+001	-1.101638e+002
3.497884e+001	-8.692843e+001
3.490164e+001	-9.487571e+001
3.447508e+001	-1.167556e+002
3.451432e+001	-1.200588e+002
3.493620e+001	-1.081022e+002
3.520835e+001	-1.021169e+002
3.538069e+001	-1.001123e+002
3.568611e+001	-9.279998e+001
3.592499e+001	-8.814171e+001
3.583115e+001	-9.675240e+001
3.592031e+001	-9.806498e+001
3.609264e+001	-9.606056e+001
3.598216e+001	-1.053346e+002
3.597150e+001	-1.106281e+002
3.607730e+001	-1.112773e+002
3.601673e+001	-1.185612e+002
3.605598e+001	-1.218642e+002
3.617840e+001	-1.218500e+002
3.675000e+001	-1.039225e+002
3.727170e+001	-8.798531e+001
3.777675e+001	-7.271149e+001
3.809882e+001	-6.473577e+001
3.822124e+001	-6.472155e+001
3.804422e+001	-7.664946e+001
3.785057e+001	-8.924102e+001
3.815599e+001	-8.192870e+001
3.892722e+001	-5.603976e+001
3.936574e+001	-4.341978e+001
3.932181e+001	-5.004004e+001
3.931115e+001	-5.533349e+001
3.959994e+001	-4.868480e+001
4.000518e+001	-3.739184e+001
4.027733e+001	-3.140633e+001
4.028330e+001	-3.603637e+001
4.012292e+001	-4.730090e+001
3.997917e+001	-5.790201e+001
3.995187e+001	-6.385908e+001
3.992457e+001	-6.981594e+001
4.001373e+001	-7.112853e+001
4.053543e+001	-5.519131e+001
4.102385e+001	-4.058111e+001
4.104646e+001	-4.454753e+001
4.101916e+001	-5.050460e+001
4.124140e+001	-4.650952e+001
4.164665e+001	-3.521656e+001
4.181898e+001	-3.321192e+001
4.192477e+001	-3.386109e+001
4.219693e+001	-2.787580e+001
4.221954e+001	-3.184245e+001
4.212569e+001	-4.045313e+001
4.223149e+001	-4.110233e+001
4.212101e+001	-5.037664e+001
4.212699e+001	-5.500646e+001
4.224941e+001	-5.499224e+001
4.250493e+001	-4.967035e+001
4.246100e+001	-5.629083e+001
4.246697e+001	-6.092087e+001
4.250622e+001	-6.422389e+001
4.272846e+001	-6.022881e+001
4.320025e+001	-4.628203e+001
4.358886e+001	-3.565247e+001
4.401073e+001	-2.369611e+001
4.418307e+001	-2.169146e+001
4.408923e+001	-3.030214e+001
4.387893e+001	-4.355710e+001
4.421763e+001	-3.491797e+001
4.448978e+001	-2.893269e+001
4.464548e+001	-2.759143e+001
4.463482e+001	-3.288489e+001
4.475725e+001	-3.287066e+001
4.487968e+001	-3.285645e+001
4.488565e+001	-3.748649e+001
4.480844e+001	-4.543378e+001
4.446506e+001	-6.399641e+001
4.467067e+001	-6.066494e+001
4.502601e+001	-5.136219e+001
4.503198e+001	-5.599224e+001
4.493814e+001	-6.460293e+001
4.521029e+001	-5.861763e+001
4.514972e+001	-6.590152e+001
4.490616e+001	-8.048327e+001
4.519494e+001	-7.383458e+001
4.574991e+001	-5.657033e+001
4.622170e+001	-4.262354e+001
4.656039e+001	-3.398442e+001
4.654973e+001	-3.927787e+001
4.657234e+001	-4.324428e+001
4.611250e+001	-6.645117e+001
4.591885e+001	-7.904272e+001
4.615773e+001	-7.438424e+001
4.641324e+001	-6.906235e+001
4.676858e+001	-5.975960e+001
4.704073e+001	-5.377431e+001
4.721307e+001	-5.176966e+001
4.715250e+001	-5.905354e+001
4.710856e+001	-6.567402e+001
4.734745e+001	-6.101553e+001
4.720370e+001	-7.161666e+001
4.714312e+001	-7.890053e+001
4.728219e+001	-7.822269e+001
4.742125e+001	-7.754507e+001
4.777658e+001	-6.824254e+001
4.814856e+001	-5.827639e+001
4.830426e+001	-5.693514e+001
4.817714e+001	-6.687285e+001
4.805003e+001	-7.681057e+001
4.803936e+001	-8.210402e+001
4.822834e+001	-7.943597e+001
4.850049e+001	-7.345068e+001
4.883919e+001	-6.481134e+001
4.874535e+001	-7.342225e+001
4.886778e+001	-7.340802e+001
4.922311e+001	-6.410528e+001
4.952854e+001	-5.679296e+001
4.958442e+001	-5.943257e+001
4.964030e+001	-6.207219e+001
5.014536e+001	-4.679859e+001
5.046742e+001	-3.882287e+001
5.047340e+001	-4.345269e+001
5.039619e+001	-5.139997e+001
5.001953e+001	-7.128963e+001
4.974270e+001	-8.719841e+001
4.981521e+001	-8.917462e+001
4.968810e+001	-9.911211e+001
5.001016e+001	-9.113640e+001
5.058176e+001	-7.320897e+001
5.080401e+001	-6.921388e+001
5.066026e+001	-7.981500e+001
5.089914e+001	-7.515652e+001
5.135429e+001	-6.187313e+001
5.152662e+001	-5.986869e+001
5.141615e+001	-6.914280e+001
5.137221e+001	-7.576326e+001
5.159446e+001	-7.176819e+001
5.166698e+001	-7.374440e+001
5.177277e+001	-7.439358e+001
5.194511e+001	-7.238894e+001
5.195108e+001	-7.701898e+001
5.222323e+001	-7.103369e+001
5.246212e+001	-6.637520e+001
5.253463e+001	-6.835141e+001
5.284006e+001	-6.103910e+001
5.266303e+001	-7.296724e+001
5.241947e+001	-8.754901e+001
5.245872e+001	-9.085203e+001
5.278078e+001	-8.287630e+001
5.267030e+001	-9.215061e+001
5.289255e+001	-8.815553e+001
5.321461e+001	-8.017981e+001
5.322058e+001	-8.480985e+001
5.307683e+001	-9.541097e+001
5.294972e+001	-1.053487e+002
5.300560e+001	-1.079883e+002
5.304485e+001	-1.112913e+002
5.308410e+001	-1.145943e+002
5.365570e+001	-9.666691e+001
5.412749e+001	-8.271989e+001
5.443291e+001	-7.540781e+001
5.452207e+001	-7.672039e+001
5.434504e+001	-8.864854e+001
5.460056e+001	-8.332665e+001
5.487271e+001	-7.734113e+001
5.502841e+001	-7.600012e+001
5.486802e+001	-8.726464e+001
5.444146e+001	-1.091445e+002
5.418126e+001	-1.243899e+002
5.423714e+001	-1.270295e+002
5.479211e+001	-1.097655e+002
5.524726e+001	-9.648207e+001
5.526987e+001	-1.004485e+002
5.530912e+001	-1.037515e+002
5.528182e+001	-1.097086e+002
5.523789e+001	-1.163288e+002
5.531041e+001	-1.183050e+002
5.559919e+001	-1.116561e+002
5.580480e+001	-1.083247e+002
5.599377e+001	-1.056566e+002
5.589994e+001	-1.142673e+002
5.595582e+001	-1.169069e+002
5.606161e+001	-1.175563e+002
5.625058e+001	-1.148883e+002
5.642292e+001	-1.128836e+002
5.631244e+001	-1.221577e+002
5.636833e+001	-1.247973e+002
5.650739e+001	-1.241197e+002
5.666308e+001	-1.227787e+002
5.691860e+001	-1.174568e+002
5.712421e+001	-1.141251e+002
5.729655e+001	-1.121207e+002
5.763525e+001	-1.034813e+002
5.747486e+001	-1.147461e+002
5.736438e+001	-1.240202e+002
5.738699e+001	-1.279868e+002
5.734306e+001	-1.346071e+002
5.714940e+001	-1.471986e+002
5.720528e+001	-1.498383e+002
5.759389e+001	-1.392087e+002
5.764977e+001	-1.418483e+002
5.772229e+001	-1.438245e+002
5.802772e+001	-1.365122e+002
5.834978e+001	-1.285365e+002
5.860529e+001	-1.232146e+002
5.859463e+001	-1.285081e+002
5.841761e+001	-1.404360e+002
5.834041e+001	-1.483833e+002
5.839629e+001	-1.510229e+002
5.891798e+001	-1.350857e+002
5.914023e+001	-1.310908e+002
5.926265e+001	-1.310766e+002
5.908563e+001	-1.430045e+002
5.889197e+001	-1.555960e+002
5.913086e+001	-1.509376e+002
5.943628e+001	-1.436255e+002
5.935907e+001	-1.515727e+002
5.921532e+001	-1.621739e+002
5.943757e+001	-1.581788e+002
5.975963e+001	-1.502031e+002
5.993197e+001	-1.481984e+002
6.032057e+001	-1.375689e+002
6.045963e+001	-1.368912e+002
6.066524e+001	-1.335598e+002
6.090413e+001	-1.289013e+002
6.130936e+001	-1.176083e+002
6.173124e+001	-1.056518e+002
6.203667e+001	-9.833966e+001
6.220900e+001	-9.633501e+001
6.261425e+001	-8.504206e+001
6.321913e+001	-6.578737e+001
6.315855e+001	-7.307125e+001
6.343070e+001	-6.708596e+001
6.376940e+001	-5.844684e+001
6.360901e+001	-6.971135e+001
6.348190e+001	-7.964908e+001
6.398696e+001	-6.437526e+001
6.440884e+001	-5.241867e+001
6.403218e+001	-7.230832e+001
6.397161e+001	-7.959220e+001
6.419386e+001	-7.559712e+001
6.431629e+001	-7.558289e+001
6.460508e+001	-6.893421e+001
6.452787e+001	-7.688149e+001
6.476675e+001	-7.222301e+001
6.527181e+001	-5.694918e+001
6.546078e+001	-5.428113e+001
6.508412e+001	-7.417078e+001
6.515665e+001	-7.614677e+001
6.539553e+001	-7.148851e+001
6.573423e+001	-6.284917e+001
6.640564e+001	-4.094087e+001
6.649479e+001	-4.225368e+001
6.641759e+001	-5.020097e+001
6.655666e+001	-4.952312e+001
6.692862e+001	-3.955719e+001
6.715087e+001	-3.556211e+001
6.715684e+001	-4.019216e+001
6.734582e+001	-3.752410e+001
6.741833e+001	-3.950031e+001
6.725795e+001	-5.076483e+001
6.749683e+001	-4.610635e+001
6.766917e+001	-4.410170e+001
6.749215e+001	-5.602985e+001
6.748148e+001	-6.132329e+001
6.765382e+001	-5.931865e+001
6.785942e+001	-5.598719e+001
6.819813e+001	-4.734806e+001
6.828728e+001	-4.866066e+001
6.819344e+001	-5.727134e+001
6.833250e+001	-5.659372e+001
6.862129e+001	-4.994503e+001
6.904317e+001	-3.798845e+001
6.908242e+001	-4.129147e+001
6.888876e+001	-5.388301e+001
6.912764e+001	-4.922453e+001
6.946634e+001	-4.058541e+001
6.962203e+001	-3.924438e+001
6.934520e+001	-5.515317e+001
6.918481e+001	-6.641769e+001
6.919078e+001	-7.104773e+001
6.939639e+001	-6.771605e+001
6.975173e+001	-5.841353e+001
7.007379e+001	-5.043781e+001
7.002986e+001	-5.705807e+001
7.000256e+001	-6.301513e+001
7.012498e+001	-6.300092e+001
7.019751e+001	-6.497691e+001
7.038648e+001	-6.230886e+001
7.080835e+001	-5.035250e+001
7.106387e+001	-4.503061e+001
7.118630e+001	-4.501639e+001
7.130873e+001	-4.500218e+001
7.134798e+001	-4.830520e+001
7.155358e+001	-4.497373e+001
7.174256e+001	-4.230568e+001
7.199807e+001	-3.698379e+001
7.210387e+001	-3.763299e+001
7.192684e+001	-4.956112e+001
7.189954e+001	-5.551798e+001
7.167262e+001	-6.943633e+001
7.154550e+001	-7.937404e+001
7.165129e+001	-8.002324e+001
7.210645e+001	-6.673984e+001
7.264477e+001	-5.013922e+001
7.291692e+001	-4.415393e+001
7.327226e+001	-3.485117e+001
7.291224e+001	-5.407720e+001
7.265204e+001	-6.932258e+001
7.264138e+001	-7.461604e+001
7.279707e+001	-7.327501e+001
7.333541e+001	-5.667416e+001
7.372401e+001	-4.604461e+001
7.369671e+001	-5.200168e+001
7.363614e+001	-5.928534e+001
7.385839e+001	-5.529048e+001
7.396418e+001	-5.593966e+001
7.416979e+001	-5.260821e+001
7.417576e+001	-5.723826e+001
7.429819e+001	-5.722403e+001
7.425426e+001	-6.384429e+001
7.455969e+001	-5.653197e+001
7.463220e+001	-5.850818e+001
7.487108e+001	-5.384970e+001
7.489369e+001	-5.781635e+001
7.481649e+001	-6.576364e+001
7.505537e+001	-6.110514e+001
7.564361e+001	-4.251410e+001
7.591576e+001	-3.652880e+001
7.600492e+001	-3.784139e+001
7.604416e+001	-4.114463e+001
7.570078e+001	-5.970725e+001
7.550712e+001	-7.229857e+001
7.547982e+001	-7.825565e+001
7.558562e+001	-7.890483e+001
7.600750e+001	-6.694825e+001
7.649592e+001	-5.233806e+001
7.638544e+001	-6.161215e+001
7.639142e+001	-6.624219e+001
7.641403e+001	-7.020883e+001
7.645327e+001	-7.351185e+001
7.640934e+001	-8.013211e+001
7.656504e+001	-7.879108e+001
7.708673e+001	-6.285386e+001
7.759179e+001	-4.758005e+001
7.778076e+001	-4.491199e+001
7.773683e+001	-5.153247e+001
7.769290e+001	-5.815272e+001
7.776541e+001	-6.012893e+001
7.753849e+001	-7.404729e+001
7.731155e+001	-8.796564e+001
7.738407e+001	-8.994185e+001
7.772277e+001	-8.130274e+001
7.812801e+001	-7.000978e+001
7.854990e+001	-5.805319e+001
7.852260e+001	-6.401004e+001
7.847866e+001	-7.063052e+001
7.885063e+001	-6.066437e+001
7.913942e+001	-5.401568e+001
7.926185e+001	-5.400145e+001
7.941755e+001	-5.266021e+001
7.939025e+001	-5.861707e+001
7.944613e+001	-6.125668e+001
7.941883e+001	-6.721376e+001
7.984071e+001	-5.525717e+001
7.996314e+001	-5.524295e+001
7.978612e+001	-6.717110e+001
7.985864e+001	-6.914708e+001
8.008088e+001	-6.515222e+001
8.025322e+001	-6.314758e+001
7.997638e+001	-7.905637e+001
7.989917e+001	-8.700365e+001
8.027114e+001	-7.703749e+001
8.046012e+001	-7.436944e+001
8.043282e+001	-8.032652e+001
8.023916e+001	-9.291784e+001
8.031168e+001	-9.489405e+001
8.031765e+001	-9.952410e+001
8.058981e+001	-9.353881e+001
8.076214e+001	-9.153416e+001
8.085130e+001	-9.284675e+001
8.082400e+001	-9.880383e+001
8.078007e+001	-1.054241e+002
8.080268e+001	-1.093907e+002
8.097501e+001	-1.073861e+002
8.138026e+001	-9.609312e+001
8.150268e+001	-9.607890e+001
8.174156e+001	-9.142041e+001
8.198045e+001	-8.676193e+001
8.208624e+001	-8.741111e+001
8.219203e+001	-8.806052e+001
8.231446e+001	-8.804631e+001
8.245352e+001	-8.736847e+001
8.245949e+001	-9.199851e+001
8.243220e+001	-9.795536e+001
8.250472e+001	-9.993157e+001
8.247742e+001	-1.058884e+002
8.278285e+001	-9.857633e+001
8.285537e+001	-1.005523e+002
8.289461e+001	-1.038556e+002
8.291723e+001	-1.078220e+002
8.302302e+001	-1.084712e+002
8.324526e+001	-1.044763e+002
8.351741e+001	-9.849102e+001
8.339030e+001	-1.084285e+002
8.306355e+001	-1.263277e+002
8.325252e+001	-1.236597e+002
8.372431e+001	-1.097129e+002
8.373028e+001	-1.143429e+002
8.361981e+001	-1.236170e+002
8.405832e+001	-1.109970e+002
8.446357e+001	-9.970407e+001
8.453608e+001	-1.016803e+002
8.449215e+001	-1.083005e+002
8.436503e+001	-1.182383e+002
8.440428e+001	-1.215413e+002
8.469307e+001	-1.148926e+002
8.486541e+001	-1.128879e+002
8.478820e+001	-1.208352e+002
8.489400e+001	-1.214844e+002
8.521606e+001	-1.135087e+002
8.553812e+001	-1.055330e+002
8.567718e+001	-1.048553e+002
8.588279e+001	-1.015239e+002
8.600522e+001	-1.015097e+002
8.592801e+001	-1.094570e+002
8.556799e+001	-1.286830e+002
8.547415e+001	-1.372936e+002
8.594593e+001	-1.233469e+002
8.650090e+001	-1.060828e+002
8.687287e+001	-9.611668e+001
8.729475e+001	-8.416010e+001
8.726745e+001	-9.011718e+001
8.737324e+001	-9.076636e+001
8.761212e+001	-8.610787e+001
8.781773e+001	-8.277642e+001
8.785698e+001	-8.607944e+001
8.784632e+001	-9.137289e+001
8.791883e+001	-9.334911e+001
8.830744e+001	-8.271955e+001
8.857960e+001	-7.673426e+001
8.828612e+001	-9.330645e+001
8.819228e+001	-1.019171e+002
8.823153e+001	-1.052202e+002
8.813768e+001	-1.138311e+002
8.827675e+001	-1.131532e+002
8.856554e+001	-1.065045e+002
8.898742e+001	-9.454794e+001
8.899339e+001	-9.917799e+001
8.901600e+001	-1.031446e+002
8.890552e+001	-1.124187e+002
8.872850e+001	-1.243469e+002
8.933338e+001	-1.050922e+002
8.967207e+001	-9.645305e+001
8.944514e+001	-1.103714e+002
8.941785e+001	-1.163285e+002
8.972327e+001	-1.090162e+002
8.992888e+001	-1.056847e+002
9.016776e+001	-1.010262e+002
9.032346e+001	-9.968498e+001
9.044589e+001	-9.967076e+001
9.065150e+001	-9.633930e+001
9.092365e+001	-9.035402e+001
9.084644e+001	-9.830130e+001
9.051969e+001	-1.162005e+002
9.069203e+001	-1.141959e+002
9.096418e+001	-1.082106e+002
9.111989e+001	-1.068693e+002
9.144195e+001	-9.889362e+001
9.184718e+001	-8.760066e+001
9.221916e+001	-7.763450e+001
9.237485e+001	-7.629348e+001
9.249728e+001	-7.627927e+001
9.266962e+001	-7.427461e+001
9.252587e+001	-8.487573e+001
9.274812e+001	-8.088065e+001
9.307018e+001	-7.290493e+001
9.300961e+001	-8.018881e+001
9.311540e+001	-8.083799e+001
9.358718e+001	-6.689119e+001
9.384270e+001	-6.156932e+001
9.404831e+001	-5.823787e+001
9.417074e+001	-5.822364e+001
9.416008e+001	-6.351709e+001
9.409951e+001	-7.080097e+001
9.435502e+001	-6.547908e+001
9.471036e+001	-5.617634e+001
9.488269e+001	-5.417168e+001
9.495521e+001	-5.614789e+001
9.511091e+001	-5.480687e+001
9.533316e+001	-5.081179e+001
9.527258e+001	-5.809567e+001
9.511220e+001	-6.936019e+001
9.520135e+001	-7.067301e+001
9.545687e+001	-6.535112e+001
9.561258e+001	-6.400987e+001
9.558528e+001	-6.996673e+001
9.579089e+001	-6.663527e+001
9.606303e+001	-6.064998e+001
9.615219e+001	-6.196257e+001
9.605835e+001	-7.057347e+001
9.636378e+001	-6.326116e+001
9.648620e+001	-6.324694e+001
9.576019e+001	-9.706916e+001
9.540017e+001	-1.162952e+002
9.597177e+001	-9.836752e+001
9.684283e+001	-6.849773e+001
9.736452e+001	-5.256050e+001
9.722077e+001	-6.316162e+001
9.694393e+001	-7.907042e+001
9.680018e+001	-8.967152e+001
9.697252e+001	-8.766687e+001
9.699512e+001	-9.163352e+001
9.726728e+001	-8.564801e+001
9.775570e+001	-7.103781e+001
9.837721e+001	-5.111973e+001
9.858282e+001	-4.778827e+001
9.848898e+001	-5.639896e+001
9.831196e+001	-6.832711e+001
9.813494e+001	-8.025502e+001
9.817418e+001	-8.355826e+001
9.831325e+001	-8.288043e+001
9.856877e+001	-7.755854e+001
9.844165e+001	-8.749625e+001
9.834781e+001	-9.610694e+001
9.852014e+001	-9.410252e+001
9.849285e+001	-1.000594e+002
9.898127e+001	-8.544895e+001
9.936988e+001	-7.481939e+001
9.927603e+001	-8.343030e+001
9.928201e+001	-8.806012e+001
9.938780e+001	-8.870953e+001
9.946032e+001	-9.068552e+001
9.951621e+001	-9.332514e+001
9.970518e+001	-9.065709e+001
9.967788e+001	-9.661416e+001
9.973376e+001	-9.925377e+001
1.000226e+002	-9.260487e+001
1.002947e+002	-8.661957e+001
1.001842e+002	-9.589366e+001
1.002900e+002	-9.654307e+001
1.007452e+002	-8.325968e+001
1.009840e+002	-7.860119e+001
1.011397e+002	-7.725995e+001
1.012788e+002	-7.658232e+001
1.013513e+002	-7.855854e+001
1.014738e+002	-7.854432e+001
1.015130e+002	-8.184734e+001
1.018850e+002	-7.188119e+001
1.022403e+002	-6.257866e+001
1.020966e+002	-7.317977e+001
1.021691e+002	-7.515600e+001
1.025078e+002	-6.651665e+001
1.026801e+002	-6.451222e+001
1.026861e+002	-6.914204e+001
1.027919e+002	-6.979145e+001
1.026481e+002	-8.039257e+001
1.023047e+002	-9.895518e+001
1.023773e+002	-1.009312e+002
1.026328e+002	-9.560929e+001
1.028051e+002	-9.360486e+001
1.029608e+002	-9.226361e+001
1.027339e+002	-1.061820e+002
1.028064e+002	-1.081582e+002
1.030453e+002	-1.034997e+002
1.032842e+002	-9.884144e+001
1.036062e+002	-9.086571e+001
1.034292e+002	-1.027936e+002
1.033853e+002	-1.094141e+002
1.035909e+002	-1.060824e+002
1.039628e+002	-9.611651e+001
1.038524e+002	-1.053906e+002
1.038417e+002	-1.106841e+002
1.039808e+002	-1.100064e+002
1.041198e+002	-1.093288e+002
1.043754e+002	-1.040069e+002
1.044978e+002	-1.039927e+002
1.044705e+002	-1.099496e+002
1.045929e+002	-1.099353e+002
1.048484e+002	-1.046134e+002
1.049376e+002	-1.059260e+002
1.048770e+002	-1.132099e+002
1.050327e+002	-1.118689e+002
1.050054e+002	-1.178257e+002
1.049448e+002	-1.251096e+002
1.054000e+002	-1.118262e+002
1.056888e+002	-1.051773e+002
1.056615e+002	-1.111342e+002
1.054346e+002	-1.250527e+002
1.053740e+002	-1.323364e+002
1.054631e+002	-1.336492e+002
1.060347e+002	-1.157216e+002
1.063402e+002	-1.084092e+002
1.065791e+002	-1.037510e+002
1.067847e+002	-1.004193e+002
1.069570e+002	-9.841487e+001
1.069297e+002	-1.043717e+002
1.067693e+002	-1.156363e+002
1.067420e+002	-1.215931e+002
1.069310e+002	-1.189251e+002
1.071699e+002	-1.142668e+002
1.072590e+002	-1.155794e+002
1.072151e+002	-1.221999e+002
1.071712e+002	-1.288201e+002
1.072437e+002	-1.307963e+002
1.075491e+002	-1.234840e+002
1.079044e+002	-1.141815e+002
1.079770e+002	-1.161575e+002
1.078166e+002	-1.274222e+002
1.079556e+002	-1.267444e+002
1.079949e+002	-1.300476e+002
1.078511e+002	-1.406487e+002
1.078072e+002	-1.472690e+002
1.075803e+002	-1.611873e+002
1.077027e+002	-1.611731e+002
1.083242e+002	-1.412552e+002
1.086130e+002	-1.346063e+002
1.088851e+002	-1.286210e+002
1.093403e+002	-1.153377e+002
1.097788e+002	-1.027177e+002
1.099844e+002	-9.938621e+001
1.100736e+002	-1.006990e+002
1.099797e+002	-1.093097e+002
1.100855e+002	-1.099589e+002
1.103743e+002	-1.033102e+002
1.107297e+002	-9.400746e+001
1.111183e+002	-8.337791e+001
1.113571e+002	-7.871942e+001
1.111468e+002	-9.197437e+001
1.112859e+002	-9.129675e+001
1.120072e+002	-6.739802e+001
1.123958e+002	-5.676847e+001
1.122687e+002	-6.670618e+001
1.119087e+002	-8.593221e+001
1.120810e+002	-8.392756e+001
1.124197e+002	-7.528843e+001
1.124424e+002	-7.925507e+001
1.126480e+002	-7.592340e+001
1.128203e+002	-7.391898e+001
1.128928e+002	-7.589496e+001
1.129820e+002	-7.720777e+001
1.134870e+002	-6.193394e+001
1.137259e+002	-5.727546e+001
1.138816e+002	-5.593444e+001
1.142536e+002	-4.596829e+001
1.143427e+002	-4.728110e+001
1.142156e+002	-5.721859e+001
1.141883e+002	-6.317567e+001
1.144106e+002	-5.918058e+001
1.146661e+002	-5.385870e+001
1.148384e+002	-5.185405e+001
1.151605e+002	-4.387833e+001
1.152496e+002	-4.519114e+001
1.153887e+002	-4.451351e+001
1.156442e+002	-3.919164e+001
1.158831e+002	-3.453315e+001
1.161220e+002	-2.987467e+001
1.160281e+002	-3.848535e+001
1.156515e+002	-5.837499e+001
1.156907e+002	-6.167801e+001
1.158298e+002	-6.100039e+001
1.158524e+002	-6.496682e+001
1.161412e+002	-5.831812e+001
1.161139e+002	-6.427498e+001
1.159202e+002	-7.686652e+001
1.166249e+002	-5.363120e+001
1.171133e+002	-3.902101e+001
1.170029e+002	-4.829509e+001
1.170088e+002	-5.292514e+001
1.167986e+002	-6.618010e+001
1.165217e+002	-8.208888e+001
1.166774e+002	-8.074763e+001
1.168830e+002	-7.741618e+001
1.173548e+002	-6.346939e+001
1.176602e+002	-5.615707e+001
1.179989e+002	-4.751795e+001
1.179883e+002	-5.281139e+001
1.175783e+002	-7.402785e+001
1.178671e+002	-6.737893e+001
1.183223e+002	-5.409554e+001
1.185279e+002	-5.076409e+001
1.185006e+002	-5.672094e+001
1.183069e+002	-6.931249e+001
1.184127e+002	-6.996168e+001
1.189178e+002	-5.468807e+001
1.191234e+002	-5.135640e+001
1.191127e+002	-5.664985e+001
1.192019e+002	-5.796266e+001
1.193077e+002	-5.861184e+001
1.191806e+002	-6.854955e+001
1.192364e+002	-7.118917e+001
1.195585e+002	-6.321346e+001
1.198140e+002	-5.789157e+001
1.198699e+002	-6.053118e+001
1.198925e+002	-6.449760e+001
1.202978e+002	-5.320465e+001
1.206531e+002	-4.390211e+001
1.208753e+002	-3.990703e+001
1.208480e+002	-4.586389e+001
1.207542e+002	-5.447480e+001
1.210430e+002	-4.782588e+001
1.214649e+002	-3.586952e+001
1.215041e+002	-3.917254e+001
1.211774e+002	-5.707175e+001
1.211334e+002	-6.369202e+001
1.212559e+002	-6.367779e+001
1.210788e+002	-7.560594e+001
1.208519e+002	-8.952429e+001
1.210409e+002	-8.685624e+001
1.216125e+002	-6.892859e+001
1.218846e+002	-6.294330e+001
1.220736e+002	-6.027524e+001
1.220463e+002	-6.623209e+001
1.217695e+002	-8.214088e+001
1.220084e+002	-7.748240e+001
1.223470e+002	-6.884327e+001
1.221867e+002	-8.010780e+001
1.222924e+002	-8.075720e+001
1.226311e+002	-7.211785e+001
1.228700e+002	-6.745959e+001
1.228427e+002	-7.341645e+001
1.226657e+002	-8.534436e+001
1.227382e+002	-8.732058e+001
1.232433e+002	-7.204676e+001
1.231827e+002	-7.933064e+001
1.232719e+002	-8.064345e+001
1.235274e+002	-7.532157e+001
1.234502e+002	-8.326885e+001
1.233397e+002	-9.254294e+001
1.237117e+002	-8.257679e+001
1.243997e+002	-6.000508e+001
1.247883e+002	-4.937553e+001
1.247444e+002	-5.599579e+001
1.243178e+002	-7.787587e+001
1.241242e+002	-9.046720e+001
1.244296e+002	-8.315510e+001
1.247184e+002	-7.650618e+001
1.249573e+002	-7.184769e+001
1.249799e+002	-7.581434e+001
1.247862e+002	-8.840589e+001
1.246758e+002	-9.767998e+001
1.249313e+002	-9.235809e+001
1.250371e+002	-9.300728e+001
1.252260e+002	-9.033923e+001
1.253817e+002	-8.899820e+001
1.256872e+002	-8.168589e+001
1.260924e+002	-7.039293e+001
1.261150e+002	-7.435935e+001
1.260877e+002	-8.031642e+001
1.259107e+002	-9.224434e+001
1.257337e+002	-1.041725e+002
1.258561e+002	-1.041583e+002
1.262613e+002	-9.286509e+001
1.263671e+002	-9.351450e+001
1.264230e+002	-9.615412e+001
1.266453e+002	-9.215904e+001
1.268841e+002	-8.750056e+001
1.270066e+002	-8.748633e+001
1.270791e+002	-8.946254e+001
1.273512e+002	-8.347725e+001
1.274737e+002	-8.346304e+001
1.274464e+002	-8.941989e+001
1.274024e+002	-9.604037e+001
1.272753e+002	-1.059779e+002
1.273478e+002	-1.079541e+002
1.277864e+002	-9.533409e+001
1.282249e+002	-8.271432e+001
1.281310e+002	-9.132500e+001
1.283865e+002	-8.600313e+001
1.288583e+002	-7.205633e+001
1.289641e+002	-7.270552e+001
1.287705e+002	-8.529707e+001
1.285435e+002	-9.921541e+001
1.284830e+002	-1.064993e+002
1.285388e+002	-1.091389e+002
1.286446e+002	-1.097881e+002
1.287504e+002	-1.104373e+002
1.287398e+002	-1.157307e+002
1.289787e+002	-1.110722e+002
1.293340e+002	-1.017697e+002
1.296727e+002	-9.313059e+001
1.297618e+002	-9.444318e+001
1.299674e+002	-9.111173e+001
1.303228e+002	-8.180898e+001
1.307114e+002	-7.117943e+001
1.307340e+002	-7.514608e+001
1.306235e+002	-8.442017e+001
1.305796e+002	-9.104063e+001
1.308850e+002	-8.372832e+001
1.309742e+002	-8.504113e+001
1.308471e+002	-9.497862e+001
1.307199e+002	-1.049163e+002
1.305429e+002	-1.168445e+002
1.307652e+002	-1.128494e+002
1.311538e+002	-1.022198e+002
1.312596e+002	-1.028690e+002
1.311158e+002	-1.134701e+002
1.313713e+002	-1.081483e+002
1.315437e+002	-1.061438e+002
1.318325e+002	-9.949492e+001
1.321212e+002	-9.284622e+001
1.322769e+002	-9.150498e+001
1.322995e+002	-9.547163e+001
1.320560e+002	-1.100534e+002
1.321285e+002	-1.120296e+002
1.326835e+002	-9.476534e+001
1.328392e+002	-9.342432e+001
1.329616e+002	-9.341010e+001
1.329842e+002	-9.737652e+001
1.326907e+002	-1.139489e+002
1.325137e+002	-1.258769e+002
1.327692e+002	-1.205550e+002
1.329083e+002	-1.198773e+002
1.328976e+002	-1.251708e+002
1.330367e+002	-1.244932e+002
1.332423e+002	-1.211615e+002
1.337141e+002	-1.072147e+002
1.341193e+002	-9.592174e+001
1.341586e+002	-9.922476e+001
1.343975e+002	-9.456628e+001
1.346862e+002	-8.791759e+001
1.344593e+002	-1.018359e+002
1.338830e+002	-1.296871e+002
1.336894e+002	-1.422784e+002
1.344107e+002	-1.183797e+002
1.351653e+002	-9.315416e+001
1.353376e+002	-9.114951e+001
1.351772e+002	-1.024140e+002
1.354660e+002	-9.576535e+001
1.358713e+002	-8.447239e+001
1.357442e+002	-9.440988e+001
1.354008e+002	-1.129725e+002
1.353402e+002	-1.202564e+002
1.353462e+002	-1.248864e+002
1.353355e+002	-1.301799e+002
1.354413e+002	-1.308291e+002
1.357634e+002	-1.228533e+002
1.365513e+002	-9.630078e+001
1.373724e+002	-6.842141e+001
1.381436e+002	-4.253226e+001
1.386487e+002	-2.725844e+001
1.391371e+002	-1.264824e+001
1.392429e+002	-1.329742e+001
1.389328e+002	-3.053302e+001
1.391717e+002	-2.587476e+001
1.393606e+002	-2.320670e+001
1.394831e+002	-2.319249e+001
1.397053e+002	-1.919741e+001
1.400606e+002	-9.894875e+000
1.400666e+002	-1.452470e+001
1.399894e+002	-2.247198e+001
1.400786e+002	-2.378480e+001
1.402509e+002	-2.178014e+001
1.406062e+002	-1.247762e+001
1.404958e+002	-2.175171e+001
1.400858e+002	-4.296817e+001
1.399088e+002	-5.489631e+001
1.402475e+002	-4.625696e+001
1.404365e+002	-4.358891e+001
1.406421e+002	-4.025745e+001
1.413634e+002	-1.635873e+001
1.416356e+002	-1.037344e+001
1.417081e+002	-1.234965e+001
1.418305e+002	-1.233543e+001
1.419530e+002	-1.232121e+001
1.420421e+002	-1.363380e+001
1.423143e+002	-7.648516e+000
1.422038e+002	-1.692260e+001
1.421432e+002	-2.420648e+001
1.421325e+002	-2.949993e+001
1.424380e+002	-2.218761e+001
1.428765e+002	-9.567847e+000
1.428159e+002	-1.685151e+001
1.425557e+002	-3.209689e+001
1.426449e+002	-3.340970e+001
1.427008e+002	-3.604931e+001
1.425570e+002	-4.665043e+001
1.430953e+002	-3.004959e+001
1.435339e+002	-1.742982e+001
1.436230e+002	-1.874241e+001
1.435791e+002	-2.536289e+001
1.438512e+002	-1.937738e+001
1.442398e+002	-8.747823e+000
1.446617e+002	3.208528e+000
1.448673e+002	6.539983e+000
1.448234e+002	-8.025813e-002
1.444135e+002	-2.129671e+001
1.440202e+002	-4.184976e+001
1.442091e+002	-3.918171e+001
1.444813e+002	-3.319642e+001
1.447368e+002	-2.787453e+001
1.450755e+002	-1.923519e+001
1.453477e+002	-1.324990e+001
1.457030e+002	-3.947375e+000
1.455759e+002	-1.388487e+001
1.454987e+002	-2.183215e+001
1.453216e+002	-3.376030e+001
1.451613e+002	-4.502482e+001
1.452671e+002	-4.567400e+001
1.459884e+002	-2.177528e+001
1.465433e+002	-4.511242e+000
1.464329e+002	-1.378533e+001
1.466218e+002	-1.111728e+001
1.471103e+002	3.492899e+000
1.470164e+002	-5.117775e+000
1.468394e+002	-1.704592e+001
1.466624e+002	-2.897384e+001
1.470343e+002	-1.900769e+001
1.472566e+002	-1.501283e+001
1.470962e+002	-2.627735e+001
1.473351e+002	-2.161887e+001
1.474908e+002	-2.027784e+001
1.472472e+002	-3.485960e+001
1.472033e+002	-4.148008e+001
1.473923e+002	-3.881203e+001
1.479140e+002	-2.287481e+001
1.480697e+002	-2.153355e+001
1.480756e+002	-2.616360e+001
1.481315e+002	-2.880322e+001
1.482539e+002	-2.878900e+001
1.484096e+002	-2.744798e+001
1.487816e+002	-1.748183e+001
1.490039e+002	-1.348675e+001
1.489599e+002	-2.010722e+001
1.487496e+002	-3.336217e+001
1.486724e+002	-4.130946e+001
1.489945e+002	-3.333373e+001
1.493664e+002	-2.336758e+001
1.496053e+002	-1.870910e+001
1.497111e+002	-1.935851e+001
1.499666e+002	-1.403662e+001
1.499227e+002	-2.065687e+001
1.497290e+002	-3.324842e+001
1.500012e+002	-2.726313e+001
1.505229e+002	-1.132591e+001
1.507285e+002	-7.994238e+000
1.508509e+002	-7.980016e+000
1.509068e+002	-1.061963e+001
1.511457e+002	-5.961369e+000
1.513347e+002	-3.293319e+000
1.513074e+002	-9.250166e+000
1.515296e+002	-5.255085e+000
1.515522e+002	-9.221730e+000
1.514251e+002	-1.915944e+001
1.515642e+002	-1.848161e+001
1.515202e+002	-2.510208e+001
1.516759e+002	-2.376084e+001
1.517984e+002	-2.374661e+001
1.520206e+002	-1.975176e+001
1.522262e+002	-1.642030e+001
1.522322e+002	-2.105013e+001
1.526873e+002	-7.766738e+000
1.527765e+002	-9.079545e+000
1.522668e+002	-3.427664e+001
1.518735e+002	-5.482969e+001
1.524451e+002	-3.690203e+001
1.528836e+002	-2.428227e+001
1.528064e+002	-3.222956e+001
1.530952e+002	-2.558064e+001
1.534671e+002	-1.561449e+001
1.535896e+002	-1.560027e+001
1.537952e+002	-1.226881e+001
1.538344e+002	-1.557183e+001
1.536408e+002	-2.816338e+001
1.536800e+002	-3.146640e+001
1.536028e+002	-3.941368e+001
1.537086e+002	-4.006309e+001
1.538144e+002	-4.071227e+001
1.537871e+002	-4.666913e+001
1.539761e+002	-4.400108e+001
1.542815e+002	-3.668875e+001
1.548032e+002	-2.075154e+001
1.553415e+002	-4.150903e+000
1.555138e+002	-2.146256e+000
1.554366e+002	-1.009354e+001
1.552097e+002	-2.401212e+001
1.552157e+002	-2.864195e+001
1.554047e+002	-2.597389e+001
1.556934e+002	-1.932520e+001
1.558492e+002	-1.798395e+001
1.560381e+002	-1.531590e+001
1.564101e+002	-5.349970e+000
1.563495e+002	-1.263362e+001
1.562557e+002	-2.124453e+001
1.563615e+002	-2.189372e+001
1.564340e+002	-2.386993e+001
1.565231e+002	-2.518252e+001
1.565957e+002	-2.715873e+001
1.565351e+002	-3.444262e+001
1.564745e+002	-4.172627e+001
1.566302e+002	-4.038524e+001
1.570188e+002	-2.975569e+001
1.574574e+002	-1.713570e+001
1.576463e+002	-1.446765e+001
1.576856e+002	-1.777067e+001
1.577747e+002	-1.908348e+001
1.578472e+002	-2.105969e+001
1.578532e+002	-2.568951e+001
1.581420e+002	-1.904083e+001
1.584807e+002	-1.040170e+001
1.585199e+002	-1.370472e+001
1.584927e+002	-1.966157e+001
1.583822e+002	-2.893588e+001
1.582052e+002	-4.086381e+001
1.580448e+002	-5.212832e+001
1.583668e+002	-4.415261e+001
1.589052e+002	-2.755198e+001
1.591939e+002	-2.090329e+001
1.594994e+002	-1.359097e+001
1.598880e+002	-2.961415e+000
1.607091e+002	2.491816e+001
1.612142e+002	4.019176e+001
1.608874e+002	2.229276e+001
1.606439e+002	7.710786e+000
1.602173e+002	-1.416906e+001
1.600403e+002	-2.609720e+001
1.605287e+002	-1.148679e+001
1.607010e+002	-9.482137e+000
1.607403e+002	-1.278538e+001
1.605134e+002	-2.670374e+001
1.604195e+002	-3.531442e+001
1.604920e+002	-3.729064e+001
1.607309e+002	-3.263215e+001
1.610031e+002	-2.664686e+001
1.612087e+002	-2.331541e+001
1.615640e+002	-1.401266e+001
1.618195e+002	-8.690771e+000
1.617090e+002	-1.796508e+001
1.617150e+002	-2.259491e+001
1.619872e+002	-1.660962e+001
1.621595e+002	-1.460497e+001
1.624150e+002	-9.283082e+000
1.625374e+002	-9.268860e+000
1.628262e+002	-2.620164e+000
1.630152e+002	4.787628e-002
1.628881e+002	-9.889828e+000
1.630937e+002	-6.558152e+000
1.631995e+002	-7.207555e+000
1.632887e+002	-8.520151e+000
1.637272e+002	4.099826e+000
1.638496e+002	4.114049e+000
1.638888e+002	8.108080e-001
1.641277e+002	5.469292e+000
1.641171e+002	1.758391e-001
1.639400e+002	-1.175208e+001
1.636798e+002	-2.699746e+001
1.635527e+002	-3.693517e+001
1.635753e+002	-4.090159e+001
1.639140e+002	-3.226246e+001
1.643193e+002	-2.096951e+001
1.644583e+002	-2.029189e+001
1.647139e+002	-1.497000e+001
1.647864e+002	-1.694599e+001
1.648922e+002	-1.759540e+001
1.649480e+002	-2.023501e+001
1.646047e+002	-3.879763e+001
1.643278e+002	-5.470642e+001
1.645833e+002	-4.938453e+001
1.650718e+002	-3.477412e+001
1.654437e+002	-2.480797e+001
1.657325e+002	-1.815927e+001
1.660879e+002	-8.856526e+000
1.661770e+002	-1.016933e+001
1.661663e+002	-1.546278e+001
1.663553e+002	-1.279473e+001
1.662448e+002	-2.206881e+001
1.662175e+002	-2.802589e+001
1.663733e+002	-2.668464e+001
1.665456e+002	-2.467999e+001
1.664517e+002	-3.329090e+001
1.667904e+002	-2.465156e+001
1.668630e+002	-2.662777e+001
1.666859e+002	-3.855592e+001
1.667751e+002	-3.986850e+001
1.668143e+002	-4.317152e+001
1.670199e+002	-3.984007e+001
1.675583e+002	-2.323944e+001
1.677306e+002	-2.123479e+001
1.676700e+002	-2.851867e+001
1.676927e+002	-3.248509e+001
1.679149e+002	-2.849023e+001
1.682203e+002	-2.117792e+001
1.686422e+002	-9.221558e+000
1.685816e+002	-1.650521e+001
1.685377e+002	-2.312569e+001
1.688598e+002	-1.514997e+001
1.689489e+002	-1.646256e+001
1.689216e+002	-2.241963e+001
1.691272e+002	-1.908796e+001
1.692164e+002	-2.040077e+001
1.691891e+002	-2.635761e+001
1.695444e+002	-1.705509e+001
1.697001e+002	-1.571385e+001
1.694732e+002	-2.963220e+001
1.694293e+002	-3.625268e+001
1.694685e+002	-3.955570e+001
1.697407e+002	-3.357041e+001
1.700627e+002	-2.559468e+001
1.702184e+002	-2.425344e+001
1.704407e+002	-2.025858e+001
1.705298e+002	-2.157116e+001
1.706023e+002	-2.354738e+001
1.705085e+002	-3.215806e+001
1.701485e+002	-5.138431e+001
1.702543e+002	-5.203349e+001
1.706761e+002	-4.007691e+001
1.707653e+002	-4.138972e+001
1.710375e+002	-3.540443e+001
1.715758e+002	-1.880359e+001
1.719145e+002	-1.016446e+001
1.721534e+002	-5.505974e+000
1.721926e+002	-8.809215e+000
1.723816e+002	-6.141165e+000
1.726870e+002	1.171147e+000
1.727762e+002	-1.414283e-001
1.729984e+002	3.853420e+000
1.727548e+002	-1.072833e+001
1.724946e+002	-2.597371e+001
1.727335e+002	-2.131523e+001
1.731388e+002	-1.002227e+001
1.732113e+002	-1.199848e+001
1.729677e+002	-2.658025e+001
1.728905e+002	-3.452753e+001
1.730795e+002	-3.185948e+001
1.735180e+002	-1.923971e+001
1.736071e+002	-2.055230e+001
1.735632e+002	-2.717277e+001
1.737023e+002	-2.649493e+001
1.740077e+002	-1.918283e+001
1.740636e+002	-2.182245e+001
1.742027e+002	-2.114461e+001
1.745746e+002	-1.117868e+001
1.743144e+002	-2.642384e+001
1.741873e+002	-3.636155e+001
1.743430e+002	-3.502052e+001
1.747483e+002	-2.372734e+001
1.747376e+002	-2.902080e+001
1.746770e+002	-3.630467e+001
1.749492e+002	-3.031939e+001
1.753045e+002	-2.101664e+001
1.752772e+002	-2.697371e+001
1.754163e+002	-2.629587e+001
1.756052e+002	-2.362782e+001
1.755946e+002	-2.892127e+001
1.758667e+002	-2.293598e+001
1.757729e+002	-3.154666e+001
1.760284e+002	-2.622477e+001
1.764004e+002	-1.625885e+001
1.766393e+002	-1.160036e+001
1.769779e+002	-2.961243e+000
1.771337e+002	-1.619991e+000
1.771230e+002	-6.913444e+000
1.774783e+002	2.389070e+000
1.780167e+002	1.898992e+001
1.781557e+002	1.966754e+001
1.780951e+002	1.238366e+001
1.778849e+002	-8.712817e-001
1.776413e+002	-1.545303e+001
1.774310e+002	-2.870799e+001
1.777031e+002	-2.272270e+001
1.782248e+002	-6.785471e+000
1.782641e+002	-1.008849e+001
1.781203e+002	-2.068961e+001
1.780431e+002	-2.863690e+001
1.781489e+002	-2.928630e+001
1.782381e+002	-3.059889e+001
1.783439e+002	-3.124807e+001
1.787158e+002	-2.128214e+001
1.791377e+002	-9.325558e+000
1.794099e+002	-3.340266e+000
1.798983e+002	1.127013e+001
1.802370e+002	1.990926e+001
1.801431e+002	1.129857e+001
1.799828e+002	3.383540e-002
1.795229e+002	-2.317282e+001
1.795788e+002	-2.581244e+001
1.800672e+002	-1.120224e+001
1.805058e+002	1.417735e+000
1.806448e+002	2.095352e+000
1.804012e+002	-1.248639e+001
1.799248e+002	-3.635668e+001
1.798309e+002	-4.496759e+001
1.804192e+002	-2.637653e+001
1.806081e+002	-2.370848e+001
1.802315e+002	-4.359791e+001
1.799713e+002	-5.884328e+001
1.802767e+002	-5.153097e+001
1.806320e+002	-4.222844e+001
1.810539e+002	-3.027186e+001
1.815257e+002	-1.632506e+001
1.819809e+002	-3.041683e+000
1.823362e+002	6.261062e+000
1.821758e+002	-5.003672e+000
1.816827e+002	-2.953736e+001
1.814558e+002	-4.345572e+001
1.816614e+002	-4.012426e+001
1.818836e+002	-3.612918e+001
1.822389e+002	-2.682665e+001
1.826276e+002	-1.619710e+001
1.830494e+002	-4.240518e+000
1.828391e+002	-1.749547e+001
1.826621e+002	-2.942361e+001
1.827513e+002	-3.073621e+001
1.828238e+002	-3.271242e+001
1.832789e+002	-1.942903e+001
1.833182e+002	-2.273205e+001
1.831744e+002	-3.333317e+001
1.830307e+002	-4.393428e+001
1.831531e+002	-4.392006e+001
1.835584e+002	-3.262710e+001
1.836808e+002	-3.261288e+001
1.839529e+002	-2.662760e+001
1.841086e+002	-2.528635e+001
1.846470e+002	-8.685724e+000
1.851687e+002	7.251495e+000
1.853077e+002	7.929111e+000
1.852472e+002	6.452346e-001
1.851700e+002	-7.302046e+000
1.853257e+002	-5.960793e+000
1.854148e+002	-7.273601e+000
1.854374e+002	-1.124002e+001
1.855432e+002	-1.188922e+001
1.855159e+002	-1.784628e+001
1.854221e+002	-2.645697e+001
1.850121e+002	-4.767343e+001
1.849516e+002	-5.495730e+001
1.856230e+002	-3.304879e+001
1.860615e+002	-2.042903e+001
1.859843e+002	-2.837631e+001
1.858239e+002	-3.964083e+001
1.861127e+002	-3.299191e+001
1.868507e+002	-8.429788e+000
1.873058e+002	4.853593e+000
1.873284e+002	8.869477e-001
1.871181e+002	-1.236800e+001
1.872738e+002	-1.102675e+001
1.874628e+002	-8.358696e+000
1.873523e+002	-1.763301e+001
1.876578e+002	-1.032068e+001
1.879798e+002	-2.344969e+000
1.880690e+002	-3.657554e+000
1.884576e+002	6.971989e+000
1.886632e+002	1.030344e+001
1.883364e+002	-7.595763e+000
1.881927e+002	-1.819688e+001
1.883817e+002	-1.552882e+001
1.885041e+002	-1.551461e+001
1.887263e+002	-1.151953e+001
1.890650e+002	-2.880400e+000
1.891542e+002	-4.193217e+000
1.887276e+002	-2.607307e+001
1.885839e+002	-3.667419e+001
1.886897e+002	-3.732337e+001
1.890450e+002	-2.802085e+001
1.898661e+002	-1.412567e-001
1.903878e+002	1.579595e+001
1.902774e+002	6.521641e+000
1.901170e+002	-4.742871e+000
1.901063e+002	-1.003631e+001
1.900790e+002	-1.599317e+001
1.900683e+002	-2.128661e+001
1.903405e+002	-1.530133e+001
1.900138e+002	-3.320055e+001
1.899033e+002	-4.247464e+001
1.901754e+002	-3.648935e+001
1.903977e+002	-3.249426e+001
1.908528e+002	-1.921087e+001
1.912581e+002	-7.917917e+000
1.911975e+002	-1.520179e+001
1.911203e+002	-2.314908e+001
1.912594e+002	-2.247146e+001
1.914317e+002	-2.046681e+001
1.918037e+002	-1.050066e+001
1.916266e+002	-2.242880e+001
1.913332e+002	-3.900099e+001
1.912892e+002	-4.562125e+001
1.915448e+002	-4.029936e+001
1.922827e+002	-1.573723e+001
1.925549e+002	-9.751942e+000
1.925109e+002	-1.637220e+001
1.925335e+002	-2.033884e+001
1.927724e+002	-1.568035e+001
1.927784e+002	-2.031040e+001
1.928676e+002	-2.162299e+001
1.929567e+002	-2.293581e+001
1.930958e+002	-2.225818e+001
1.934844e+002	-1.162863e+001
1.937066e+002	-7.633546e+000
1.940120e+002	-3.212243e-001
1.940846e+002	-2.297435e+000
1.941072e+002	-6.264080e+000
1.941631e+002	-8.903695e+000
1.941191e+002	-1.552396e+001
1.939421e+002	-2.745209e+001
1.941311e+002	-2.478404e+001
1.946694e+002	-8.183200e+000
1.947586e+002	-9.496007e+000
1.947645e+002	-1.412606e+001
1.949702e+002	-1.079438e+001
1.954586e+002	3.815809e+000
1.958139e+002	1.311855e+001
1.957034e+002	3.844244e+000
1.956761e+002	-2.112592e+000
1.960315e+002	7.189921e+000
1.961373e+002	6.540739e+000
1.956941e+002	-1.600252e+001
1.955170e+002	-2.793066e+001
1.958557e+002	-1.929154e+001
1.964107e+002	-2.027287e+000
1.967494e+002	6.611832e+000
1.968552e+002	5.962641e+000
1.969277e+002	3.986430e+000
1.971499e+002	7.981510e+000
1.974055e+002	1.330340e+001
1.973615e+002	6.682925e+000
1.970348e+002	-1.121628e+001
1.968245e+002	-2.447124e+001
1.972464e+002	-1.251466e+001
1.976682e+002	-5.582941e-001
1.976409e+002	-6.515141e+000
1.976137e+002	-1.247200e+001
1.976030e+002	-1.776545e+001
1.975092e+002	-2.637614e+001
1.977148e+002	-2.304468e+001
1.980202e+002	-1.573236e+001
1.981925e+002	-1.372793e+001
1.987641e+002	4.199707e+000
1.990862e+002	1.217543e+001
1.992086e+002	1.218965e+001
1.992645e+002	9.550031e+000
1.989544e+002	-7.685551e+000
1.988938e+002	-1.496943e+001
1.987667e+002	-2.490714e+001
1.989723e+002	-2.157569e+001
1.994940e+002	-5.638469e+000
2.000656e+002	1.228918e+001
2.000383e+002	6.332327e+000
1.998280e+002	-6.922609e+000
1.996177e+002	-2.017756e+001
1.996570e+002	-2.348058e+001
1.997295e+002	-2.545679e+001
1.999018e+002	-2.345215e+001
2.002239e+002	-1.547642e+001
2.004461e+002	-1.148157e+001
2.005852e+002	-1.080395e+001
2.007908e+002	-7.472273e+000
2.006138e+002	-1.940041e+001
2.004368e+002	-3.132834e+001
2.007921e+002	-2.202581e+001
2.011973e+002	-1.073286e+001
2.011867e+002	-1.602630e+001
2.011095e+002	-2.397359e+001
2.014149e+002	-1.666127e+001
2.016704e+002	-1.133938e+001
2.018095e+002	-1.066176e+001
2.019153e+002	-1.131095e+001
2.018880e+002	-1.726779e+001
2.019272e+002	-2.057081e+001
2.020663e+002	-1.989319e+001
2.023551e+002	-1.324450e+001
2.023278e+002	-1.920136e+001
2.023005e+002	-2.515820e+001
2.024395e+002	-2.448059e+001
2.026784e+002	-1.982210e+001
2.024848e+002	-3.241364e+001
2.023077e+002	-4.434157e+001
2.024302e+002	-4.432736e+001
2.030350e+002	-2.507290e+001
2.032739e+002	-2.041441e+001
2.029638e+002	-3.765023e+001
2.031029e+002	-3.697260e+001
2.034249e+002	-2.899688e+001
2.032978e+002	-3.893438e+001
2.030709e+002	-5.285295e+001
2.033763e+002	-4.554064e+001
2.040477e+002	-2.363234e+001
2.043199e+002	-1.764682e+001
2.044090e+002	-1.895963e+001
2.044649e+002	-2.159925e+001
2.047537e+002	-1.495034e+001
2.049593e+002	-1.161889e+001
2.048488e+002	-2.089320e+001
2.048881e+002	-2.419621e+001
2.051103e+002	-2.020113e+001
2.052494e+002	-1.952351e+001
2.052720e+002	-2.349015e+001
2.053944e+002	-2.347593e+001
2.055335e+002	-2.279809e+001
2.057225e+002	-2.013004e+001
2.060279e+002	-1.281794e+001
2.061171e+002	-1.413053e+001
2.062727e+002	-1.278951e+001
2.063286e+002	-1.542912e+001
2.063013e+002	-2.138597e+001
2.064071e+002	-2.203516e+001
2.064464e+002	-2.533818e+001
2.066686e+002	-2.134331e+001
2.068909e+002	-1.734823e+001
2.070133e+002	-1.733402e+001
2.070858e+002	-1.931023e+001
2.072914e+002	-1.597878e+001
2.075802e+002	-9.329858e+000
2.078191e+002	-4.671596e+000
2.080913e+002	1.313908e+000
2.082469e+002	2.654928e+000
2.077538e+002	-2.187875e+001
2.074604e+002	-3.845094e+001
2.076826e+002	-3.445608e+001
2.080047e+002	-2.648036e+001
2.083766e+002	-1.651421e+001
2.087985e+002	-4.557846e+000
2.088710e+002	-6.533835e+000
2.085110e+002	-2.576008e+001
2.084005e+002	-3.503417e+001
2.084897e+002	-3.634699e+001
2.086953e+002	-3.301530e+001
2.090173e+002	-2.503959e+001
2.094559e+002	-1.241982e+001
2.099443e+002	2.190590e+000
2.100833e+002	2.868206e+000
2.100893e+002	-1.761833e+000
2.101951e+002	-2.411014e+000
2.103175e+002	-2.396802e+000
2.104732e+002	-1.055549e+000
2.105957e+002	-1.041337e+000
2.104852e+002	-1.031565e+001
2.103747e+002	-1.958974e+001
2.105637e+002	-1.692168e+001
2.108857e+002	-8.945959e+000
2.113076e+002	3.010391e+000
2.114966e+002	5.678442e+000
2.114027e+002	-2.932233e+000
2.114087e+002	-7.562282e+000
2.114646e+002	-1.020190e+001
2.114539e+002	-1.549535e+001
2.117926e+002	-6.856220e+000
2.120648e+002	-8.707164e-001
2.121872e+002	-8.564938e-001
2.122431e+002	-3.496109e+000
2.122657e+002	-7.462754e+000
2.123049e+002	-1.076577e+001
2.123774e+002	-1.274198e+001
2.122670e+002	-2.201607e+001
2.124892e+002	-1.802121e+001
2.125118e+002	-2.198764e+001
2.126675e+002	-2.064661e+001
2.126236e+002	-2.726687e+001
2.127127e+002	-2.857968e+001
2.128352e+002	-2.856546e+001
2.129909e+002	-2.722421e+001
2.132630e+002	-2.123892e+001
2.134520e+002	-1.857087e+001
2.137574e+002	-1.125856e+001
2.138632e+002	-1.190796e+001
2.136363e+002	-2.582631e+001
2.138585e+002	-2.183123e+001
2.143802e+002	-5.894011e+000
2.148520e+002	8.052774e+000
2.150742e+002	1.204763e+001
2.151135e+002	8.744613e+000
2.147867e+002	-9.154595e+000
2.147761e+002	-1.444805e+001
2.150149e+002	-9.789563e+000
2.150875e+002	-1.176577e+001
2.151267e+002	-1.506879e+001
2.155818e+002	-1.785403e+000
2.161701e+002	1.680564e+001
2.161428e+002	1.084879e+001
2.156829e+002	-1.235809e+001
2.156723e+002	-1.765154e+001
2.160609e+002	-7.021985e+000
2.160835e+002	-1.098841e+001
2.160562e+002	-1.694548e+001
2.161121e+002	-1.958509e+001
2.161181e+002	-2.421492e+001
2.164068e+002	-1.756622e+001
2.168953e+002	-2.955813e+000
2.175001e+002	1.629864e+001
2.177224e+002	2.029350e+001
2.176119e+002	1.101941e+001
2.176678e+002	8.379793e+000
2.177403e+002	6.403581e+000
2.176465e+002	-2.207093e+000
2.175360e+002	-1.148140e+001
2.175419e+002	-1.611123e+001
2.177309e+002	-1.344318e+001
2.176371e+002	-2.205409e+001
2.177761e+002	-2.137625e+001
2.180483e+002	-1.539096e+001
2.177714e+002	-3.129974e+001
2.178606e+002	-3.261255e+001
2.184655e+002	-1.335787e+001
2.187875e+002	-5.382150e+000
2.188434e+002	-8.021765e+000
2.189492e+002	-8.671168e+000
2.190217e+002	-1.064716e+001
2.191109e+002	-1.195997e+001
2.193498e+002	-7.301491e+000
2.196053e+002	-1.979603e+000
2.196445e+002	-5.282622e+000
2.192346e+002	-2.649907e+001
2.192073e+002	-3.245615e+001
2.193131e+002	-3.310533e+001
2.192691e+002	-3.972559e+001
2.194914e+002	-3.573073e+001
2.198301e+002	-2.709161e+001
2.201189e+002	-2.044269e+001
2.203910e+002	-1.445740e+001
2.206632e+002	-8.472113e+000
2.204861e+002	-2.040004e+001
2.201261e+002	-3.962606e+001
2.206811e+002	-2.236203e+001
2.214190e+002	2.200088e+000
2.217910e+002	1.216624e+001
2.216805e+002	2.892149e+000
2.214370e+002	-1.168982e+001
2.215095e+002	-1.366604e+001
2.218482e+002	-5.026686e+000
2.216379e+002	-1.828164e+001
2.213777e+002	-3.352702e+001
2.212339e+002	-4.412814e+001
2.216392e+002	-3.283518e+001
2.225768e+002	-3.115541e-001
2.229487e+002	9.654585e+000
2.230379e+002	8.342000e+000
2.227111e+002	-9.557207e+000
2.226173e+002	-1.816789e+001
2.228395e+002	-1.417303e+001
2.226126e+002	-2.809139e+001
2.222692e+002	-4.665400e+001
2.225913e+002	-3.867829e+001
2.231130e+002	-2.274107e+001
2.234683e+002	-1.343854e+001
2.239900e+002	2.498671e+000
2.243287e+002	1.113802e+001
2.242348e+002	2.527106e+000
2.243739e+002	3.204955e+000
2.242634e+002	-6.069346e+000
2.241696e+002	-1.468003e+001
2.240591e+002	-2.395435e+001
2.242314e+002	-2.194969e+001
2.243206e+002	-2.326228e+001
2.245262e+002	-1.993082e+001
2.245322e+002	-2.456087e+001
2.242720e+002	-3.980625e+001
2.243611e+002	-4.111885e+001
2.247331e+002	-3.115269e+001
2.250219e+002	-2.450400e+001
2.254105e+002	-1.387444e+001
2.256660e+002	-8.552562e+000
2.257219e+002	-1.119218e+001
2.259441e+002	-7.197098e+000
2.262163e+002	-1.211806e+000
2.261557e+002	-8.495682e+000
2.259288e+002	-2.241404e+001
2.259015e+002	-2.837089e+001
2.263733e+002	-1.442410e+001
2.266621e+002	-7.775409e+000
2.269342e+002	-1.789895e+000
2.274559e+002	1.414731e+001
2.275451e+002	1.283451e+001
2.276508e+002	1.218533e+001
2.276568e+002	7.555277e+000
2.275463e+002	-1.718802e+000
2.273028e+002	-1.630079e+001
2.270592e+002	-3.088254e+001
2.271650e+002	-3.153194e+001
2.274871e+002	-2.355623e+001
2.278424e+002	-1.425347e+001
2.282310e+002	-3.623920e+000
2.286362e+002	7.669027e+000
2.286921e+002	5.029412e+000
2.285817e+002	-4.244677e+000
2.285710e+002	-9.538119e+000
2.285437e+002	-1.549520e+001
2.283500e+002	-2.808652e+001
2.284226e+002	-3.006274e+001
2.287280e+002	-2.275042e+001
2.290334e+002	-1.543832e+001
2.293887e+002	-6.135573e+000
2.295112e+002	-6.121350e+000
2.292010e+002	-2.335716e+001
2.290407e+002	-3.462169e+001
2.291132e+002	-3.659790e+001
2.296349e+002	-2.066068e+001
2.301732e+002	-4.059834e+000
2.303788e+002	-7.283695e-001
2.302850e+002	-9.339064e+000
2.304074e+002	-9.324841e+000
2.305631e+002	-7.983821e+000
2.306023e+002	-1.128684e+001
2.302922e+002	-2.852265e+001
2.302815e+002	-3.381611e+001
2.305703e+002	-2.716719e+001
2.306096e+002	-3.047021e+001
2.308318e+002	-2.647535e+001
2.311040e+002	-2.049006e+001
2.312930e+002	-1.782201e+001
2.316816e+002	-7.192455e+000
2.318539e+002	-5.187798e+000
2.318599e+002	-9.817847e+000
2.321154e+002	-4.495959e+000
2.322545e+002	-3.818121e+000
2.323935e+002	-3.140494e+000
2.329485e+002	1.412352e+001
2.334868e+002	3.072438e+001
2.337423e+002	3.604626e+001
2.335653e+002	2.411812e+001
2.331387e+002	2.238254e+000
2.329784e+002	-9.026258e+000
2.330509e+002	-1.100247e+001
2.329737e+002	-1.894975e+001
2.334122e+002	-6.329763e+000
2.339339e+002	9.607446e+000
2.338234e+002	3.331353e-001
2.339458e+002	3.473579e-001
2.339352e+002	-4.946085e+000
2.337581e+002	-1.687401e+001
2.337808e+002	-2.084065e+001
2.337867e+002	-2.547069e+001
2.338593e+002	-2.744668e+001
2.340316e+002	-2.544226e+001
2.346365e+002	-6.187577e+000
2.351082e+002	7.759197e+000
2.346817e+002	-1.412065e+001
2.344880e+002	-2.671220e+001
2.346271e+002	-2.603457e+001
2.348327e+002	-2.270312e+001
2.351714e+002	-1.406378e+001
2.353603e+002	-1.139572e+001
2.356325e+002	-5.410433e+000
2.357549e+002	-5.396211e+000
2.357276e+002	-1.135307e+001
2.358833e+002	-1.001204e+001
2.362719e+002	6.175061e-001
2.362280e+002	-6.002745e+000
2.363338e+002	-6.652148e+000
2.366226e+002	-3.230110e-003
2.366785e+002	-2.642845e+000
2.366013e+002	-1.059013e+001
2.368900e+002	-3.941440e+000
2.367962e+002	-1.255212e+001
2.366691e+002	-2.248984e+001
2.367083e+002	-2.579286e+001
2.371801e+002	-1.184606e+001
2.377684e+002	6.744983e+000
2.382901e+002	2.268220e+001
2.384957e+002	2.601388e+001
2.385016e+002	2.138384e+001
2.385243e+002	1.741719e+001
2.384969e+002	1.146034e+001
2.387192e+002	1.545542e+001
2.387584e+002	1.215218e+001
2.385648e+002	-4.391435e-001
