    nm         	pN
0.000000e+000	4.604548e+002
7.294503e-002	4.584956e+002
4.548779e-002	4.525323e+002
1.296033e-003	4.459016e+002
-5.962816e-002	4.386037e+002
-3.688461e-002	4.346424e+002
-1.312772e-001	4.260097e+002
-2.256690e-001	4.173770e+002
-2.531269e-001	4.114137e+002
-2.471165e-001	4.067851e+002
-2.243730e-001	4.028239e+002
-2.350964e-001	3.975280e+002
-2.123528e-001	3.935667e+002
-2.565453e-001	3.869360e+002
-3.844048e-001	3.769686e+002
-3.616613e-001	3.730074e+002
-3.723840e-001	3.677115e+002
-4.165757e-001	3.610808e+002
-4.440329e-001	3.551175e+002
-3.878217e-001	3.524910e+002
-3.316099e-001	3.498645e+002
-3.590678e-001	3.439012e+002
-3.865257e-001	3.379378e+002
-4.139830e-001	3.319746e+002
-4.247071e-001	3.266786e+002
-4.688981e-001	3.200480e+002
-5.800238e-001	3.107479e+002
-6.242156e-001	3.041173e+002
-6.684066e-001	2.974866e+002
-6.289292e-001	2.941927e+002
-6.061857e-001	2.902315e+002
-6.671106e-001	2.829335e+002
-8.117039e-001	2.722987e+002
-7.722266e-001	2.690048e+002
-7.327492e-001	2.657110e+002
-7.100056e-001	2.617497e+002
-8.211313e-001	2.524497e+002
-7.481863e-001	2.504905e+002
-6.417736e-001	2.498660e+002
-6.022969e-001	2.465721e+002
-7.134226e-001	2.372721e+002
-7.408809e-001	2.313087e+002
-7.850716e-001	2.246781e+002
-7.623280e-001	2.207169e+002
-9.236559e-001	2.094147e+002
-9.009130e-001	2.054535e+002
-7.945004e-001	2.048290e+002
-7.048215e-001	2.035371e+002
-6.486110e-001	2.009106e+002
-6.258667e-001	1.969494e+002
-6.198577e-001	1.923208e+002
-7.142495e-001	1.836881e+002
-7.919083e-001	1.757227e+002
-7.356971e-001	1.730962e+002
-7.296866e-001	1.684676e+002
-7.571446e-001	1.625043e+002
-7.009334e-001	1.598778e+002
-6.781892e-001	1.559165e+002
-7.558479e-001	1.479512e+002
-8.000389e-001	1.413205e+002
-8.107630e-001	1.360246e+002
-8.382209e-001	1.300613e+002
-9.493466e-001	1.207612e+002
-9.935377e-001	1.141306e+002
-1.037729e+000	1.074999e+002
-1.098654e+000	1.002020e+002
-1.042442e+000	9.757541e+001
-1.002966e+000	9.428151e+001
-1.147559e+000	8.364676e+001
-1.141549e+000	7.901817e+001
-1.051870e+000	7.772633e+001
-1.012393e+000	7.443244e+001
-1.056584e+000	6.780179e+001
-1.067308e+000	6.250585e+001
-1.027830e+000	5.921196e+001
-9.548852e-001	5.725277e+001
-1.015811e+000	4.995477e+001
-1.043268e+000	4.399148e+001
-9.870569e-001	4.136494e+001
-9.977803e-001	3.606900e+001
-1.075439e+000	2.810365e+001
-1.035960e+000	2.480981e+001
-9.128144e-001	2.485267e+001
-9.904731e-001	1.688732e+001
-1.034664e+000	1.025668e+001
-9.784530e-001	7.630144e+000
-9.389770e-001	4.336200e+000
-9.162334e-001	3.749551e-001
-9.269568e-001	-4.920981e+000
-8.874774e-001	-8.214814e+000
-9.316699e-001	-1.484546e+001
-9.591284e-001	-2.080881e+001
-9.865843e-001	-2.677206e+001
-8.969062e-001	-2.806389e+001
-8.741619e-001	-3.202513e+001
-9.183529e-001	-3.865578e+001
-9.625440e-001	-4.528643e+001
-9.230687e-001	-4.858037e+001
-8.835893e-001	-5.187421e+001
-8.273788e-001	-5.450074e+001
-8.715698e-001	-6.113138e+001
-8.655608e-001	-6.576004e+001
-7.758826e-001	-6.705187e+001
-6.862031e-001	-6.834371e+001
-8.475295e-001	-7.964576e+001
-8.415205e-001	-8.427441e+001
-8.020425e-001	-8.756824e+001
-7.960335e-001	-9.219690e+001
-7.398229e-001	-9.482343e+001
-7.170787e-001	-9.878468e+001
-6.775992e-001	-1.020785e+002
-5.209871e-001	-1.007010e+002
-4.480428e-001	-1.026602e+002
-4.754986e-001	-1.086234e+002
-3.021527e-001	-1.065786e+002
-1.455393e-001	-1.052010e+002
-2.231980e-001	-1.131664e+002
-2.171876e-001	-1.177949e+002
-1.609757e-001	-1.204214e+002
-2.721021e-001	-1.297215e+002
-3.832284e-001	-1.390215e+002
-2.266150e-001	-1.376440e+002
-8.673671e-002	-1.369338e+002
-1.141926e-001	-1.428970e+002
7.588857e-002	-1.401848e+002
1.990344e-001	-1.401419e+002
1.548433e-001	-1.467726e+002
1.273847e-001	-1.527359e+002
1.835966e-001	-1.553624e+002
1.896070e-001	-1.599910e+002
1.788836e-001	-1.652869e+002
3.354971e-001	-1.639094e+002
5.925121e-001	-1.585277e+002
5.985211e-001	-1.631563e+002
3.869918e-001	-1.764605e+002
3.595360e-001	-1.824237e+002
3.655450e-001	-1.870524e+002
3.380891e-001	-1.930156e+002
4.277673e-001	-1.943075e+002
5.007116e-001	-1.962667e+002
6.071250e-001	-1.968912e+002
6.298679e-001	-2.008524e+002
6.024092e-001	-2.068157e+002
7.590227e-001	-2.054382e+002
9.156362e-001	-2.040606e+002
1.005316e+000	-2.053525e+002
9.276570e-001	-2.133178e+002
8.499983e-001	-2.212831e+002
8.225410e-001	-2.272464e+002
9.624207e-001	-2.265362e+002
9.182296e-001	-2.331669e+002
8.740372e-001	-2.397975e+002
8.465813e-001	-2.457607e+002
7.354564e-001	-2.550608e+002
7.247316e-001	-2.603568e+002
7.307406e-001	-2.649854e+002
9.208217e-001	-2.622731e+002
1.010500e+000	-2.635650e+002
1.150381e+000	-2.628547e+002
1.173125e+000	-2.668159e+002
1.179134e+000	-2.714446e+002
1.185145e+000	-2.760731e+002
1.007083e+000	-2.880426e+002
8.624902e-001	-2.986773e+002
8.015640e-001	-3.059754e+002
8.410435e-001	-3.092692e+002
8.470511e-001	-3.138979e+002
9.032630e-001	-3.165244e+002
9.427410e-001	-3.198183e+002
8.818162e-001	-3.271163e+002
1.055163e+000	-3.250713e+002
1.312180e+000	-3.196897e+002
1.418589e+000	-3.203142e+002
1.374399e+000	-3.269449e+002
1.229807e+000	-3.375796e+002
1.235817e+000	-3.422081e+002
1.275293e+000	-3.455021e+002
1.214369e+000	-3.528000e+002
1.387715e+000	-3.507552e+002
1.460661e+000	-3.527143e+002
1.433202e+000	-3.586776e+002
1.472681e+000	-3.619715e+002
1.361556e+000	-3.712715e+002
1.283896e+000	-3.792369e+002
1.323373e+000	-3.825308e+002
1.295917e+000	-3.884941e+002
1.251725e+000	-3.951247e+002
1.274469e+000	-3.990860e+002
1.347412e+000	-4.010452e+002
1.504025e+000	-3.996676e+002
1.510037e+000	-4.042962e+002
1.432378e+000	-4.122615e+002
1.388187e+000	-4.188921e+002
1.410932e+000	-4.228534e+002
1.433676e+000	-4.268146e+002
1.422951e+000	-4.321106e+002
1.512629e+000	-4.334024e+002
1.585574e+000	-4.353617e+002
1.491182e+000	-4.439943e+002
1.413524e+000	-4.519597e+002
1.402800e+000	-4.572556e+002
1.375342e+000	-4.632190e+002
1.431552e+000	-4.658455e+002
1.454295e+000	-4.698067e+002
1.527242e+000	-4.717659e+002
1.717323e+000	-4.690536e+002
1.807001e+000	-4.703454e+002
1.712608e+000	-4.789782e+002
1.752087e+000	-4.822721e+002
1.707897e+000	-4.889026e+002
1.613501e+000	-4.975355e+002
1.736649e+000	-4.974925e+002
1.759392e+000	-5.014538e+002
1.648264e+000	-5.107539e+002
1.654276e+000	-5.153824e+002
1.643554e+000	-5.206783e+002
1.816899e+000	-5.186335e+002
2.107383e+000	-5.119171e+002
2.113395e+000	-5.165456e+002
2.186336e+000	-5.185049e+002
2.292751e+000	-5.191294e+002
2.148158e+000	-5.297641e+002
1.852958e+000	-5.464050e+002
1.909169e+000	-5.490316e+002
2.065785e+000	-5.476540e+002
2.239130e+000	-5.456092e+002
2.261872e+000	-5.495704e+002
2.200949e+000	-5.568684e+002
2.257159e+000	-5.594949e+002
2.463974e+000	-5.561153e+002
2.620588e+000	-5.547378e+002
2.660065e+000	-5.580316e+002
2.716278e+000	-5.606581e+002
2.772488e+000	-5.632846e+002
2.778497e+000	-5.679133e+002
2.817977e+000	-5.712071e+002
2.823983e+000	-5.758358e+002
2.863463e+000	-5.791296e+002
3.137210e+000	-5.730807e+002
3.109754e+000	-5.790439e+002
3.149231e+000	-5.823378e+002
3.205441e+000	-5.849644e+002
3.044115e+000	-5.962665e+002
3.066861e+000	-6.002277e+002
3.190006e+000	-6.001848e+002
3.296418e+000	-6.008093e+002
3.386097e+000	-6.021012e+002
3.475775e+000	-6.033931e+002
3.749525e+000	-5.973440e+002
4.123675e+000	-5.872909e+002
4.297025e+000	-5.852459e+002
4.319768e+000	-5.892072e+002
4.225374e+000	-5.978399e+002
4.281585e+000	-6.004665e+002
4.538601e+000	-5.950848e+002
4.762150e+000	-5.910378e+002
4.935497e+000	-5.889929e+002
5.008442e+000	-5.909521e+002
5.198523e+000	-5.882398e+002
5.137599e+000	-5.955378e+002
4.993006e+000	-6.061725e+002
4.999013e+000	-6.108012e+002
5.306234e+000	-6.034174e+002
5.496312e+000	-6.007052e+002
5.569256e+000	-6.026644e+002
5.474865e+000	-6.112971e+002
5.531076e+000	-6.139236e+002
5.587286e+000	-6.165501e+002
5.643499e+000	-6.191767e+002
5.867048e+000	-6.151297e+002
6.257932e+000	-6.044092e+002
6.682287e+000	-5.923540e+002
6.972769e+000	-5.856376e+002
7.179584e+000	-5.822581e+002
7.302729e+000	-5.822152e+002
7.576480e+000	-5.761662e+002
7.766561e+000	-5.734539e+002
8.006841e+000	-5.687396e+002
8.079788e+000	-5.706988e+002
8.052329e+000	-5.766621e+002
8.125273e+000	-5.786213e+002
8.181487e+000	-5.812478e+002
8.154028e+000	-5.872111e+002
8.143303e+000	-5.925071e+002
8.065646e+000	-6.004724e+002
8.222257e+000	-5.990949e+002
8.646611e+000	-5.870397e+002
8.953829e+000	-5.796559e+002
9.143911e+000	-5.769437e+002
9.317255e+000	-5.748988e+002
9.323267e+000	-5.795273e+002
9.513347e+000	-5.768150e+002
9.485889e+000	-5.827784e+002
9.424966e+000	-5.900764e+002
9.464443e+000	-5.933703e+002
9.554120e+000	-5.946622e+002
9.643799e+000	-5.959540e+002
9.683278e+000	-5.992478e+002
9.906826e+000	-5.952008e+002
9.996505e+000	-5.964927e+002
1.008618e+001	-5.977845e+002
1.066114e+001	-5.797233e+002
1.120263e+001	-5.629965e+002
1.244694e+001	-5.182411e+002
1.339003e+001	-4.854981e+002
1.398172e+001	-4.667694e+002
1.484115e+001	-4.373631e+002
1.774210e+001	-3.265400e+002
2.092751e+001	-2.043719e+002
2.257343e+001	-1.436002e+002
2.319858e+001	-1.235368e+002
2.302052e+001	-1.355063e+002
2.311020e+001	-1.367981e+002
2.388597e+001	-1.107285e+002
2.409278e+001	-1.073489e+002
2.399839e+001	-1.159816e+002
2.375339e+001	-1.306204e+002
2.370920e+001	-1.372511e+002
2.378214e+001	-1.392103e+002
2.400569e+001	-1.351634e+002
2.453045e+001	-1.191041e+002
2.493807e+001	-1.077162e+002
2.499428e+001	-1.103427e+002
2.528476e+001	-1.036264e+002
2.545811e+001	-1.015815e+002
2.538045e+001	-1.095469e+002
2.520239e+001	-1.215163e+002
2.472312e+001	-1.454981e+002
2.442793e+001	-1.621389e+002
2.481881e+001	-1.514184e+002
2.482482e+001	-1.560471e+002
2.479736e+001	-1.620103e+002
2.476991e+001	-1.679737e+002
2.487632e+001	-1.685981e+002
2.526720e+001	-1.578776e+002
2.550748e+001	-1.531634e+002
2.534616e+001	-1.644654e+002
2.525177e+001	-1.730982e+002
2.522431e+001	-1.790614e+002
2.553153e+001	-1.716777e+002
2.582201e+001	-1.649614e+002
2.601209e+001	-1.622491e+002
2.628584e+001	-1.562000e+002
2.667672e+001	-1.454796e+002
2.669947e+001	-1.494408e+002
2.653814e+001	-1.607430e+002
2.641028e+001	-1.707103e+002
2.651669e+001	-1.713349e+002
2.658964e+001	-1.732940e+002
2.629444e+001	-1.899350e+002
2.666859e+001	-1.798818e+002
2.717661e+001	-1.644899e+002
2.723283e+001	-1.671164e+002
2.738944e+001	-1.657389e+002
2.761299e+001	-1.616919e+002
2.731779e+001	-1.783328e+002
2.688872e+001	-2.003125e+002
2.701187e+001	-2.002696e+002
2.716848e+001	-1.988921e+002
2.709082e+001	-2.068574e+002
2.716377e+001	-2.088166e+002
2.745425e+001	-2.021002e+002
2.756066e+001	-2.027247e+002
2.743280e+001	-2.126921e+002
2.775676e+001	-2.046410e+002
2.883372e+001	-1.665592e+002
2.989396e+001	-1.291447e+002
3.046891e+001	-1.110833e+002
3.054186e+001	-1.130426e+002
3.041400e+001	-1.230099e+002
3.020247e+001	-1.363141e+002
3.030888e+001	-1.369386e+002
3.098424e+001	-1.148731e+002
3.115759e+001	-1.128282e+002
3.143134e+001	-1.067792e+002
3.145409e+001	-1.107404e+002
3.167763e+001	-1.066934e+002
3.166691e+001	-1.119894e+002
3.155578e+001	-1.212894e+002
3.172913e+001	-1.192446e+002
3.163474e+001	-1.278772e+002
3.165748e+001	-1.318385e+002
3.176389e+001	-1.324630e+002
3.160257e+001	-1.437650e+002
3.197672e+001	-1.337120e+002
3.263534e+001	-1.123139e+002
3.272502e+001	-1.136057e+002
3.273103e+001	-1.182343e+002
3.285418e+001	-1.181914e+002
3.332873e+001	-1.041342e+002
3.400409e+001	-8.206873e+001
3.424437e+001	-7.735447e+001
3.433405e+001	-7.864631e+001
3.428986e+001	-8.527696e+001
3.412853e+001	-9.657900e+001
3.403414e+001	-1.052118e+002
3.482663e+001	-7.847487e+001
3.536812e+001	-6.174818e+001
3.490559e+001	-8.506264e+001
3.457692e+001	-1.030382e+002
3.463314e+001	-1.056647e+002
3.480648e+001	-1.036199e+002
3.504677e+001	-9.890549e+001
3.527031e+001	-9.485853e+001
3.554406e+001	-8.880958e+001
3.536600e+001	-1.007790e+002
3.555608e+001	-9.806676e+001
3.588003e+001	-9.001568e+001
3.618725e+001	-8.263190e+001
3.622673e+001	-8.592585e+001
3.601520e+001	-9.923001e+001
3.568654e+001	-1.172056e+002
3.621129e+001	-1.011463e+002
3.683645e+001	-8.108289e+001
3.709346e+001	-7.570123e+001
3.723334e+001	-7.499106e+001
3.744016e+001	-7.161140e+001
3.783104e+001	-6.089092e+001
3.798766e+001	-5.951335e+001
3.784307e+001	-7.014810e+001
3.779887e+001	-7.677874e+001
3.782162e+001	-8.073998e+001
3.804517e+001	-7.669302e+001
3.805117e+001	-8.132167e+001
3.812412e+001	-8.328080e+001
3.819706e+001	-8.524004e+001
3.796880e+001	-9.921150e+001
3.794134e+001	-1.051748e+002
3.823182e+001	-9.845848e+001
3.827131e+001	-1.017523e+002
3.872913e+001	-8.836244e+001
3.918695e+001	-7.497256e+001
3.925989e+001	-7.693180e+001
3.944997e+001	-7.421954e+001
3.937231e+001	-8.218488e+001
3.902692e+001	-1.008278e+002
3.909986e+001	-1.027870e+002
3.935688e+001	-9.740531e+001
3.968083e+001	-8.935423e+001
3.967010e+001	-9.465018e+001
3.969285e+001	-9.861142e+001
3.998333e+001	-9.189505e+001
4.034075e+001	-8.250928e+001
4.039696e+001	-8.513582e+001
4.040297e+001	-8.976446e+001
4.039224e+001	-9.506040e+001
4.064926e+001	-8.967874e+001
4.088954e+001	-8.496436e+001
4.111309e+001	-8.091739e+001
4.178845e+001	-5.885201e+001
4.192833e+001	-5.814175e+001
4.176700e+001	-6.944390e+001
4.165588e+001	-7.874395e+001
4.152802e+001	-8.871129e+001
4.150056e+001	-9.467464e+001
4.154004e+001	-9.796848e+001
4.171338e+001	-9.592362e+001
4.187000e+001	-9.454605e+001
4.192621e+001	-9.717260e+001
4.186528e+001	-1.044705e+002
4.218924e+001	-9.641946e+001
4.251319e+001	-8.836838e+001
4.256940e+001	-9.099493e+001
4.264234e+001	-9.295417e+001
4.268182e+001	-9.624802e+001
4.305597e+001	-8.619495e+001
4.363093e+001	-6.813355e+001
4.377081e+001	-6.742339e+001
4.365968e+001	-7.672345e+001
4.368242e+001	-8.068470e+001
4.373863e+001	-8.331123e+001
4.354384e+001	-9.594796e+001
4.331558e+001	-1.099195e+002
4.337179e+001	-1.125461e+002
4.317700e+001	-1.251828e+002
4.330014e+001	-1.251400e+002
4.380816e+001	-1.097481e+002
4.431618e+001	-9.435610e+001
4.485767e+001	-7.762951e+001
4.479675e+001	-8.492746e+001
4.473582e+001	-9.222551e+001
4.480877e+001	-9.418464e+001
4.469764e+001	-1.034847e+002
4.467018e+001	-1.094480e+002
4.481006e+001	-1.087378e+002
4.468220e+001	-1.187052e+002
4.477188e+001	-1.199971e+002
4.499543e+001	-1.159501e+002
4.550346e+001	-1.005581e+002
4.582741e+001	-9.250704e+001
4.564934e+001	-1.044765e+002
4.542108e+001	-1.184481e+002
4.546056e+001	-1.217419e+002
4.578451e+001	-1.136908e+002
4.617539e+001	-1.029703e+002
4.609774e+001	-1.109357e+002
4.613721e+001	-1.142296e+002
4.621016e+001	-1.161888e+002
4.645044e+001	-1.114745e+002
4.645645e+001	-1.161030e+002
4.671347e+001	-1.107214e+002
4.683661e+001	-1.106785e+002
4.672549e+001	-1.199786e+002
4.676496e+001	-1.232725e+002
4.700524e+001	-1.185581e+002
4.716186e+001	-1.171806e+002
4.703400e+001	-1.271480e+002
4.700654e+001	-1.331113e+002
4.741416e+001	-1.217235e+002
4.797238e+001	-1.043295e+002
4.806206e+001	-1.056214e+002
4.743219e+001	-1.356092e+002
4.748840e+001	-1.382358e+002
4.756135e+001	-1.401950e+002
4.753389e+001	-1.461582e+002
4.762357e+001	-1.474501e+002
4.772998e+001	-1.480746e+002
4.761885e+001	-1.573747e+002
4.764160e+001	-1.613359e+002
4.809942e+001	-1.479460e+002
4.837317e+001	-1.418970e+002
4.861345e+001	-1.371827e+002
4.890393e+001	-1.304663e+002
4.889321e+001	-1.357623e+002
4.871515e+001	-1.477317e+002
4.885503e+001	-1.470215e+002
4.907858e+001	-1.429745e+002
4.898418e+001	-1.516072e+002
4.887305e+001	-1.609073e+002
4.923048e+001	-1.515215e+002
4.955443e+001	-1.434704e+002
4.946003e+001	-1.521031e+002
4.938238e+001	-1.600684e+002
4.997407e+001	-1.413397e+002
5.029802e+001	-1.332887e+002
5.030402e+001	-1.379173e+002
4.985823e+001	-1.605644e+002
4.924509e+001	-1.898850e+002
4.965271e+001	-1.784971e+002
5.039500e+001	-1.537623e+002
5.075242e+001	-1.443765e+002
5.049069e+001	-1.596827e+002
5.029590e+001	-1.723195e+002
5.030191e+001	-1.769481e+002
5.069279e+001	-1.662276e+002
5.093307e+001	-1.615133e+002
5.068808e+001	-1.761522e+002
5.071082e+001	-1.801134e+002
5.076703e+001	-1.827400e+002
5.090691e+001	-1.820297e+002
5.082925e+001	-1.899950e+002
5.100260e+001	-1.879502e+002
5.149389e+001	-1.732256e+002
5.196844e+001	-1.591683e+002
5.190752e+001	-1.664664e+002
5.171272e+001	-1.791031e+002
5.158486e+001	-1.890706e+002
5.174147e+001	-1.876930e+002
5.206542e+001	-1.796419e+002
5.207144e+001	-1.842705e+002
5.204398e+001	-1.902338e+002
5.225079e+001	-1.868541e+002
5.222333e+001	-1.928175e+002
5.224608e+001	-1.967787e+002
5.265370e+001	-1.853908e+002
5.326212e+001	-1.659949e+002
5.405462e+001	-1.392580e+002
5.436183e+001	-1.318742e+002
5.448498e+001	-1.318313e+002
5.474200e+001	-1.264497e+002
5.491534e+001	-1.244048e+002
5.508869e+001	-1.223598e+002
5.504450e+001	-1.289905e+002
5.506724e+001	-1.329517e+002
5.525732e+001	-1.302395e+002
5.524660e+001	-1.355354e+002
5.511874e+001	-1.455029e+002
5.515822e+001	-1.487967e+002
5.519770e+001	-1.520906e+002
5.490250e+001	-1.687315e+002
5.520971e+001	-1.613478e+002
5.556713e+001	-1.519621e+002
5.548947e+001	-1.599274e+002
5.532815e+001	-1.712294e+002
5.553496e+001	-1.678499e+002
5.600952e+001	-1.537926e+002
5.621633e+001	-1.504130e+002
5.633948e+001	-1.503702e+002
5.691443e+001	-1.323088e+002
5.695391e+001	-1.356027e+002
5.690972e+001	-1.422334e+002
5.704960e+001	-1.415231e+002
5.740702e+001	-1.321373e+002
5.747996e+001	-1.340966e+002
5.745251e+001	-1.400598e+002
5.729118e+001	-1.513620e+002
5.738086e+001	-1.526538e+002
5.748727e+001	-1.532782e+002
5.761041e+001	-1.532354e+002
5.795110e+001	-1.445170e+002
5.794038e+001	-1.498130e+002
5.813046e+001	-1.471007e+002
5.816993e+001	-1.503945e+002
5.809228e+001	-1.583599e+002
5.839949e+001	-1.509762e+002
5.860631e+001	-1.475965e+002
5.884659e+001	-1.428823e+002
5.870200e+001	-1.535170e+002
5.845700e+001	-1.681559e+002
5.879768e+001	-1.594374e+002
5.910490e+001	-1.520537e+002
5.897704e+001	-1.620211e+002
5.913365e+001	-1.606435e+002
5.947434e+001	-1.519252e+002
5.939668e+001	-1.598905e+002
5.928555e+001	-1.691905e+002
5.905729e+001	-1.831620e+002
5.916370e+001	-1.837865e+002
5.927012e+001	-1.844110e+002
5.929286e+001	-1.883722e+002
5.948294e+001	-1.856599e+002
5.960609e+001	-1.856171e+002
5.967903e+001	-1.875763e+002
5.998625e+001	-1.801925e+002
6.062814e+001	-1.594619e+002
6.140390e+001	-1.333923e+002
6.161071e+001	-1.300127e+002
6.195140e+001	-1.212942e+002
6.240922e+001	-1.079044e+002
6.266624e+001	-1.025227e+002
6.262204e+001	-1.091533e+002
6.271173e+001	-1.104452e+002
6.281814e+001	-1.110697e+002
6.280741e+001	-1.163657e+002
6.306443e+001	-1.109840e+002
6.345531e+001	-1.002635e+002
6.366213e+001	-9.688383e+001
6.340040e+001	-1.121901e+002
6.310520e+001	-1.288309e+002
6.311121e+001	-1.334596e+002
6.380331e+001	-1.107268e+002
6.436153e+001	-9.333282e+001
6.438427e+001	-9.729405e+001
6.460782e+001	-9.324709e+001
6.491504e+001	-8.586332e+001
6.523899e+001	-7.781224e+001
6.527846e+001	-8.110619e+001
6.535141e+001	-8.306533e+001
6.557496e+001	-7.901835e+001
6.599931e+001	-6.696318e+001
6.633999e+001	-5.824481e+001
6.617867e+001	-6.954685e+001
6.576634e+001	-9.085922e+001
6.615722e+001	-8.013874e+001
6.671544e+001	-6.274475e+001
6.732387e+001	-4.334878e+001
6.719601e+001	-5.331613e+001
6.708488e+001	-6.261617e+001
6.689009e+001	-7.525303e+001
6.692957e+001	-7.854686e+001
6.733718e+001	-6.715909e+001
6.744359e+001	-6.778352e+001
6.741614e+001	-7.374688e+001
6.728828e+001	-8.371422e+001
6.699308e+001	-1.003552e+002
6.701583e+001	-1.043164e+002
6.712224e+001	-1.049409e+002
6.746292e+001	-9.622249e+001
6.817175e+001	-7.282229e+001
6.831163e+001	-7.211214e+001
6.843477e+001	-7.206927e+001
6.862486e+001	-6.935700e+001
6.871453e+001	-7.064884e+001
6.851974e+001	-8.328559e+001
6.837514e+001	-9.392035e+001
6.871583e+001	-8.520197e+001
6.905651e+001	-7.648349e+001
6.924660e+001	-7.377123e+001
6.930281e+001	-7.639777e+001
6.949288e+001	-7.368550e+001
6.964950e+001	-7.230794e+001
6.975591e+001	-7.293248e+001
6.976192e+001	-7.756101e+001
6.963406e+001	-8.752848e+001
6.979067e+001	-8.615091e+001
6.998076e+001	-8.343864e+001
7.005370e+001	-8.539779e+001
7.000951e+001	-9.202842e+001
7.004898e+001	-9.532237e+001
7.045661e+001	-8.393449e+001
7.056302e+001	-8.455903e+001
7.066944e+001	-8.518346e+001
7.060851e+001	-9.248152e+001
7.069819e+001	-9.377336e+001
7.107234e+001	-8.372018e+001
7.116201e+001	-8.501202e+001
7.103416e+001	-9.497947e+001
7.120750e+001	-9.293450e+001
7.156492e+001	-8.354873e+001
7.172154e+001	-8.217116e+001
7.166061e+001	-8.946921e+001
7.190089e+001	-8.475484e+001
7.205750e+001	-8.337728e+001
7.182924e+001	-9.734884e+001
7.166792e+001	-1.086509e+002
7.154006e+001	-1.186183e+002
7.167993e+001	-1.179081e+002
7.156881e+001	-1.272081e+002
7.147442e+001	-1.358409e+002
7.189877e+001	-1.237857e+002
7.237333e+001	-1.097284e+002
7.251320e+001	-1.090182e+002
7.283715e+001	-1.009672e+002
7.277623e+001	-1.082651e+002
7.269858e+001	-1.162305e+002
7.283845e+001	-1.155203e+002
7.321260e+001	-1.054671e+002
7.351982e+001	-9.808345e+001
7.332503e+001	-1.107202e+002
7.328084e+001	-1.173509e+002
7.332031e+001	-1.206448e+002
7.347693e+001	-1.192672e+002
7.356660e+001	-1.205591e+002
7.373995e+001	-1.185141e+002
7.371249e+001	-1.244774e+002
7.373524e+001	-1.284387e+002
7.384165e+001	-1.290631e+002
7.404847e+001	-1.256836e+002
7.442262e+001	-1.156304e+002
7.437843e+001	-1.222610e+002
7.425056e+001	-1.322285e+002
7.449085e+001	-1.275141e+002
7.504907e+001	-1.101201e+002
7.550689e+001	-9.673025e+001
7.531209e+001	-1.093671e+002
7.489976e+001	-1.306795e+002
7.487230e+001	-1.366427e+002
7.484485e+001	-1.426061e+002
7.521900e+001	-1.325529e+002
7.550948e+001	-1.258365e+002
7.556569e+001	-1.284630e+002
7.578925e+001	-1.244161e+002
7.572832e+001	-1.317141e+002
7.558372e+001	-1.423489e+002
7.605828e+001	-1.282916e+002
7.656630e+001	-1.128997e+002
7.645517e+001	-1.221998e+002
7.615998e+001	-1.388406e+002
7.611578e+001	-1.454713e+002
7.645647e+001	-1.367529e+002
7.664655e+001	-1.340406e+002
7.678643e+001	-1.333304e+002
7.679244e+001	-1.379590e+002
7.679845e+001	-1.425876e+002
7.710567e+001	-1.352039e+002
7.732922e+001	-1.311569e+002
7.706748e+001	-1.464631e+002
7.714043e+001	-1.484223e+002
7.716317e+001	-1.523836e+002
7.728632e+001	-1.523407e+002
7.747640e+001	-1.496284e+002
7.778362e+001	-1.422446e+002
7.800717e+001	-1.381977e+002
7.809685e+001	-1.394895e+002
7.820326e+001	-1.401141e+002
7.835987e+001	-1.387365e+002
7.848302e+001	-1.386936e+002
7.823802e+001	-1.533325e+002
7.822729e+001	-1.586284e+002
7.850105e+001	-1.525794e+002
7.865766e+001	-1.512018e+002
7.868041e+001	-1.551630e+002
7.903783e+001	-1.457773e+002
7.972992e+001	-1.230445e+002
8.025467e+001	-1.069852e+002
8.047822e+001	-1.029382e+002
8.050096e+001	-1.068995e+002
8.055717e+001	-1.095260e+002
8.051298e+001	-1.161567e+002
8.048552e+001	-1.221200e+002
8.094334e+001	-1.087301e+002
8.156850e+001	-8.866673e+001
8.180879e+001	-8.395236e+001
8.171439e+001	-9.258511e+001
8.160327e+001	-1.018852e+002
8.192722e+001	-9.383409e+001
8.250218e+001	-7.577271e+001
8.282613e+001	-6.772163e+001
8.291580e+001	-6.901347e+001
8.258714e+001	-8.698913e+001
8.235887e+001	-1.009606e+002
8.259916e+001	-9.624631e+001
8.293984e+001	-8.752784e+001
8.281198e+001	-9.749529e+001
8.290166e+001	-9.878713e+001
8.335948e+001	-8.539725e+001
8.356630e+001	-8.201757e+001
8.367271e+001	-8.264213e+001
8.341098e+001	-9.794827e+001
8.343373e+001	-1.019095e+002
8.387481e+001	-8.918705e+001
8.376368e+001	-9.848709e+001
8.363583e+001	-1.084544e+002
8.421078e+001	-9.039315e+001
8.475227e+001	-7.366646e+001
8.482522e+001	-7.562571e+001
8.493163e+001	-7.625015e+001
8.518865e+001	-7.086847e+001
8.534526e+001	-6.949091e+001
8.535127e+001	-7.411956e+001
8.572542e+001	-6.406638e+001
8.608284e+001	-5.468060e+001
8.597171e+001	-6.398065e+001
8.576018e+001	-7.728481e+001
8.605067e+001	-7.056843e+001
8.632441e+001	-6.451947e+001
8.629696e+001	-7.048272e+001
8.616909e+001	-8.045017e+001
8.600777e+001	-9.175221e+001
8.646559e+001	-7.836233e+001
8.688994e+001	-6.630715e+001
8.692942e+001	-6.960111e+001
8.706930e+001	-6.889084e+001
8.697491e+001	-7.752358e+001
8.696419e+001	-8.281953e+001
8.728814e+001	-7.476846e+001
8.777942e+001	-6.004388e+001
8.823724e+001	-4.665399e+001
8.869506e+001	-3.326412e+001
8.870107e+001	-3.789266e+001
8.855648e+001	-4.852741e+001
8.839515e+001	-5.982957e+001
8.820036e+001	-7.246632e+001
8.817290e+001	-7.842966e+001
8.839645e+001	-7.438269e+001
8.890447e+001	-5.899070e+001
8.896068e+001	-6.161725e+001
8.876589e+001	-7.425411e+001
8.895596e+001	-7.154183e+001
8.916278e+001	-6.816216e+001
8.955367e+001	-5.744169e+001
8.940908e+001	-6.807645e+001
8.926448e+001	-7.871120e+001
8.935416e+001	-8.000303e+001
8.952750e+001	-7.795817e+001
8.944985e+001	-8.592352e+001
8.970687e+001	-8.054185e+001
9.026508e+001	-6.314786e+001
9.058903e+001	-5.509680e+001
9.057831e+001	-6.039274e+001
9.066799e+001	-6.168457e+001
9.080787e+001	-6.097430e+001
9.099795e+001	-5.826204e+001
9.087009e+001	-6.822949e+001
9.072550e+001	-7.886424e+001
9.069804e+001	-8.482748e+001
9.135667e+001	-6.342939e+001
9.147981e+001	-6.338653e+001
9.141889e+001	-7.068458e+001
9.172611e+001	-6.330081e+001
9.173211e+001	-6.792945e+001
9.152058e+001	-8.123361e+001
9.157679e+001	-8.386015e+001
9.181708e+001	-7.914578e+001
9.230837e+001	-6.442119e+001
9.258212e+001	-5.837224e+001
9.233712e+001	-7.301108e+001
9.205866e+001	-8.898464e+001
9.214833e+001	-9.027648e+001
9.193680e+001	-1.035806e+002
9.205996e+001	-1.035378e+002
9.231697e+001	-9.815610e+001
9.255725e+001	-9.344173e+001
9.273060e+001	-9.139686e+001
9.271987e+001	-9.669281e+001
9.270915e+001	-1.019888e+002
9.283229e+001	-1.019459e+002
9.302238e+001	-9.923363e+001
9.321246e+001	-9.652136e+001
9.353641e+001	-8.847029e+001
9.375996e+001	-8.442332e+001
9.378270e+001	-8.838456e+001
9.405645e+001	-8.233549e+001
9.409593e+001	-8.562943e+001
9.415214e+001	-8.825598e+001
9.457649e+001	-7.620080e+001
9.481678e+001	-7.148642e+001
9.473911e+001	-7.945177e+001
9.492920e+001	-7.673950e+001
9.506908e+001	-7.602935e+001
9.504162e+001	-8.199259e+001
9.483009e+001	-9.529674e+001
9.510384e+001	-8.924778e+001
9.522699e+001	-8.920491e+001
9.535013e+001	-8.916205e+001
9.552348e+001	-8.711708e+001
9.539562e+001	-9.708453e+001
9.550203e+001	-9.770897e+001
9.560844e+001	-9.833351e+001
9.561445e+001	-1.029620e+002
9.553680e+001	-1.109274e+002
9.576034e+001	-1.068804e+002
9.630183e+001	-9.015385e+001
9.672618e+001	-7.809867e+001
9.674893e+001	-8.205991e+001
9.655414e+001	-9.469667e+001
9.677768e+001	-9.064970e+001
9.696777e+001	-8.793743e+001
9.707418e+001	-8.856197e+001
9.704672e+001	-9.452521e+001
9.715313e+001	-9.514976e+001
9.752728e+001	-8.509658e+001
9.773410e+001	-8.171702e+001
9.782378e+001	-8.300886e+001
9.819793e+001	-7.295568e+001
9.860555e+001	-6.156790e+001
9.874543e+001	-6.085762e+001
9.841676e+001	-7.883329e+001
9.768649e+001	-1.128253e+002
9.755863e+001	-1.227927e+002
9.793278e+001	-1.127395e+002
9.818980e+001	-1.073579e+002
9.849701e+001	-9.997421e+001
9.858670e+001	-1.012661e+002
9.859270e+001	-1.058946e+002
9.871585e+001	-1.058517e+002
9.905654e+001	-9.713335e+001
9.877807e+001	-1.131069e+002
9.875061e+001	-1.190701e+002
9.904110e+001	-1.123538e+002
9.924791e+001	-1.089742e+002
9.947146e+001	-1.049272e+002
9.959460e+001	-1.048844e+002
9.973449e+001	-1.041741e+002
9.972376e+001	-1.094701e+002
9.981344e+001	-1.107619e+002
1.000370e+002	-1.067149e+002
1.000263e+002	-1.120109e+002
9.976453e+001	-1.273171e+002
9.988768e+001	-1.272743e+002
9.999410e+001	-1.278987e+002
1.001842e+002	-1.251864e+002
1.005918e+002	-1.137987e+002
1.009994e+002	-1.024108e+002
1.009050e+002	-1.110435e+002
1.009278e+002	-1.150048e+002
1.009505e+002	-1.189660e+002
1.007390e+002	-1.322702e+002
1.011801e+002	-1.195476e+002
1.017383e+002	-1.021536e+002
1.018280e+002	-1.034454e+002
1.016499e+002	-1.154149e+002
1.014886e+002	-1.267171e+002
1.015448e+002	-1.293436e+002
1.018687e+002	-1.212925e+002
1.022262e+002	-1.119068e+002
1.023828e+002	-1.105292e+002
1.020374e+002	-1.291721e+002
1.020769e+002	-1.324660e+002
1.020159e+002	-1.397640e+002
1.022227e+002	-1.363844e+002
1.027977e+002	-1.183231e+002
1.031551e+002	-1.089373e+002
1.031277e+002	-1.149006e+002
1.029831e+002	-1.255353e+002
1.031062e+002	-1.254924e+002
1.035306e+002	-1.134373e+002
1.044067e+002	-8.336366e+001
1.050988e+002	-6.063087e+001
1.055734e+002	-4.657360e+001
1.057133e+002	-4.586342e+001
1.058364e+002	-4.582057e+001
1.058759e+002	-4.911440e+001
1.053966e+002	-7.309617e+001
1.053357e+002	-8.039423e+001
1.055592e+002	-7.634725e+001
1.059334e+002	-6.629407e+001
1.063075e+002	-5.624100e+001
1.065980e+002	-4.952463e+001
1.067044e+002	-5.014907e+001
1.069782e+002	-4.410010e+001
1.071013e+002	-4.405724e+001
1.071910e+002	-4.534908e+001
1.071803e+002	-5.064502e+001
1.072030e+002	-5.460626e+001
1.071086e+002	-6.323890e+001
1.072485e+002	-6.252875e+001
1.074888e+002	-5.781437e+001
1.079968e+002	-4.242250e+001
1.081702e+002	-4.037753e+001
1.081092e+002	-4.767559e+001
1.080316e+002	-5.564093e+001
1.077531e+002	-7.161449e+001
1.075081e+002	-8.625334e+001
1.080663e+002	-6.885936e+001
1.084405e+002	-5.880617e+001
1.085804e+002	-5.809602e+001
1.089713e+002	-4.737554e+001
1.090777e+002	-4.799997e+001
1.089833e+002	-5.663273e+001
1.092068e+002	-5.258576e+001
1.096312e+002	-4.053059e+001
1.095870e+002	-4.716123e+001
1.096767e+002	-4.845306e+001
1.096325e+002	-5.508371e+001
1.098728e+002	-5.036934e+001
1.099624e+002	-5.166118e+001
1.102362e+002	-4.561222e+001
1.107777e+002	-2.888553e+001
1.107000e+002	-3.685087e+001
1.101371e+002	-6.416945e+001
1.099590e+002	-7.613890e+001
1.101658e+002	-7.275922e+001
1.106237e+002	-5.936934e+001
1.109309e+002	-5.198568e+001
1.110373e+002	-5.261010e+001
1.112943e+002	-4.722844e+001
1.113505e+002	-4.985498e+001
1.112896e+002	-5.715304e+001
1.115968e+002	-4.976927e+001
1.119877e+002	-3.904878e+001
1.119770e+002	-4.434473e+001
1.121838e+002	-4.096517e+001
1.126751e+002	-2.624058e+001
1.130827e+002	-1.485270e+001
1.133230e+002	-1.013845e+001
1.130612e+002	-2.544459e+001
1.123644e+002	-5.810198e+001
1.125378e+002	-5.605701e+001
1.131964e+002	-3.465891e+001
1.132861e+002	-3.595075e+001
1.134594e+002	-3.390589e+001
1.136997e+002	-2.919152e+001
1.138229e+002	-2.914866e+001
1.132934e+002	-5.513253e+001
1.129480e+002	-7.377549e+001
1.129205e+002	-7.973874e+001
1.132110e+002	-7.302236e+001
1.134346e+002	-6.897539e+001
1.133904e+002	-7.560604e+001
1.137478e+002	-6.622026e+001
1.139881e+002	-6.150599e+001
1.143288e+002	-5.278752e+001
1.147196e+002	-4.206705e+001
1.144914e+002	-5.603860e+001
1.143468e+002	-6.667335e+001
1.146875e+002	-5.795488e+001
1.151955e+002	-4.256300e+001
1.151513e+002	-4.919365e+001
1.152577e+002	-4.981808e+001
1.150797e+002	-6.178752e+001
1.147343e+002	-8.043050e+001
1.149243e+002	-7.771822e+001
1.153152e+002	-6.699775e+001
1.154216e+002	-6.762229e+001
1.158627e+002	-5.489971e+001
1.160361e+002	-5.285485e+001
1.160588e+002	-5.681609e+001
1.158640e+002	-6.945283e+001
1.158198e+002	-7.608348e+001
1.160601e+002	-7.136922e+001
1.166016e+002	-5.464253e+001
1.166243e+002	-5.860377e+001
1.161785e+002	-8.125084e+001
1.159001e+002	-9.722440e+001
1.159061e+002	-1.018531e+002
1.164141e+002	-8.646105e+001
1.171899e+002	-6.039157e+001
1.171624e+002	-6.635480e+001
1.170680e+002	-7.498756e+001
1.172748e+002	-7.160789e+001
1.178833e+002	-5.221190e+001
1.182741e+002	-4.149143e+001
1.181798e+002	-5.012407e+001
1.182192e+002	-5.341802e+001
1.182922e+002	-5.537716e+001
1.183149e+002	-5.933840e+001
1.184046e+002	-6.063024e+001
1.184273e+002	-6.459148e+001
1.183497e+002	-7.255683e+001
1.186736e+002	-6.450575e+001
1.189641e+002	-5.778938e+001
1.187526e+002	-7.109354e+001
1.187586e+002	-7.572219e+001
1.190491e+002	-6.900581e+001
1.192224e+002	-6.696085e+001
1.190276e+002	-7.959770e+001
1.188830e+002	-9.023245e+001
1.190564e+002	-8.818748e+001
1.195811e+002	-7.212820e+001
1.197880e+002	-6.874864e+001
1.195095e+002	-8.472219e+001
1.195490e+002	-8.801603e+001
1.198897e+002	-7.929767e+001
1.204479e+002	-6.190368e+001
1.207049e+002	-5.652201e+001
1.207946e+002	-5.781384e+001
1.211018e+002	-5.043006e+001
1.211580e+002	-5.305661e+001
1.209130e+002	-6.769546e+001
1.205341e+002	-8.767313e+001
1.203059e+002	-1.016447e+002
1.202617e+002	-1.082753e+002
1.207028e+002	-9.555275e+001
1.211439e+002	-8.283028e+001
1.211666e+002	-8.679152e+001
1.213567e+002	-8.407926e+001
1.217978e+002	-7.135667e+001
1.223895e+002	-5.262798e+001
1.222783e+002	-6.192803e+001
1.219329e+002	-8.057099e+001
1.218720e+002	-8.786904e+001
1.220956e+002	-8.382207e+001
1.222020e+002	-8.444651e+001
1.220239e+002	-9.641596e+001
1.222809e+002	-9.103430e+001
1.226049e+002	-8.298322e+001
1.225105e+002	-9.161596e+001
1.224830e+002	-9.757920e+001
1.229241e+002	-8.485674e+001
1.231142e+002	-8.214447e+001
1.228357e+002	-9.811803e+001
1.225740e+002	-1.134242e+002
1.227641e+002	-1.107119e+002
1.231382e+002	-1.006588e+002
1.234789e+002	-9.194036e+001
1.232507e+002	-1.059119e+002
1.230726e+002	-1.178814e+002
1.235472e+002	-1.038241e+002
1.243229e+002	-7.775460e+001
1.245799e+002	-7.237293e+001
1.240839e+002	-9.702199e+001
1.237887e+002	-1.136630e+002
1.237111e+002	-1.216283e+002
1.239012e+002	-1.189160e+002
1.246434e+002	-9.418114e+001
1.251682e+002	-7.812185e+001
1.250069e+002	-8.942402e+001
1.247953e+002	-1.027282e+002
1.248683e+002	-1.046873e+002
1.251086e+002	-9.997304e+001
1.252150e+002	-1.005975e+002
1.254218e+002	-9.721791e+001
1.254948e+002	-9.917703e+001
1.252163e+002	-1.151506e+002
1.251721e+002	-1.217812e+002
1.254626e+002	-1.150649e+002
1.257029e+002	-1.103506e+002
1.260268e+002	-1.022995e+002
1.264679e+002	-8.957696e+001
1.266078e+002	-8.886680e+001
1.262791e+002	-1.068423e+002
1.258668e+002	-1.281547e+002
1.258895e+002	-1.321160e+002
1.259123e+002	-1.360772e+002
1.259183e+002	-1.407058e+002
1.261418e+002	-1.366589e+002
1.266498e+002	-1.212669e+002
1.271077e+002	-1.078770e+002
1.270802e+002	-1.138404e+002
1.271699e+002	-1.151322e+002
1.273767e+002	-1.117525e+002
1.272656e+002	-1.210526e+002
1.274556e+002	-1.183403e+002
1.276123e+002	-1.169627e+002
1.273673e+002	-1.316016e+002
1.272561e+002	-1.409017e+002
1.271618e+002	-1.495344e+002
1.271678e+002	-1.541629e+002
1.275084e+002	-1.454446e+002
1.279328e+002	-1.333894e+002
1.283404e+002	-1.220015e+002
1.284803e+002	-1.212914e+002
1.283692e+002	-1.305914e+002
1.284756e+002	-1.312158e+002
1.287159e+002	-1.265016e+002
1.291235e+002	-1.151137e+002
1.291462e+002	-1.190749e+002
1.293363e+002	-1.163627e+002
1.302292e+002	-8.562167e+001
1.313564e+002	-4.553776e+001
1.319481e+002	-2.680907e+001
1.322386e+002	-2.009270e+001
1.322278e+002	-2.538865e+001
1.323342e+002	-2.601319e+001
1.323402e+002	-3.064173e+001
1.323965e+002	-3.326827e+001
1.331388e+002	-8.533485e+000
1.335296e+002	2.186986e+000
1.334520e+002	-5.778353e+000
1.334245e+002	-1.174159e+001
1.336983e+002	-5.692624e+000
1.337043e+002	-1.032116e+001
1.336266e+002	-1.828652e+001
1.338334e+002	-1.490695e+001
1.341239e+002	-8.190578e+000
1.342973e+002	-6.145606e+000
1.345710e+002	-9.664083e-002
1.347778e+002	3.283023e+000
1.348675e+002	1.991181e+000
1.347899e+002	-5.974158e+000
1.345449e+002	-2.061301e+001
1.345174e+002	-2.657636e+001
1.343059e+002	-3.988052e+001
1.343788e+002	-4.183965e+001
1.346191e+002	-3.712538e+001
1.350937e+002	-2.306810e+001
1.354176e+002	-1.501703e+001
1.354069e+002	-2.031298e+001
1.352790e+002	-3.028043e+001
1.358205e+002	-1.355374e+001
1.361779e+002	-4.167962e+000
1.362843e+002	-4.792513e+000
1.364075e+002	-4.749644e+000
1.365641e+002	-3.372083e+000
1.367876e+002	6.748708e-001
1.369443e+002	2.052442e+000
1.367997e+002	-8.582300e+000
1.365045e+002	-2.522316e+001
1.367448e+002	-2.050889e+001
1.376711e+002	1.156680e+001
1.380285e+002	2.095258e+001
1.375995e+002	-1.027074e+000
1.376557e+002	-3.653607e+000
1.377119e+002	-6.280150e+000
1.379187e+002	-2.900588e+000
1.376904e+002	-1.687204e+001
1.378471e+002	-1.549447e+001
1.379702e+002	-1.545161e+001
1.380766e+002	-1.607615e+001
1.385846e+002	-6.841675e-001
1.392600e+002	2.138120e+001
1.388644e+002	7.362429e-001
1.387533e+002	-8.563788e+000
1.392613e+002	6.828078e+000
1.396187e+002	1.621385e+001
1.398757e+002	2.159552e+001
1.400156e+002	2.230578e+001
1.401053e+002	2.101395e+001
1.400276e+002	1.304860e+001
1.399165e+002	3.748552e+000
1.397384e+002	-8.220891e+000
1.397612e+002	-1.218214e+001
1.400015e+002	-7.467872e+000
1.399071e+002	-1.610051e+001
1.400302e+002	-1.605765e+001
1.403709e+002	-7.339283e+000
1.409793e+002	1.205680e+001
1.411694e+002	1.476907e+001
1.409579e+002	1.464915e+000
1.409304e+002	-4.498422e+000
1.410536e+002	-4.455563e+000
1.411767e+002	-4.412703e+000
1.414672e+002	2.303664e+000
1.416907e+002	6.350627e+000
1.416131e+002	-1.614712e+000
1.417697e+002	-2.371506e-001
1.416251e+002	-1.087189e+001
1.413299e+002	-2.751275e+001
1.419216e+002	-8.784060e+000
1.422623e+002	-6.569235e-002
1.424189e+002	1.311858e+000
1.431277e+002	2.471206e+001
1.433345e+002	2.809162e+001
1.429724e+002	8.781365e+000
1.429784e+002	4.152719e+000
1.429175e+002	-3.145218e+000
1.427729e+002	-1.377997e+001
1.426618e+002	-2.308002e+001
1.429523e+002	-1.636364e+001
1.432093e+002	-1.098198e+001
1.436504e+002	1.740494e+000
1.437233e+002	-2.186380e-001
1.434783e+002	-1.485749e+001
1.434676e+002	-2.015344e+001
1.436911e+002	-1.610647e+001
1.438143e+002	-1.606361e+001
1.438538e+002	-1.935755e+001
1.439434e+002	-2.064939e+001
1.442841e+002	-1.193090e+001
1.445579e+002	-5.881949e+000
1.447312e+002	-3.836976e+000
1.449380e+002	-4.574138e-001
1.450444e+002	-1.081844e+000
1.451174e+002	-3.041088e+000
1.452740e+002	-1.663527e+000
1.456147e+002	7.054943e+000
1.457044e+002	5.763101e+000
1.454092e+002	-1.087785e+001
1.453817e+002	-1.684109e+001
1.456053e+002	-1.279412e+001
1.456615e+002	-1.542066e+001
1.457010e+002	-1.871461e+001
1.459747e+002	-1.266553e+001
1.460644e+002	-1.395737e+001
1.459867e+002	-2.192272e+001
1.462939e+002	-1.453906e+001
1.466513e+002	-5.153276e+000
1.466741e+002	-9.114521e+000
1.465797e+002	-1.774716e+001
1.470208e+002	-5.024688e+000
1.473447e+002	3.026370e+000
1.471667e+002	-8.943073e+000
1.472898e+002	-8.900213e+000
1.474464e+002	-7.522642e+000
1.475696e+002	-7.479782e+000
1.476927e+002	-7.436913e+000
1.478661e+002	-5.391941e+000
1.481064e+002	-6.776871e-001
1.482295e+002	-6.348275e-001
1.481686e+002	-7.932755e+000
1.483252e+002	-6.555194e+000
1.484818e+002	-5.177633e+000
1.487723e+002	1.538723e+000
1.489624e+002	4.250996e+000
1.488345e+002	-5.716456e+000
1.485560e+002	-2.169001e+001
1.486290e+002	-2.364915e+001
1.487856e+002	-2.227157e+001
1.490594e+002	-1.622262e+001
1.494837e+002	-4.167437e+000
1.498746e+002	6.553034e+000
1.497467e+002	-3.414306e+000
1.494181e+002	-2.138997e+001
1.494910e+002	-2.334911e+001
1.500158e+002	-7.289822e+000
1.506242e+002	1.210615e+001
1.507641e+002	1.281642e+001
1.504187e+002	-5.826532e+000
1.501402e+002	-2.180009e+001
1.500793e+002	-2.909814e+001
1.502861e+002	-2.571847e+001
1.507105e+002	-1.366329e+001
1.509507e+002	-8.949028e+000
1.511408e+002	-6.236756e+000
1.514648e+002	1.814302e+000
1.516214e+002	3.191863e+000
1.514433e+002	-8.777570e+000
1.512987e+002	-1.941232e+001
1.513884e+002	-2.070416e+001
1.514111e+002	-2.466541e+001
1.514674e+002	-2.729194e+001
1.519252e+002	-1.390207e+001
1.522491e+002	-5.851000e+000
1.522049e+002	-1.248165e+001
1.521775e+002	-1.844488e+001
1.526353e+002	-5.055000e+000
1.532270e+002	1.367367e+001
1.534338e+002	1.705323e+001
1.532055e+002	3.081787e+000
1.529438e+002	-1.222447e+001
1.531172e+002	-1.017950e+001
1.537089e+002	8.549181e+000
1.541667e+002	2.193905e+001
1.539217e+002	7.300209e+000
1.535595e+002	-1.201015e+001
1.535823e+002	-1.597139e+001
1.536050e+002	-1.993263e+001
1.535274e+002	-2.789798e+001
1.537844e+002	-2.251632e+001
1.537067e+002	-3.048167e+001
1.537797e+002	-3.244080e+001
1.543379e+002	-1.504681e+001
1.548627e+002	1.012458e+000
1.551029e+002	5.726722e+000
1.553600e+002	1.110840e+001
1.557341e+002	2.116158e+001
1.560413e+002	2.854523e+001
1.558967e+002	1.791049e+001
1.554509e+002	-4.736562e+000
1.554235e+002	-1.069981e+001
1.555299e+002	-1.132435e+001
1.557032e+002	-9.279378e+000
1.560774e+002	7.736818e-001
1.563511e+002	6.822759e+000
1.562233e+002	-3.144683e+000
1.561456e+002	-1.111003e+001
1.563524e+002	-7.730359e+000
1.563752e+002	-1.169160e+001
1.564648e+002	-1.298345e+001
1.564039e+002	-2.028149e+001
1.562259e+002	-3.225095e+001
1.562653e+002	-3.554478e+001
1.563885e+002	-3.550192e+001
1.568965e+002	-2.011005e+001
1.572205e+002	-1.205897e+001
1.575277e+002	-4.675190e+000
1.579186e+002	6.045271e+000
1.578744e+002	-5.853665e-001
1.575122e+002	-1.989573e+001
1.573844e+002	-2.986307e+001
1.576749e+002	-2.314670e+001
1.580825e+002	-1.175893e+001
1.582726e+002	-9.046669e+000
1.583790e+002	-9.671099e+000
1.583180e+002	-1.696915e+001
1.584747e+002	-1.559159e+001
1.585811e+002	-1.621602e+001
1.585202e+002	-2.351407e+001
1.588608e+002	-1.479560e+001
1.593019e+002	-2.073114e+000
1.596761e+002	7.980056e+000
1.596988e+002	4.018811e+000
1.593367e+002	-1.529155e+001
1.591084e+002	-2.926299e+001
1.591814e+002	-3.122224e+001
1.594049e+002	-2.717527e+001
1.598125e+002	-1.578739e+001
1.600361e+002	-1.174043e+001
1.599417e+002	-2.037318e+001
1.600146e+002	-2.233231e+001
1.605227e+002	-6.940435e+000
1.607797e+002	-1.558770e+000
1.605849e+002	-1.419551e+001
1.605574e+002	-2.015886e+001
1.609650e+002	-8.770979e+000
1.610882e+002	-8.728119e+000
1.614289e+002	-9.750893e-003
1.620708e+002	2.072103e+001
1.622274e+002	2.209860e+001
1.619991e+002	8.127036e+000
1.618378e+002	-3.174996e+000
1.617099e+002	-1.314245e+001
1.619335e+002	-9.095483e+000
1.623578e+002	2.959689e+000
1.625479e+002	5.671951e+000
1.628049e+002	1.105362e+001
1.629783e+002	1.309859e+001
1.626831e+002	-3.542370e+000
1.625217e+002	-1.484441e+001
1.624943e+002	-2.080776e+001
1.627680e+002	-1.475868e+001
1.633597e+002	3.969986e+000
1.637339e+002	1.402307e+001
1.639407e+002	1.740273e+001
1.639132e+002	1.143938e+001
1.639193e+002	6.810847e+000
1.637914e+002	-3.156604e+000
1.636970e+002	-1.178924e+001
1.637532e+002	-1.441579e+001
1.638094e+002	-1.704232e+001
1.638991e+002	-1.833416e+001
1.642900e+002	-7.613691e+000
1.647478e+002	5.776182e+000
1.650216e+002	1.182515e+001
1.649439e+002	3.859799e+000
1.653180e+002	1.391298e+001
1.655081e+002	1.662525e+001
1.651460e+002	-2.685109e+000
1.649679e+002	-1.465456e+001
1.651413e+002	-1.260959e+001
1.654318e+002	-5.893224e+000
1.654545e+002	-9.854468e+000
1.655944e+002	-9.144298e+000
1.658514e+002	-3.762633e+000
1.657235e+002	-1.372997e+001
1.658467e+002	-1.368711e+001
1.662041e+002	-4.301335e+000
1.666954e+002	1.042323e+001
1.667851e+002	9.131388e+000
1.665401e+002	-5.507458e+000
1.663788e+002	-1.680961e+001
1.663513e+002	-2.277286e+001
1.665916e+002	-1.805859e+001
1.670661e+002	-4.001298e+000
1.673566e+002	2.715058e+000
1.672622e+002	-5.917682e+000
1.671678e+002	-1.455033e+001
1.672742e+002	-1.517487e+001
1.672970e+002	-1.913611e+001
1.674871e+002	-1.642384e+001
1.676437e+002	-1.504628e+001
1.677334e+002	-1.633811e+001
1.680406e+002	-8.954348e+000
1.685988e+002	8.439630e+000
1.688893e+002	1.515601e+001
1.686945e+002	2.519142e+000
1.685332e+002	-8.782900e+000
1.687734e+002	-4.068636e+000
1.693651e+002	1.466004e+001
1.699401e+002	3.272143e+001
1.699294e+002	2.742549e+001
1.695170e+002	6.113123e+000
1.694728e+002	-5.175039e-001
1.693617e+002	-9.817554e+000
1.692506e+002	-1.911761e+001
1.692231e+002	-2.508095e+001
1.694300e+002	-2.170129e+001
1.698208e+002	-1.098081e+001
1.701113e+002	-4.264431e+000
1.698998e+002	-1.756859e+001
1.701233e+002	-1.352162e+001
1.706146e+002	1.202953e+000
1.709218e+002	8.586620e+000
1.711789e+002	1.396828e+001
1.712351e+002	1.134174e+001
1.712578e+002	7.380497e+000
1.711801e+002	-5.848315e-001
1.710858e+002	-9.217481e+000
1.712591e+002	-7.172620e+000
1.714157e+002	-5.795058e+000
1.717731e+002	3.590711e+000
1.722979e+002	1.965000e+001
1.722035e+002	1.101736e+001
1.719585e+002	-3.621498e+000
1.722322e+002	2.427458e+000
1.724223e+002	5.139730e+000
1.726961e+002	1.118881e+001
1.728527e+002	1.256637e+001
1.725575e+002	-4.074581e+000
1.723460e+002	-1.737874e+001
1.725695e+002	-1.333177e+001
1.730273e+002	5.809150e-002
1.736023e+002	1.811949e+001
1.735916e+002	1.282354e+001
1.735976e+002	8.194888e+000
1.737375e+002	8.905169e+000
1.736598e+002	9.398205e-001
1.735319e+002	-9.027631e+000
1.734710e+002	-1.632557e+001
1.734101e+002	-2.362362e+001
1.736002e+002	-2.091135e+001
1.739241e+002	-1.286029e+001
1.739636e+002	-1.615412e+001
1.740533e+002	-1.744596e+001
1.746784e+002	2.617418e+000
1.750526e+002	1.267049e+001
1.752427e+002	1.538276e+001
1.755164e+002	2.143183e+001
1.751041e+002	1.194636e-001
1.746416e+002	-2.319499e+001
1.747814e+002	-2.248472e+001
1.752225e+002	-9.762248e+000
1.757975e+002	8.299130e+000
1.762386e+002	2.102160e+001
1.761776e+002	1.372367e+001
1.760832e+002	5.090905e+000
1.760893e+002	4.623700e-001
1.761622e+002	-1.496863e+000
1.763523e+002	1.215389e+000
1.762746e+002	-6.749950e+000
1.765149e+002	-2.035575e+000
1.768054e+002	4.680792e+000
1.769955e+002	7.393054e+000
1.768509e+002	-3.241687e+000
1.770075e+002	-1.864116e+000
1.772645e+002	3.517539e+000
1.775550e+002	1.023392e+001
1.775275e+002	4.270558e+000
1.772491e+002	-1.170299e+001
1.775898e+002	-2.984510e+000
1.782819e+002	1.974827e+001
1.783548e+002	1.778902e+001
1.780763e+002	1.815473e+000
1.784505e+002	1.186865e+001
1.784398e+002	6.572708e+000
1.781780e+002	-8.733549e+000
1.784853e+002	-1.349772e+000
1.792108e+002	2.271771e+001
1.793340e+002	2.276057e+001
1.794738e+002	2.347073e+001
1.796806e+002	2.685041e+001
1.798875e+002	3.022997e+001
1.796425e+002	1.559111e+001
1.797154e+002	1.363198e+001
1.799557e+002	1.834624e+001
1.804470e+002	3.307082e+001
1.807375e+002	3.978719e+001
1.806263e+002	3.048714e+001
1.805487e+002	2.252180e+001
1.803372e+002	9.217642e+000
1.803599e+002	5.256397e+000
1.804830e+002	5.299267e+000
1.806396e+002	6.676828e+000
1.806959e+002	4.050295e+000
1.806851e+002	-1.245641e+000
1.807748e+002	-2.537483e+000
1.810486e+002	3.511583e+000
1.812386e+002	6.223846e+000
1.813618e+002	6.266715e+000
1.812841e+002	-1.698634e+000
1.814073e+002	-1.655764e+000
1.818149e+002	9.731996e+000
1.819046e+002	8.440155e+000
1.815759e+002	-9.535384e+000
1.814313e+002	-2.017014e+001
1.816883e+002	-1.478847e+001
1.821964e+002	6.033946e-001
1.826542e+002	1.399328e+001
1.825096e+002	3.358527e+000
1.823483e+002	-7.943505e+000
1.825383e+002	-5.231243e+000
1.828958e+002	4.154527e+000
1.832532e+002	1.354030e+001
1.832090e+002	6.909658e+000
1.829640e+002	-7.729197e+000
1.827190e+002	-2.236805e+001
1.826748e+002	-2.899869e+001
1.828147e+002	-2.828854e+001
1.834398e+002	-8.225151e+000
1.840148e+002	9.836239e+000
1.840877e+002	7.876986e+000
1.839097e+002	-4.092458e+000
1.838488e+002	-1.139040e+001
1.842898e+002	1.332067e+000
1.845971e+002	8.715845e+000
1.849377e+002	1.743421e+001
1.849940e+002	1.480767e+001
1.849330e+002	7.509732e+000
1.848554e+002	-4.556070e-001
1.850622e+002	2.923946e+000
1.850849e+002	-1.037289e+000
1.852415e+002	3.402718e-001
1.857328e+002	1.506485e+001
1.859564e+002	1.911182e+001
1.862636e+002	2.649560e+001
1.862361e+002	2.053224e+001
1.861585e+002	1.256689e+001
1.858968e+002	-2.739244e+000
1.855012e+002	-2.338431e+001
1.858586e+002	-1.399854e+001
1.863499e+002	7.260378e-001
1.866403e+002	7.442404e+000
1.868806e+002	1.215678e+001
1.868030e+002	4.191430e+000
1.869428e+002	4.901590e+000
1.870158e+002	2.942458e+000
1.869214e+002	-5.690292e+000
1.873625e+002	7.032281e+000
1.882219e+002	3.643858e+001
1.882949e+002	3.447934e+001
1.879662e+002	1.650379e+001
1.880057e+002	1.320984e+001
1.881958e+002	1.592210e+001
1.883022e+002	1.529767e+001
1.884755e+002	1.734253e+001
1.883142e+002	6.040486e+000
1.885712e+002	1.142215e+001
1.888951e+002	1.947323e+001
1.888008e+002	1.084047e+001
1.887064e+002	2.207830e+000
1.885450e+002	-9.094313e+000
1.886180e+002	-1.105346e+001
1.886742e+002	-1.367999e+001
1.889814e+002	-6.296321e+000
1.893388e+002	3.089438e+000
1.894954e+002	4.467009e+000
1.894680e+002	-1.496227e+000
1.892732e+002	-1.413308e+001
1.892959e+002	-1.809433e+001
1.894358e+002	-1.738406e+001
1.897598e+002	-9.332988e+000
1.900001e+002	-4.618723e+000
1.899893e+002	-9.914670e+000
1.903133e+002	-1.863592e+000
1.904364e+002	-1.820732e+000
1.907938e+002	7.565037e+000
1.912015e+002	1.895292e+001
1.910736e+002	8.985458e+000
1.910963e+002	5.024223e+000
1.910522e+002	-1.606414e+000
1.909243e+002	-1.157376e+001
1.906793e+002	-2.621261e+001
1.907188e+002	-2.950656e+001
1.909925e+002	-2.345749e+001
1.914001e+002	-1.206972e+001
1.920253e+002	7.993663e+000
1.922154e+002	1.070592e+001
1.921879e+002	4.742689e+000
1.918425e+002	-1.390026e+001
1.917816e+002	-2.119831e+001
1.920554e+002	-1.514923e+001
1.925466e+002	-4.246585e-001
1.925526e+002	-5.053304e+000
1.921570e+002	-2.569827e+001
1.924977e+002	-1.697990e+001
1.927715e+002	-1.093082e+001
1.927273e+002	-1.756146e+001
1.926664e+002	-2.485952e+001
1.928899e+002	-2.081254e+001
1.932808e+002	-1.009207e+001
1.937051e+002	1.963089e+000
1.934602e+002	-1.267575e+001
1.932319e+002	-2.664720e+001
1.935726e+002	-1.792883e+001
1.938631e+002	-1.121246e+001
1.938021e+002	-1.851041e+001
1.940257e+002	-1.446343e+001
1.946676e+002	6.267240e+000
1.947238e+002	3.640697e+000
1.950310e+002	1.102447e+001
1.951374e+002	1.039993e+001
1.950263e+002	1.099883e+000
1.948817e+002	-9.534859e+000
1.950885e+002	-6.155185e+000
1.955129e+002	5.899987e+000
1.955356e+002	1.938742e+000
1.952069e+002	-1.603692e+001
1.953468e+002	-1.532665e+001
1.958548e+002	6.521793e-002
1.958608e+002	-4.563307e+000
1.960509e+002	-1.851044e+000
1.963581e+002	5.532612e+000
1.964646e+002	4.908182e+000
1.967048e+002	9.622445e+000
1.969117e+002	1.300212e+001
1.969511e+002	9.708174e+000
1.967731e+002	-2.261268e+000
1.965950e+002	-1.423072e+001
1.964672e+002	-2.419806e+001
1.968413e+002	-1.414499e+001
1.976840e+002	1.459400e+001
1.982924e+002	3.398998e+001
1.982148e+002	2.602463e+001
1.979363e+002	1.005107e+001
1.978586e+002	2.085732e+000
1.978647e+002	-2.542803e+000
1.982555e+002	8.177668e+000
1.986464e+002	1.889814e+001
1.986357e+002	1.360219e+001
1.982568e+002	-6.375459e+000
1.980453e+002	-1.967961e+001
1.987541e+002	3.720471e+000
1.991618e+002	1.510835e+001
1.991176e+002	8.477705e+000
1.991236e+002	3.849059e+000
1.994141e+002	1.056543e+001
1.996376e+002	1.461239e+001
1.995265e+002	5.312349e+000
1.994321e+002	-3.320290e+000
1.993210e+002	-1.262033e+001
1.993604e+002	-1.591429e+001
1.997011e+002	-7.195806e+000
1.999749e+002	-1.146840e+000
1.999976e+002	-5.108075e+000
2.001375e+002	-4.397814e+000
2.003610e+002	-3.508505e-001
2.004842e+002	-3.079809e-001
2.008249e+002	8.410377e+000
2.012325e+002	1.979826e+001
2.012385e+002	1.516961e+001
2.010437e+002	2.532860e+000
2.014179e+002	1.258593e+001
2.015410e+002	1.262879e+001
2.014634e+002	4.663450e+000
2.013857e+002	-3.301888e+000
2.018100e+002	8.753284e+000
2.020838e+002	1.480235e+001
2.021567e+002	1.284311e+001
2.021125e+002	6.212469e+000
2.018174e+002	-1.042838e+001
2.015222e+002	-2.706935e+001
2.017624e+002	-2.235497e+001
2.019023e+002	-2.164481e+001
2.019418e+002	-2.493864e+001
2.022992e+002	-1.555288e+001
2.026064e+002	-8.169209e+000
2.030141e+002	3.218663e+000
2.034551e+002	1.594114e+001
2.035448e+002	1.464930e+001
2.033333e+002	1.345149e+000
2.037744e+002	1.406773e+001
2.039812e+002	1.744730e+001
2.036860e+002	8.064372e-001
2.034075e+002	-1.516711e+001
2.038821e+002	-1.109926e+000
2.043566e+002	1.294734e+001
2.043124e+002	6.316691e+000
2.041511e+002	-4.985452e+000
2.040902e+002	-1.228339e+001
2.044476e+002	-2.897620e+000
2.047214e+002	3.151335e+000
2.050286e+002	1.053511e+001
2.051517e+002	1.057798e+001
2.051745e+002	6.616738e+000
2.050968e+002	-1.348601e+000
2.051698e+002	-3.307844e+000
2.052762e+002	-3.932285e+000
2.054328e+002	-2.554714e+000
2.056563e+002	1.492240e+000
2.058966e+002	6.206504e+000
2.061034e+002	9.586177e+000
2.063437e+002	1.430044e+001
2.060987e+002	-3.384044e-001
2.059206e+002	-1.230786e+001
2.060605e+002	-1.159759e+001
2.068530e+002	1.513930e+001
2.073276e+002	2.919648e+001
2.073671e+002	2.590264e+001
2.068543e+002	5.861740e-001
2.066763e+002	-1.138327e+001
2.068831e+002	-8.003706e+000
2.069895e+002	-8.628147e+000
2.070290e+002	-1.192209e+001
2.076206e+002	6.806587e+000
2.082458e+002	2.686998e+001
2.082016e+002	2.023933e+001
2.079734e+002	6.267876e+000
2.077284e+002	-8.370970e+000
2.078850e+002	-6.993399e+000
2.080583e+002	-4.948538e+000
2.084157e+002	4.437221e+000
2.087732e+002	1.382300e+001
2.087122e+002	6.525053e+000
2.084840e+002	-7.446492e+000
2.087577e+002	-1.397416e+000
2.088976e+002	-6.872663e-001
2.088199e+002	-8.652615e+000
2.090602e+002	-3.938240e+000
2.094511e+002	6.782231e+000
2.098420e+002	1.750270e+001
2.097978e+002	1.087206e+001
2.094189e+002	-9.105597e+000
2.093747e+002	-1.573625e+001
2.102007e+002	1.233534e+001
2.104242e+002	1.638231e+001
2.098780e+002	-1.026885e+001
2.100012e+002	-1.022599e+001
2.101243e+002	-1.018312e+001
2.101638e+002	-1.347708e+001
2.103539e+002	-1.076480e+001
2.105774e+002	-6.717840e+000
2.105834e+002	-1.134638e+001
2.104890e+002	-1.997913e+001
2.107962e+002	-1.259536e+001
2.113043e+002	2.796508e+000
2.113270e+002	-1.164717e+000
2.113999e+002	-3.123859e+000
2.115900e+002	-4.115866e-001
2.117968e+002	2.967956e+000
2.120538e+002	8.349621e+000
2.122607e+002	1.172929e+001
2.126850e+002	2.378448e+001
2.129755e+002	3.050084e+001
2.133162e+002	3.921921e+001
2.134728e+002	4.059677e+001
2.129433e+002	1.461302e+001
2.127485e+002	1.976161e+000
2.125872e+002	-9.325881e+000
2.125597e+002	-1.528924e+001
2.126996e+002	-1.457897e+001
2.129566e+002	-9.197303e+000
2.134646e+002	6.194573e+000
2.136882e+002	1.024154e+001
2.136942e+002	5.613001e+000
2.137504e+002	2.986458e+000
2.137731e+002	-9.747764e-001
2.134445e+002	-1.895045e+001
2.135509e+002	-1.957488e+001
2.138916e+002	-1.085651e+001
2.138809e+002	-1.615245e+001
2.139036e+002	-2.011369e+001
2.142945e+002	-9.393219e+000
2.144846e+002	-6.680957e+000
2.147081e+002	-2.633983e+000
2.150488e+002	6.084476e+000
2.151385e+002	4.792635e+000
2.149771e+002	-6.509508e+000
2.151840e+002	-3.129835e+000
2.155414e+002	6.255935e+000
2.154470e+002	-2.376816e+000
2.152689e+002	-1.434627e+001
2.155427e+002	-8.297192e+000
2.156658e+002	-8.254333e+000
2.155212e+002	-1.888908e+001
2.154937e+002	-2.485243e+001
2.158177e+002	-1.680136e+001
2.162922e+002	-2.744079e+000
2.171182e+002	2.532751e+001
2.172581e+002	2.603767e+001
2.167119e+002	-6.134886e-001
2.165171e+002	-1.325024e+001
2.168410e+002	-5.199174e+000
2.170980e+002	1.824911e-001
2.173383e+002	4.896755e+000
2.175284e+002	7.609018e+000
2.173503e+002	-4.360416e+000
2.171054e+002	-1.899928e+001
2.172620e+002	-1.762172e+001
2.174855e+002	-1.357475e+001
2.182111e+002	1.049273e+001
2.187693e+002	2.788672e+001
2.186749e+002	1.925408e+001
2.184466e+002	5.282511e+000
2.185530e+002	4.658080e+000
2.186762e+002	4.700940e+000
2.188328e+002	6.078511e+000
2.191567e+002	1.412958e+001
2.189619e+002	1.492714e+000
2.188508e+002	-7.807326e+000
2.189405e+002	-9.099158e+000
2.190804e+002	-8.388887e+000
2.191701e+002	-9.680728e+000
2.193769e+002	-6.301166e+000
2.197343e+002	3.084593e+000
2.198240e+002	1.792751e+000
2.198969e+002	-1.663708e-001
2.203380e+002	1.255609e+001
2.206954e+002	2.194186e+001
2.206679e+002	1.597862e+001
2.202389e+002	-6.001129e+000
2.200273e+002	-1.930529e+001
2.205521e+002	-3.246008e+000
2.208593e+002	4.137750e+000
2.209323e+002	2.178517e+000
2.206371e+002	-1.446233e+001
2.202582e+002	-3.443999e+001
2.208499e+002	-1.571130e+001
2.214918e+002	5.019368e+000
2.220667e+002	2.308076e+001
2.224743e+002	3.446852e+001
2.224301e+002	2.783787e+001
2.220680e+002	8.527620e+000
2.219903e+002	5.622712e-001
2.219127e+002	-7.403057e+000
2.221530e+002	-2.688794e+000
2.226443e+002	1.203577e+001
2.226670e+002	8.074526e+000
2.223885e+002	-7.899021e+000
2.226455e+002	-2.517355e+000
2.230197e+002	7.535815e+000
2.232600e+002	1.225008e+001
2.235839e+002	2.030115e+001
2.235565e+002	1.433791e+001
2.233951e+002	3.035758e+000
2.234012e+002	-1.592767e+000
2.234406e+002	-4.886711e+000
2.239487e+002	1.050525e+001
2.244065e+002	2.389514e+001
2.243790e+002	1.793178e+001
2.242177e+002	6.629739e+000
2.246922e+002	2.068691e+001
2.250664e+002	3.074009e+001
2.247544e+002	1.343183e+001
2.243086e+002	-9.215220e+000
2.241641e+002	-1.984997e+001
2.246051e+002	-7.127499e+000
2.247785e+002	-5.082527e+000
2.253367e+002	1.231145e+001
2.251754e+002	1.009288e+000
2.249973e+002	-1.096015e+001
2.252209e+002	-6.913181e+000
2.250428e+002	-1.888264e+001
2.250823e+002	-2.217647e+001
2.253058e+002	-1.812950e+001
2.255628e+002	-1.274784e+001
2.255689e+002	-1.737649e+001
2.257757e+002	-1.399681e+001
2.263004e+002	2.062455e+000
2.264570e+002	3.440016e+000
2.266471e+002	6.152288e+000
2.268372e+002	8.864551e+000
2.268097e+002	2.901204e+000
2.268660e+002	2.746602e-001
2.268719e+002	-4.353874e+000
2.270453e+002	-2.309013e+000
2.271182e+002	-4.268145e+000
2.271912e+002	-6.227388e+000
2.274817e+002	4.889679e-001
2.276383e+002	1.866539e+000
2.274769e+002	-9.435503e+000
2.274495e+002	-1.539885e+001
2.273886e+002	-2.269680e+001
2.277293e+002	-1.397843e+001
2.281034e+002	-3.925249e+000
2.281763e+002	-5.884482e+000
2.280987e+002	-1.384984e+001
2.279374e+002	-2.515188e+001
2.280940e+002	-2.377431e+001
2.285518e+002	-1.038444e+001
2.294614e+002	2.102385e+001
2.295176e+002	1.839731e+001
2.293229e+002	5.760557e+000
2.295966e+002	1.180952e+001
2.300042e+002	2.319740e+001
2.299266e+002	1.523206e+001
2.295477e+002	-4.745596e+000
2.295537e+002	-9.374242e+000
2.294928e+002	-1.667218e+001
2.291976e+002	-3.331315e+001
2.293877e+002	-3.060088e+001
2.298455e+002	-1.721100e+001
2.302364e+002	-6.490521e+000
2.303428e+002	-7.114952e+000
2.304492e+002	-7.739503e+000
2.306392e+002	-5.027241e+000
2.307457e+002	-5.651682e+000
2.307684e+002	-9.612916e+000
2.308079e+002	-1.290687e+001
2.309143e+002	-1.353130e+001
2.310374e+002	-1.348843e+001
2.310769e+002	-1.678239e+001
2.309992e+002	-2.474773e+001
2.313734e+002	-1.469455e+001
2.320488e+002	7.370827e+000
2.325400e+002	2.209541e+001
2.323285e+002	8.791258e+000
2.320501e+002	-7.182289e+000
2.318051e+002	-2.182115e+001
2.320286e+002	-1.777418e+001
2.323024e+002	-1.172511e+001
2.322080e+002	-2.035787e+001
2.323144e+002	-2.098230e+001
2.322869e+002	-2.694564e+001
2.323599e+002	-2.890478e+001
2.326169e+002	-2.352311e+001
2.330078e+002	-1.280263e+001
2.331979e+002	-1.009037e+001
2.332708e+002	-1.204961e+001
2.334441e+002	-1.000464e+001
2.332828e+002	-2.130680e+001
2.333725e+002	-2.259863e+001
2.340144e+002	-1.867841e+000
2.342379e+002	2.179113e+000
2.339260e+002	-1.512914e+001
2.338651e+002	-2.242719e+001
2.344735e+002	-3.031094e+000
2.348476e+002	7.021955e+000
2.347365e+002	-2.278085e+000
2.349768e+002	2.436280e+000
2.350330e+002	-1.902434e-001
2.349721e+002	-7.488303e+000
2.348944e+002	-1.545365e+001
2.350510e+002	-1.407608e+001
2.354754e+002	-2.020908e+000
2.356822e+002	1.358756e+000
2.357384e+002	-1.267778e+000
2.359285e+002	1.444485e+000
2.361353e+002	4.824047e+000
2.361748e+002	1.530204e+000
2.364318e+002	6.911879e+000
2.365884e+002	8.289440e+000
2.364271e+002	-3.012703e+000
2.361988e+002	-1.698416e+001
2.362048e+002	-2.161280e+001
2.362778e+002	-2.357194e+001
2.364176e+002	-2.286178e+001
2.367416e+002	-1.481071e+001
2.369819e+002	-1.009633e+001
2.371887e+002	-6.716770e+000
2.376800e+002	8.007804e+000
2.378031e+002	8.050664e+000
2.378928e+002	6.758822e+000
2.379156e+002	2.797588e+000
2.378379e+002	-5.167751e+000
2.377435e+002	-1.380040e+001
2.378666e+002	-1.375754e+001
2.377890e+002	-2.172289e+001
