    nm         	pN
0.000000e+000	5.199849e+002
3.875427e-002	5.166622e+002
-7.033571e-002	5.074433e+002
-1.301317e-001	5.001903e+002
-1.406589e-001	4.949022e+002
-1.347668e-001	4.902689e+002
-1.617132e-001	4.843260e+002
-1.722389e-001	4.790380e+002
-1.663468e-001	4.744047e+002
-1.275926e-001	4.710820e+002
-6.707252e-003	4.710347e+002
-6.651511e-002	4.637812e+002
-4.419123e-002	4.598032e+002
6.027483e-002	4.591011e+002
4.662691e-004	4.518476e+002
8.850195e-002	4.504903e+002
1.765251e-001	4.491324e+002
1.659980e-001	4.438443e+002
1.062026e-001	4.365914e+002
-1.931774e-002	4.267173e+002
-4.626484e-002	4.207743e+002
-7.322167e-002	4.148310e+002
-1.001792e-001	4.088876e+002
-7.784558e-002	4.049100e+002
-5.552100e-002	4.009321e+002
3.251398e-002	3.995747e+002
8.768819e-002	3.969068e+002
1.100107e-001	3.929288e+002
2.144767e-001	3.922267e+002
1.546682e-001	3.849732e+002
1.441417e-001	3.796851e+002
1.993152e-001	3.770172e+002
1.559385e-001	3.704190e+002
1.454113e-001	3.651309e+002
1.020338e-001	3.585327e+002
1.243577e-001	3.545547e+002
1.302617e-001	3.499219e+002
2.347166e-001	3.492194e+002
3.063212e-001	3.472067e+002
3.286444e-001	3.432287e+002
3.838290e-001	3.405612e+002
2.583205e-001	3.306876e+002
2.149326e-001	3.240890e+002
3.358179e-001	3.240417e+002
3.910025e-001	3.213742e+002
2.983443e-001	3.128107e+002
2.713868e-001	3.068673e+002
3.265715e-001	3.041999e+002
4.474568e-001	3.041526e+002
4.040689e-001	2.975540e+002
3.771225e-001	2.916110e+002
3.830153e-001	2.869778e+002
3.396378e-001	2.803796e+002
3.126802e-001	2.744362e+002
2.693028e-001	2.678380e+002
3.080571e-001	2.645153e+002
3.796609e-001	2.625026e+002
4.019848e-001	2.585246e+002
2.929067e-001	2.493063e+002
2.987995e-001	2.446730e+002
3.868345e-001	2.433156e+002
3.598769e-001	2.373723e+002
4.150623e-001	2.347048e+002
4.045351e-001	2.294167e+002
3.775776e-001	2.234734e+002
6.791568e-001	2.306322e+002
7.671918e-001	2.292748e+002
8.387964e-001	2.272622e+002
9.432506e-001	2.265596e+002
9.327241e-001	2.212715e+002
8.729156e-001	2.140181e+002
8.623884e-001	2.087300e+002
8.518627e-001	2.034419e+002
8.741963e-001	1.994643e+002
7.979574e-001	1.915556e+002
7.217310e-001	1.836474e+002
7.112038e-001	1.783593e+002
6.513952e-001	1.711058e+002
6.244384e-001	1.651625e+002
7.617548e-001	1.657704e+002
8.169283e-001	1.631025e+002
8.228316e-001	1.584697e+002
8.615858e-001	1.551470e+002
9.167601e-001	1.524791e+002
9.226639e-001	1.478462e+002
8.957065e-001	1.419029e+002
9.344600e-001	1.385801e+002
9.075136e-001	1.326372e+002
1.110531e+000	1.358654e+002
1.132854e+000	1.318874e+002
1.188028e+000	1.292195e+002
1.308913e+000	1.291722e+002
1.166974e+000	1.186433e+002
1.287859e+000	1.185960e+002
1.458026e+000	1.205141e+002
1.529630e+000	1.185014e+002
1.535534e+000	1.138686e+002
1.541438e+000	1.092358e+002
1.547331e+000	1.046025e+002
1.388972e+000	9.341876e+001
1.329164e+000	8.616531e+001
1.269356e+000	7.891186e+001
1.357391e+000	7.755448e+001
1.478277e+000	7.750720e+001
1.533450e+000	7.483928e+001
1.785748e+000	8.003279e+001
2.021627e+000	8.457148e+001
2.011100e+000	7.928339e+001
1.885580e+000	6.940933e+001
1.990046e+000	6.870721e+001
2.176632e+000	7.128011e+001
2.149674e+000	6.533674e+001
2.106298e+000	5.873856e+001
2.062919e+000	5.214038e+001
2.003112e+000	4.488692e+001
1.943305e+000	3.763348e+001
2.064190e+000	3.758619e+001
2.185076e+000	3.753890e+001
2.338811e+000	3.880170e+001
2.131172e+000	2.565262e+001
1.923520e+000	1.250310e+001
1.912993e+000	7.215005e+000
2.017459e+000	6.512890e+000
2.154764e+000	7.120433e+000
2.127817e+000	1.177506e+000
2.199423e+000	-8.351246e-001
2.287457e+000	-2.192497e+000
2.244069e+000	-8.791127e+000
2.118560e+000	-1.866476e+001
2.140884e+000	-2.264276e+001
2.327481e+000	-2.006943e+001
2.399086e+000	-2.208208e+001
2.322847e+000	-2.999079e+001
2.213770e+000	-3.920916e+001
2.301793e+000	-4.056697e+001
2.439110e+000	-3.995900e+001
2.412152e+000	-4.590236e+001
2.335925e+000	-5.381064e+001
2.391098e+000	-5.647854e+001
2.298440e+000	-6.504209e+001
2.353625e+000	-6.770955e+001
2.458080e+000	-6.841212e+001
2.431133e+000	-7.435503e+001
2.469876e+000	-7.767820e+001
2.623622e+000	-7.641496e+001
2.744509e+000	-7.646225e+001
2.783262e+000	-7.978498e+001
2.805586e+000	-8.376298e+001
2.877190e+000	-8.577564e+001
2.899514e+000	-8.975364e+001
2.856137e+000	-9.635182e+001
2.960592e+000	-9.705438e+001
3.180038e+000	-9.317095e+001
3.251644e+000	-9.518359e+001
3.224697e+000	-1.011265e+002
3.132028e+000	-1.096905e+002
3.006519e+000	-1.195641e+002
3.028843e+000	-1.235421e+002
3.116878e+000	-1.248995e+002
3.155631e+000	-1.282222e+002
3.292947e+000	-1.276143e+002
3.479534e+000	-1.250414e+002
3.485437e+000	-1.296742e+002
3.507761e+000	-1.336522e+002
3.579365e+000	-1.356649e+002
3.634551e+000	-1.383323e+002
3.656874e+000	-1.423103e+002
3.728479e+000	-1.443230e+002
3.668671e+000	-1.515764e+002
3.707425e+000	-1.548991e+002
3.861160e+000	-1.536364e+002
3.916346e+000	-1.563038e+002
3.922238e+000	-1.609371e+002
3.944573e+000	-1.649147e+002
3.934046e+000	-1.702027e+002
4.005650e+000	-1.722154e+002
3.978692e+000	-1.781588e+002
4.099579e+000	-1.782060e+002
4.269744e+000	-1.762880e+002
4.489193e+000	-1.724045e+002
4.462235e+000	-1.783479e+002
4.369577e+000	-1.869115e+002
4.211206e+000	-1.980956e+002
4.167830e+000	-2.046938e+002
4.403696e+000	-2.001555e+002
4.508162e+000	-2.008576e+002
4.464785e+000	-2.074558e+002
4.569240e+000	-2.081584e+002
4.624414e+000	-2.108263e+002
4.548186e+000	-2.187346e+002
4.554090e+000	-2.233674e+002
4.691395e+000	-2.227599e+002
4.861560e+000	-2.208418e+002
4.982447e+000	-2.208891e+002
5.119763e+000	-2.202811e+002
5.076375e+000	-2.268797e+002
4.950867e+000	-2.367534e+002
5.285296e+000	-2.282844e+002
5.849700e+000	-2.106439e+002
6.134847e+000	-2.041403e+002
6.403575e+000	-1.982915e+002
6.458750e+000	-2.009594e+002
6.513935e+000	-2.036269e+002
6.831934e+000	-1.958132e+002
7.429199e+000	-1.768622e+002
7.648636e+000	-1.729792e+002
7.769519e+000	-1.730265e+002
7.956118e+000	-1.704532e+002
8.109852e+000	-1.691904e+002
8.132178e+000	-1.731683e+002
8.400907e+000	-1.673196e+002
8.916029e+000	-1.516444e+002
9.332589e+000	-1.399000e+002
9.634168e+000	-1.327412e+002
9.557940e+000	-1.406494e+002
9.547413e+000	-1.459375e+002
9.816130e+000	-1.400892e+002
9.953447e+000	-1.394812e+002
1.030431e+001	-1.303570e+002
1.063874e+001	-1.218880e+002
1.044752e+001	-1.343823e+002
1.028915e+001	-1.455664e+002
1.052502e+001	-1.410277e+002
1.079374e+001	-1.351794e+002
1.139100e+001	-1.162288e+002
1.198825e+001	-9.727825e+001
1.212557e+001	-9.667027e+001
1.216432e+001	-9.999301e+001
1.251518e+001	-9.086877e+001
1.271820e+001	-8.764061e+001
1.267482e+001	-9.423880e+001
1.279571e+001	-9.428609e+001
1.301514e+001	-9.040310e+001
1.315246e+001	-8.979512e+001
1.351974e+001	-8.001607e+001
1.352564e+001	-8.464889e+001
1.323586e+001	-1.010739e+002
1.309392e+001	-1.116028e+002
1.303411e+001	-1.188562e+002
1.318786e+001	-1.175930e+002
1.334159e+001	-1.163302e+002
1.362674e+001	-1.098266e+002
1.368193e+001	-1.124940e+002
1.372068e+001	-1.158168e+002
1.421937e+001	-1.007969e+002
1.506302e+001	-7.201999e+001
1.559457e+001	-5.568959e+001
1.663535e+001	-1.905125e+001
1.765969e+001	1.693183e+001
1.822409e+001	3.457232e+001
1.847639e+001	3.976584e+001
1.853158e+001	3.709836e+001
1.893171e+001	4.818751e+001
1.918400e+001	5.338102e+001
1.930489e+001	5.333373e+001
1.978716e+001	6.769877e+001
1.985877e+001	6.568612e+001
2.009464e+001	7.022482e+001
2.047835e+001	8.065915e+001
2.063209e+001	8.192194e+001
2.047372e+001	7.073778e+001
2.028250e+001	5.824353e+001
2.000915e+001	4.247382e+001
2.027788e+001	4.832261e+001
2.064516e+001	5.810166e+001
2.045395e+001	4.560784e+001
2.039414e+001	3.835439e+001
2.058073e+001	4.092729e+001
2.083302e+001	4.612081e+001
2.080608e+001	4.017789e+001
2.081197e+001	3.554462e+001
2.078502e+001	2.960170e+001
2.079091e+001	2.496843e+001
2.078039e+001	1.968034e+001
2.122981e+001	3.273528e+001
2.179421e+001	5.037577e+001
2.203008e+001	5.491402e+001
2.187171e+001	4.372986e+001
2.148338e+001	2.337462e+001
2.155498e+001	2.136197e+001
2.187299e+001	2.917611e+001
2.191173e+001	2.585294e+001
2.203262e+001	2.580565e+001
2.243276e+001	3.689523e+001
2.304645e+001	5.650107e+001
2.328231e+001	6.103933e+001
2.294326e+001	4.264944e+001
2.270276e+001	2.818982e+001
2.272508e+001	2.421182e+001
2.264886e+001	1.630354e+001
2.298328e+001	2.477251e+001
2.321915e+001	2.931076e+001
2.320862e+001	2.402267e+001
2.301740e+001	1.152841e+001
2.294118e+001	3.620135e+000
2.316063e+001	7.503565e+000
2.356076e+001	1.859271e+001
2.376377e+001	2.182087e+001
2.372039e+001	1.522269e+001
2.374272e+001	1.124469e+001
2.417571e+001	2.364437e+001
2.452657e+001	3.276859e+001
2.468030e+001	3.403140e+001
2.462050e+001	2.677795e+001
2.434714e+001	1.100824e+001
2.412308e+001	-2.796094e+000
2.411255e+001	-8.084187e+000
2.434843e+001	-3.545489e+000
2.471571e+001	6.233556e+000
2.500085e+001	1.273716e+001
2.538456e+001	2.317148e+001
2.532476e+001	1.591804e+001
2.541279e+001	1.456066e+001
2.573080e+001	2.237479e+001
2.593382e+001	2.560295e+001
2.612040e+001	2.817585e+001
2.627414e+001	2.943865e+001
2.621434e+001	2.218563e+001
2.626952e+001	1.951773e+001
2.629184e+001	1.553973e+001
2.633059e+001	1.221699e+001
2.640220e+001	1.020435e+001
2.627669e+001	3.307127e-001
2.639758e+001	2.834219e-001
2.676486e+001	1.006249e+001
2.708287e+001	1.787662e+001
2.738444e+001	2.503550e+001
2.766959e+001	3.153910e+001
2.747837e+001	1.904485e+001
2.748428e+001	1.441202e+001
2.762158e+001	1.501957e+001
2.761105e+001	9.731472e+000
2.760053e+001	4.443379e+000
2.737646e+001	-9.360969e+000
2.738236e+001	-1.399379e+001
2.748681e+001	-1.469634e+001
2.734487e+001	-2.522525e+001
2.743291e+001	-2.658263e+001
2.803016e+001	-7.632052e+000
2.793751e+001	-1.619559e+001
2.776272e+001	-2.803457e+001
2.804787e+001	-2.153097e+001
2.838230e+001	-1.306201e+001
2.848675e+001	-1.376456e+001
2.821340e+001	-2.953426e+001
2.836715e+001	-2.827102e+001
2.878370e+001	-1.652661e+001
2.913456e+001	-7.402371e+000
2.937043e+001	-2.864128e+000
2.932705e+001	-9.462313e+000
2.907012e+001	-2.457719e+001
2.932242e+001	-1.938366e+001
2.962400e+001	-1.222479e+001
2.971204e+001	-1.358218e+001
2.963581e+001	-2.149045e+001
2.944459e+001	-3.398471e+001
2.959832e+001	-3.272191e+001
2.953852e+001	-3.997536e+001
2.956084e+001	-4.395335e+001
3.007596e+001	-2.827823e+001
3.032826e+001	-2.308471e+001
3.000563e+001	-4.081977e+001
2.965014e+001	-5.986492e+001
2.978746e+001	-5.925695e+001
3.026973e+001	-4.489191e+001
3.034134e+001	-4.690455e+001
3.044579e+001	-4.760711e+001
3.046812e+001	-5.158511e+001
3.068756e+001	-4.770169e+001
3.098914e+001	-4.054281e+001
3.120859e+001	-3.665939e+001
3.134589e+001	-3.605185e+001
3.130252e+001	-4.265003e+001
3.143983e+001	-4.204205e+001
3.156072e+001	-4.208935e+001
3.164875e+001	-4.344672e+001
3.168750e+001	-4.676989e+001
3.187409e+001	-4.419657e+001
3.215924e+001	-3.769295e+001
3.254295e+001	-2.725863e+001
3.295951e+001	-1.551421e+001
3.373746e+001	1.064251e+001
3.402262e+001	1.714655e+001
3.389710e+001	7.272480e+000
3.401799e+001	7.225200e+000
3.453311e+001	2.290033e+001
3.511394e+001	4.119607e+001
3.553050e+001	5.294049e+001
3.551997e+001	4.765239e+001
3.552588e+001	4.301957e+001
3.554820e+001	3.904157e+001
3.547197e+001	3.113285e+001
3.547787e+001	2.650002e+001
3.558232e+001	2.579747e+001
3.590033e+001	3.361160e+001
3.615263e+001	3.880512e+001
3.607639e+001	3.089641e+001
3.588518e+001	1.840259e+001
3.603892e+001	1.966539e+001
3.642263e+001	3.009971e+001
3.674063e+001	3.791342e+001
3.692723e+001	4.048675e+001
3.698240e+001	3.781884e+001
3.685689e+001	2.794521e+001
3.691206e+001	2.527730e+001
3.696725e+001	2.260983e+001
3.728525e+001	3.042353e+001
3.725830e+001	2.448061e+001
3.714921e+001	1.526180e+001
3.723725e+001	1.390442e+001
3.732528e+001	1.254704e+001
3.761043e+001	1.905065e+001
3.779702e+001	2.162354e+001
3.768794e+001	1.240517e+001
3.789096e+001	1.563334e+001
3.830752e+001	2.737775e+001
3.852696e+001	3.126117e+001
3.877926e+001	3.645469e+001
3.885087e+001	3.444204e+001
3.885676e+001	2.980878e+001
3.894479e+001	2.845140e+001
3.921352e+001	3.430018e+001
3.940011e+001	3.687308e+001
3.927460e+001	2.699944e+001
3.903410e+001	1.253983e+001
3.912213e+001	1.118245e+001
3.937443e+001	1.637597e+001
3.957745e+001	1.960413e+001
3.981332e+001	2.414238e+001
4.029559e+001	3.850742e+001
4.036719e+001	3.649478e+001
4.032382e+001	2.989659e+001
4.024759e+001	2.198830e+001
4.022063e+001	1.604495e+001
4.035795e+001	1.665293e+001
4.075808e+001	2.774208e+001
4.115822e+001	3.883167e+001
4.103270e+001	2.895760e+001
4.071008e+001	1.122296e+001
4.091309e+001	1.445113e+001
4.118181e+001	2.029948e+001
4.118771e+001	1.566665e+001
4.081580e+001	-4.033761e+000
4.065744e+001	-1.521748e+001
4.089331e+001	-1.067924e+001
4.119489e+001	-3.520365e+000
4.136506e+001	-1.602296e+000
4.174876e+001	8.832018e+000
4.218176e+001	2.123170e+001
4.220408e+001	1.725370e+001
4.186502e+001	-1.136615e+000
4.141097e+001	-2.411248e+001
4.171255e+001	-1.695360e+001
4.247408e+001	8.548293e+000
4.277566e+001	1.570716e+001
4.258444e+001	3.212909e+000
4.237679e+001	-9.936594e+000
4.241554e+001	-1.325934e+001
4.279925e+001	-2.825013e+000
4.331437e+001	1.285010e+001
4.356667e+001	1.804362e+001
4.350686e+001	1.079017e+001
4.334850e+001	-3.935384e-001
4.307515e+001	-1.616325e+001
4.342600e+001	-7.039458e+000
4.379329e+001	2.740031e+000
4.384847e+001	7.212229e-002
4.372296e+001	-9.801504e+000
4.372885e+001	-1.443476e+001
4.384973e+001	-1.448205e+001
4.388849e+001	-1.780480e+001
4.396009e+001	-1.981744e+001
4.429453e+001	-1.134803e+001
4.420187e+001	-1.991201e+001
4.415849e+001	-2.651021e+001
4.437793e+001	-2.262678e+001
4.448239e+001	-2.332932e+001
4.465256e+001	-2.141127e+001
4.459275e+001	-2.866471e+001
4.481220e+001	-2.478129e+001
4.488380e+001	-2.679393e+001
4.513610e+001	-2.160041e+001
4.537198e+001	-1.706172e+001
4.529574e+001	-2.497044e+001
4.551519e+001	-2.108701e+001
4.565249e+001	-2.047947e+001
4.575696e+001	-2.118159e+001
4.584499e+001	-2.253897e+001
4.624512e+001	-1.144982e+001
4.671096e+001	2.259946e+000
4.701254e+001	9.418817e+000
4.723199e+001	1.330224e+001
4.771426e+001	2.766728e+001
4.785157e+001	2.827481e+001
4.849810e+001	4.919075e+001
4.924320e+001	7.403740e+001
4.915054e+001	6.547386e+001
4.874578e+001	4.446335e+001
4.870240e+001	3.786516e+001
4.895470e+001	4.305867e+001
4.932198e+001	5.283774e+001
4.932788e+001	4.820490e+001
4.908738e+001	3.374530e+001
4.886331e+001	1.994095e+001
4.924702e+001	3.037526e+001
4.992641e+001	5.260129e+001
5.022798e+001	5.976016e+001
5.005319e+001	4.792118e+001
4.984554e+001	3.477165e+001
4.998286e+001	3.537963e+001
5.005446e+001	3.336699e+001
5.025748e+001	3.659515e+001
5.042765e+001	3.851322e+001
5.040069e+001	3.256986e+001
5.040659e+001	2.793702e+001
5.067532e+001	3.378581e+001
5.079621e+001	3.373852e+001
5.127847e+001	4.810312e+001
5.151435e+001	5.264181e+001
5.135598e+001	4.145765e+001
5.119761e+001	3.027349e+001
5.136777e+001	3.219155e+001
5.145581e+001	3.083417e+001
5.174096e+001	3.733778e+001
5.212467e+001	4.777211e+001
5.239340e+001	5.362089e+001
5.228431e+001	4.440208e+001
5.210952e+001	3.256309e+001
5.213184e+001	2.858509e+001
5.230201e+001	3.050316e+001
5.252145e+001	3.438658e+001
5.297087e+001	4.744109e+001
5.319031e+001	5.132451e+001
5.311409e+001	4.341623e+001
5.302142e+001	3.485226e+001
5.309303e+001	3.284005e+001
5.314821e+001	3.017214e+001
5.290770e+001	1.571253e+001
5.309430e+001	1.828586e+001
5.351086e+001	3.003028e+001
5.348391e+001	2.408692e+001
5.316128e+001	6.352293e+000
5.324931e+001	4.994476e+000
5.363302e+001	1.542880e+001
5.403316e+001	2.651838e+001
5.410476e+001	2.450574e+001
5.434063e+001	2.904399e+001
5.464221e+001	3.620286e+001
5.507520e+001	4.860255e+001
5.539321e+001	5.641669e+001
5.534982e+001	4.981806e+001
5.548714e+001	5.042603e+001
5.567373e+001	5.299937e+001
5.587675e+001	5.622753e+001
5.563625e+001	4.176792e+001
5.564215e+001	3.713509e+001
5.574661e+001	3.643253e+001
5.596605e+001	4.031597e+001
5.595553e+001	3.502787e+001
5.576431e+001	2.253362e+001
5.578663e+001	1.855562e+001
5.608821e+001	2.571449e+001
5.629123e+001	2.894265e+001
5.655996e+001	3.479143e+001
5.659871e+001	3.146870e+001
5.625965e+001	1.307837e+001
5.636410e+001	1.237582e+001
5.686281e+001	2.739611e+001
5.714795e+001	3.389973e+001
5.689103e+001	1.878529e+001
5.691335e+001	1.480729e+001
5.731350e+001	2.589687e+001
5.712227e+001	1.340261e+001
5.748956e+001	2.318168e+001
5.818537e+001	4.606297e+001
5.850337e+001	5.387666e+001
5.867354e+001	5.579473e+001
5.895870e+001	6.229878e+001
5.881676e+001	5.176988e+001
5.855983e+001	3.665501e+001
5.843432e+001	2.678137e+001
5.847307e+001	2.345863e+001
5.846254e+001	1.817054e+001
5.858343e+001	1.812325e+001
5.908212e+001	3.314311e+001
5.974509e+001	5.471431e+001
6.001380e+001	6.056265e+001
5.952691e+001	3.627670e+001
5.945068e+001	2.836842e+001
5.942372e+001	2.242507e+001
5.923251e+001	9.930810e+000
5.909056e+001	-5.980851e-001
5.939214e+001	6.560786e+000
6.021937e+001	3.468287e+001
6.042239e+001	3.791104e+001
6.013261e+001	2.148607e+001
6.035205e+001	2.536949e+001
6.039081e+001	2.204676e+001
6.036385e+001	1.610340e+001
6.059973e+001	2.064209e+001
6.067133e+001	1.862944e+001
6.061153e+001	1.137599e+001
6.102809e+001	2.312041e+001
6.118184e+001	2.438365e+001
6.080992e+001	4.683235e+000
6.066798e+001	-5.845660e+000
6.123238e+001	1.179482e+001
6.163251e+001	2.288397e+001
6.181911e+001	2.545730e+001
6.210426e+001	3.196091e+001
6.196232e+001	2.143201e+001
6.196822e+001	1.679918e+001
6.207268e+001	1.609663e+001
6.189789e+001	4.257638e+000
6.154241e+001	-1.478750e+001
6.202467e+001	-4.229021e-001
6.240838e+001	1.001141e+001
6.259498e+001	1.258474e+001
6.276514e+001	1.450281e+001
6.270533e+001	7.249365e+000
6.279337e+001	5.891982e+000
6.271713e+001	-2.016729e+000
6.277232e+001	-4.684194e+000
6.320531e+001	7.715470e+000
6.339189e+001	1.028837e+001
6.344708e+001	7.620898e+000
6.360082e+001	8.883699e+000
6.354100e+001	1.630246e+000
6.367832e+001	2.238223e+000
6.376634e+001	8.804067e-001
6.423219e+001	1.459018e+001
6.425452e+001	1.061262e+001
6.416186e+001	2.049070e+000
6.400349e+001	-9.135082e+000
6.361516e+001	-2.949032e+001
6.365390e+001	-3.281350e+001
6.423474e+001	-1.451775e+001
6.488127e+001	6.398171e+000
6.529783e+001	1.814259e+001
6.559942e+001	2.530147e+001
6.562173e+001	2.132347e+001
6.503628e+001	-6.893195e+000
6.491077e+001	-1.676683e+001
6.509737e+001	-1.419350e+001
6.536608e+001	-8.345160e+000
6.563481e+001	-2.496380e+000
6.578855e+001	-1.233569e+000
6.605728e+001	4.615201e+000
6.591534e+001	-5.913694e+000
6.608551e+001	-3.995625e+000
6.645278e+001	5.783430e+000
6.650796e+001	3.115521e+000
6.676026e+001	8.309043e+000
6.660190e+001	-2.874676e+000
6.655852e+001	-9.472871e+000
6.702436e+001	4.236894e+000
6.763803e+001	2.384231e+001
6.749610e+001	1.331340e+001
6.705848e+001	-9.007191e+000
6.686726e+001	-2.150144e+001
6.665962e+001	-3.465054e+001
6.699405e+001	-2.618156e+001
6.750917e+001	-1.050644e+001
6.777790e+001	-4.657656e+000
6.788235e+001	-5.360205e+000
6.787183e+001	-1.064830e+001
6.791058e+001	-1.397104e+001
6.793291e+001	-1.794904e+001
6.813593e+001	-1.472088e+001
6.845394e+001	-6.906741e+000
6.855839e+001	-7.609290e+000
6.866284e+001	-8.311839e+000
6.853733e+001	-1.818548e+001
6.851037e+001	-2.412884e+001
6.866412e+001	-2.286560e+001
6.894927e+001	-1.636199e+001
6.931655e+001	-6.582923e+000
6.930603e+001	-1.187103e+001
6.937763e+001	-1.388367e+001
6.941638e+001	-1.720640e+001
6.934015e+001	-2.511469e+001
6.903395e+001	-4.219448e+001
6.905628e+001	-4.617248e+001
6.921001e+001	-4.490968e+001
6.980726e+001	-2.595910e+001
7.030597e+001	-1.093880e+001
7.045971e+001	-9.675994e+000
7.036705e+001	-1.823954e+001
7.040580e+001	-2.156227e+001
7.070737e+001	-1.440383e+001
7.082826e+001	-1.445113e+001
7.089987e+001	-1.646333e+001
7.125072e+001	-7.339535e+000
7.173299e+001	7.025488e+000
7.173890e+001	2.392653e+000
7.128485e+001	-2.058320e+001
7.104435e+001	-3.504281e+001
7.093526e+001	-4.426162e+001
7.131897e+001	-3.382729e+001
7.168626e+001	-2.404780e+001
7.187285e+001	-2.147490e+001
7.202658e+001	-2.021210e+001
7.172038e+001	-3.729190e+001
7.143061e+001	-5.371643e+001
7.211000e+001	-3.149040e+001
7.236229e+001	-2.629689e+001
7.236819e+001	-3.093014e+001
7.265334e+001	-2.442611e+001
7.257711e+001	-3.233482e+001
7.238589e+001	-4.482907e+001
7.278603e+001	-3.373948e+001
7.308761e+001	-2.658061e+001
7.312636e+001	-2.990335e+001
7.286943e+001	-4.501823e+001
7.277677e+001	-5.358177e+001
7.291408e+001	-5.297380e+001
7.306782e+001	-5.171098e+001
7.340225e+001	-4.324202e+001
7.337530e+001	-4.918494e+001
7.323337e+001	-5.971384e+001
7.338710e+001	-5.845104e+001
7.331086e+001	-6.635975e+001
7.328391e+001	-7.230267e+001
7.356906e+001	-6.579907e+001
7.396920e+001	-5.470947e+001
7.409009e+001	-5.475677e+001
7.419455e+001	-5.545932e+001
7.439756e+001	-5.223116e+001
7.450202e+001	-5.293371e+001
7.444222e+001	-6.018672e+001
7.441526e+001	-6.613008e+001
7.473326e+001	-5.831637e+001
7.480487e+001	-6.032858e+001
7.479435e+001	-6.561668e+001
7.494808e+001	-6.435388e+001
7.503612e+001	-6.571126e+001
7.512414e+001	-6.706907e+001
7.539288e+001	-6.122029e+001
7.576016e+001	-5.144123e+001
7.579891e+001	-5.476397e+001
7.567340e+001	-6.463761e+001
7.589285e+001	-6.075418e+001
7.589874e+001	-6.538745e+001
7.592106e+001	-6.936545e+001
7.618979e+001	-6.351667e+001
7.635996e+001	-6.159860e+001
7.643156e+001	-6.361124e+001
7.660173e+001	-6.169317e+001
7.691973e+001	-5.387947e+001
7.704061e+001	-5.392676e+001
7.696438e+001	-6.183504e+001
7.710170e+001	-6.122706e+001
7.709117e+001	-6.651515e+001
7.727776e+001	-6.394225e+001
7.757934e+001	-5.678339e+001
7.786448e+001	-5.027977e+001
7.814964e+001	-4.377617e+001
7.817197e+001	-4.775373e+001
7.776720e+001	-6.876424e+001
7.728031e+001	-9.305020e+001
7.761474e+001	-8.458123e+001
7.794917e+001	-7.611227e+001
7.782365e+001	-8.598634e+001
7.768171e+001	-9.651523e+001
7.775333e+001	-9.852744e+001
7.792348e+001	-9.660981e+001
7.832362e+001	-8.552022e+001
7.878946e+001	-7.181045e+001
7.912389e+001	-6.334148e+001
7.885054e+001	-7.911120e+001
7.847864e+001	-9.881117e+001
7.859953e+001	-9.885846e+001
7.918035e+001	-8.056315e+001
8.002401e+001	-5.178579e+001
8.057198e+001	-3.480057e+001
8.093926e+001	-2.502151e+001
8.129012e+001	-1.589729e+001
8.159170e+001	-8.738405e+000
8.195898e+001	1.040640e+000
8.250695e+001	1.802586e+001
8.267712e+001	1.994393e+001
8.240377e+001	4.174230e+000
8.234396e+001	-3.079213e+000
8.259626e+001	2.114288e+000
8.278285e+001	4.687626e+000
8.293659e+001	5.950427e+000
8.286036e+001	-1.957840e+000
8.248845e+001	-2.165826e+001
8.282288e+001	-1.318929e+001
8.333800e+001	2.485832e+000
8.334391e+001	-2.146993e+000
8.333338e+001	-7.435086e+000
8.356924e+001	-2.896833e+000
8.398580e+001	8.847573e+000
8.397528e+001	3.559480e+000
8.391547e+001	-3.693963e+000
8.420063e+001	2.810074e+000
8.451862e+001	1.062378e+001
8.445882e+001	3.370326e+000
8.477683e+001	1.118447e+001
8.507840e+001	1.834334e+001
8.501860e+001	1.108988e+001
8.487666e+001	5.609892e-001
8.489899e+001	-3.417001e+000
8.526627e+001	6.362044e+000
8.533788e+001	4.349837e+000
8.531092e+001	-1.593514e+000
8.513613e+001	-1.343250e+001
8.499419e+001	-2.396140e+001
8.519721e+001	-2.073324e+001
8.567948e+001	-6.368201e+000
8.586607e+001	-3.795308e+000
8.587197e+001	-8.428133e+000
8.579573e+001	-1.633685e+001
8.578521e+001	-2.162495e+001
8.615250e+001	-1.184545e+001
8.645407e+001	-4.687010e+000
8.670636e+001	5.065014e-001
8.684368e+001	1.114469e+000
8.704669e+001	4.342630e+000
8.723330e+001	6.915967e+000
8.725561e+001	2.937966e+000
8.716296e+001	-5.625569e+000
8.762880e+001	8.084197e+000
8.778254e+001	9.346998e+000
8.757490e+001	-3.802081e+000
8.738368e+001	-1.629634e+001
8.742243e+001	-1.961907e+001
8.760902e+001	-1.704618e+001
8.756564e+001	-2.364436e+001
8.801505e+001	-1.058985e+001
8.851375e+001	4.430438e+000
8.866749e+001	5.693239e+000
8.872267e+001	3.025765e+000
8.876142e+001	-2.973921e-001
8.863591e+001	-1.017103e+001
8.857610e+001	-1.742447e+001
8.899266e+001	-5.680057e+000
8.911355e+001	-5.727347e+000
8.903731e+001	-1.363562e+001
8.909250e+001	-1.630353e+001
8.898341e+001	-2.552191e+001
8.872648e+001	-4.063679e+001
8.892950e+001	-3.740862e+001
8.934607e+001	-2.566377e+001
8.961479e+001	-1.981543e+001
8.947285e+001	-3.034432e+001
8.949518e+001	-3.432189e+001
8.979675e+001	-2.716345e+001
9.003263e+001	-2.262477e+001
9.030135e+001	-1.677642e+001
9.024155e+001	-2.402943e+001
9.014888e+001	-3.259341e+001
9.066400e+001	-1.691828e+001
9.089988e+001	-1.237960e+001
9.077436e+001	-2.225367e+001
9.101024e+001	-1.771498e+001
9.134467e+001	-9.246007e+000
9.126843e+001	-1.715473e+001
9.101151e+001	-3.226917e+001
9.118168e+001	-3.035110e+001
9.153253e+001	-2.122687e+001
9.201479e+001	-6.862266e+000
9.190572e+001	-1.608064e+001
9.161594e+001	-3.250560e+001
9.142472e+001	-4.499985e+001
9.126636e+001	-5.618359e+001
9.148579e+001	-5.230060e+001
9.147526e+001	-5.758869e+001
9.148117e+001	-6.222152e+001
9.170062e+001	-5.833810e+001
9.210075e+001	-4.724894e+001
9.217236e+001	-4.926159e+001
9.235895e+001	-4.668825e+001
9.223344e+001	-5.656189e+001
9.212435e+001	-6.578069e+001
9.240950e+001	-5.927709e+001
9.233327e+001	-6.718537e+001
9.270055e+001	-5.740631e+001
9.298570e+001	-5.090270e+001
9.328728e+001	-4.374383e+001
9.340817e+001	-4.379112e+001
9.351262e+001	-4.449367e+001
9.366637e+001	-4.323042e+001
9.345872e+001	-5.637995e+001
9.354675e+001	-5.773733e+001
9.347051e+001	-6.564604e+001
9.355855e+001	-6.700342e+001
9.384370e+001	-6.049981e+001
9.388245e+001	-6.382255e+001
9.392121e+001	-6.714528e+001
9.414065e+001	-6.326187e+001
9.460649e+001	-4.955209e+001
9.467810e+001	-5.156473e+001
9.448688e+001	-6.405899e+001
9.475561e+001	-5.821021e+001
9.484364e+001	-5.956759e+001
9.501381e+001	-5.764952e+001
9.528252e+001	-5.180117e+001
9.522272e+001	-5.905463e+001
9.545860e+001	-5.451594e+001
9.516882e+001	-7.094091e+001
9.507615e+001	-7.950445e+001
9.552556e+001	-6.644994e+001
9.622138e+001	-4.356865e+001
9.667080e+001	-3.051370e+001
9.703808e+001	-2.073465e+001
9.743822e+001	-9.645056e+000
9.759196e+001	-8.382255e+000
9.789354e+001	-1.223384e+000
9.847437e+001	1.707193e+001
9.889094e+001	2.881678e+001
9.897896e+001	2.745896e+001
9.870561e+001	1.168925e+001
9.851440e+001	-8.045597e-001
9.866813e+001	4.582314e-001
9.855905e+001	-8.760562e+000
9.867993e+001	-8.807852e+000
9.875153e+001	-1.082049e+001
9.854389e+001	-2.396958e+001
9.864835e+001	-2.467213e+001
9.909778e+001	-1.161719e+001
9.918580e+001	-1.297501e+001
9.906029e+001	-2.284863e+001
9.924688e+001	-2.027574e+001
9.940062e+001	-1.901251e+001
9.948864e+001	-2.037031e+001
9.979023e+001	-1.321144e+001
1.004696e+002	9.015003e+000
1.005905e+002	8.967722e+000
1.005471e+002	2.369104e+000
1.007830e+002	6.907791e+000
1.007232e+002	-3.456520e-001
1.009426e+002	3.537757e+000
1.010964e+002	4.800568e+000
1.006423e+002	-1.817529e+001
1.001554e+002	-4.246125e+001
1.004406e+002	-3.595764e+001
1.011857e+002	-1.111099e+001
1.013558e+002	-9.192922e+000
1.011646e+002	-2.168718e+001
1.011377e+002	-2.763054e+001
1.011928e+002	-3.029801e+001
1.015930e+002	-1.920885e+001
1.019931e+002	-8.119273e+000
1.022290e+002	-3.581020e+000
1.027605e+002	1.274936e+001
1.028650e+002	1.204681e+001
1.026574e+002	-1.102265e+000
1.024497e+002	-1.425178e+001
1.024885e+002	-1.757452e+001
1.028065e+002	-9.760382e+000
1.031737e+002	1.866398e-002
1.030647e+002	-9.200129e+000
1.028077e+002	-2.431457e+001
1.025672e+002	-3.877418e+001
1.027538e+002	-3.620084e+001
1.032197e+002	-2.249108e+001
1.036034e+002	-1.205676e+001
1.037243e+002	-1.210405e+001
1.037137e+002	-1.739214e+001
1.036375e+002	-2.530085e+001
1.039555e+002	-1.748671e+001
1.042407e+002	-1.098310e+001
1.044437e+002	-7.754937e+000
1.044824e+002	-1.107768e+001
1.043898e+002	-1.964123e+001
1.043300e+002	-2.689467e+001
1.044344e+002	-2.759723e+001
1.045553e+002	-2.764451e+001
1.042820e+002	-4.341422e+001
1.041564e+002	-5.328785e+001
1.041624e+002	-5.792068e+001
1.043654e+002	-5.469251e+001
1.052090e+002	-2.591559e+001
1.059541e+002	-1.068954e+000
1.060257e+002	-3.081595e+000
1.059331e+002	-1.164514e+001
1.058404e+002	-2.020868e+001
1.057642e+002	-2.811740e+001
1.058193e+002	-3.078487e+001
1.057431e+002	-3.869358e+001
1.057490e+002	-4.332641e+001
1.061820e+002	-3.092673e+001
1.064836e+002	-2.376786e+001
1.064731e+002	-2.905596e+001
1.065447e+002	-3.106860e+001
1.065998e+002	-3.373650e+001
1.071314e+002	-1.740611e+001
1.073180e+002	-1.483278e+001
1.074717e+002	-1.356997e+001
1.076747e+002	-1.034181e+001
1.075492e+002	-2.021545e+001
1.072430e+002	-3.729568e+001
1.069861e+002	-5.241012e+001
1.071070e+002	-5.245741e+001
1.075400e+002	-4.005773e+001
1.079894e+002	-2.700322e+001
1.078803e+002	-3.622160e+001
1.077055e+002	-4.806102e+001
1.077443e+002	-5.138375e+001
1.079801e+002	-4.684507e+001
1.081832e+002	-4.361691e+001
1.085669e+002	-3.318258e+001
1.084413e+002	-4.305665e+001
1.082337e+002	-5.620574e+001
1.084203e+002	-5.363284e+001
1.088204e+002	-4.254326e+001
1.088263e+002	-4.717608e+001
1.087501e+002	-5.508480e+001
1.088546e+002	-5.578735e+001
1.091068e+002	-5.059383e+001
1.094577e+002	-4.146961e+001
1.096607e+002	-3.824145e+001
1.097323e+002	-4.025409e+001
1.096068e+002	-5.012772e+001
1.094485e+002	-6.131189e+001
1.097007e+002	-5.611837e+001
1.100516e+002	-4.699413e+001
1.102711e+002	-4.311072e+001
1.101784e+002	-5.167426e+001
1.100200e+002	-6.285841e+001
1.103873e+002	-5.307892e+001
1.107546e+002	-4.329987e+001
1.109083e+002	-4.203706e+001
1.107992e+002	-5.125587e+001
1.108709e+002	-5.326808e+001
1.108439e+002	-5.921144e+001
1.107841e+002	-6.646488e+001
1.110364e+002	-6.127137e+001
1.114365e+002	-5.018178e+001
1.115903e+002	-4.891898e+001
1.117440e+002	-4.765618e+001
1.122591e+002	-3.198104e+001
1.131356e+002	-1.893591e+000
1.138643e+002	2.229778e+001
1.141987e+002	3.076674e+001
1.142703e+002	2.875410e+001
1.142927e+002	2.477653e+001
1.144136e+002	2.472924e+001
1.144687e+002	2.206134e+001
1.148196e+002	3.118556e+001
1.150883e+002	3.703391e+001
1.147657e+002	1.929929e+001
1.147059e+002	1.204583e+001
1.151224e+002	2.379025e+001
1.155719e+002	3.684476e+001
1.158406e+002	4.269355e+001
1.157808e+002	3.544010e+001
1.154910e+002	1.901556e+001
1.159404e+002	3.207007e+001
1.160120e+002	3.005742e+001
1.157715e+002	1.559781e+001
1.157610e+002	1.030972e+001
1.160626e+002	1.746859e+001
1.165448e+002	3.183363e+001
1.167479e+002	3.506179e+001
1.166880e+002	2.780834e+001
1.167268e+002	2.448560e+001
1.169463e+002	2.836902e+001
1.169850e+002	2.504629e+001
1.170730e+002	2.368891e+001
1.168161e+002	8.574033e+000
1.168877e+002	6.561392e+000
1.173864e+002	2.158168e+001
1.176387e+002	2.677521e+001
1.179896e+002	3.589899e+001
1.179462e+002	2.930082e+001
1.180671e+002	2.925353e+001
1.180730e+002	2.462069e+001
1.179803e+002	1.605716e+001
1.183312e+002	2.518094e+001
1.184028e+002	2.316874e+001
1.184744e+002	2.115610e+001
1.187595e+002	2.765970e+001
1.190611e+002	3.481858e+001
1.194448e+002	4.525291e+001
1.198450e+002	5.634204e+001
1.199823e+002	5.695003e+001
1.196432e+002	3.856014e+001
1.194684e+002	2.672071e+001
1.195893e+002	2.667342e+001
1.199894e+002	3.776301e+001
1.202089e+002	4.164644e+001
1.202312e+002	3.766843e+001
1.204835e+002	4.286195e+001
1.204730e+002	3.757385e+001
1.201503e+002	1.983880e+001
1.200413e+002	1.061998e+001
1.204086e+002	2.039948e+001
1.208744e+002	3.410926e+001
1.210610e+002	3.668215e+001
1.208533e+002	2.353306e+001
1.209578e+002	2.283052e+001
1.212429e+002	2.933412e+001
1.214624e+002	3.321755e+001
1.215669e+002	3.251543e+001
1.215563e+002	2.722734e+001
1.212666e+002	1.080237e+001
1.215517e+002	1.730599e+001
1.219518e+002	2.839557e+001
1.223027e+002	3.751980e+001
1.227357e+002	4.991904e+001
1.229880e+002	5.511255e+001
1.229939e+002	5.047973e+001
1.227370e+002	3.536529e+001
1.226607e+002	2.745658e+001
1.225845e+002	1.954830e+001
1.226068e+002	1.557030e+001
1.227934e+002	1.814319e+001
1.232593e+002	3.185340e+001
1.234787e+002	3.573639e+001
1.232875e+002	2.324213e+001
1.232934e+002	1.860931e+001
1.232993e+002	1.397647e+001
1.232723e+002	8.033121e+000
1.239353e+002	2.960432e+001
1.245325e+002	4.855489e+001
1.246041e+002	4.654224e+001
1.244129e+002	3.404799e+001
1.242874e+002	2.417436e+001
1.240305e+002	9.059478e+000
1.239214e+002	-1.588810e-001
1.242066e+002	6.344722e+000
1.246888e+002	2.070976e+001
1.250233e+002	2.917872e+001
1.248977e+002	1.930465e+001
1.248708e+002	1.336173e+001
1.249752e+002	1.265918e+001
1.254247e+002	2.571412e+001
1.260383e+002	4.531953e+001
1.262249e+002	4.789286e+001
1.262473e+002	4.391486e+001
1.261053e+002	3.338596e+001
1.261112e+002	2.875313e+001
1.259364e+002	1.691370e+001
1.259588e+002	1.293613e+001
1.260139e+002	1.026823e+001
1.264305e+002	2.201264e+001
1.266335e+002	2.524124e+001
1.268201e+002	2.781414e+001
1.267932e+002	2.187078e+001
1.267169e+002	1.396250e+001
1.272649e+002	3.094772e+001
1.278457e+002	4.924347e+001
1.282130e+002	5.902253e+001
1.279561e+002	4.390809e+001
1.276663e+002	2.748312e+001
1.275901e+002	1.957484e+001
1.276617e+002	1.756220e+001
1.277169e+002	1.489429e+001
1.278542e+002	1.550226e+001
1.281722e+002	2.331596e+001
1.280631e+002	1.409759e+001
1.277897e+002	-1.672096e+000
1.279435e+002	-4.092952e-001
1.280644e+002	-4.565860e-001
1.283167e+002	4.736925e+000
1.285032e+002	7.309819e+000
1.287555e+002	1.250333e+001
1.291885e+002	2.490301e+001
1.294573e+002	3.075180e+001
1.294632e+002	2.611853e+001
1.295183e+002	2.345106e+001
1.298856e+002	3.323011e+001
1.306472e+002	5.873203e+001
1.307023e+002	5.606411e+001
1.304126e+002	3.963959e+001
1.301392e+002	2.386988e+001
1.301451e+002	1.923662e+001
1.301017e+002	1.263843e+001
1.302062e+002	1.193588e+001
1.303763e+002	1.385395e+001
1.302015e+002	2.014962e+000
1.304210e+002	5.898382e+000
1.307390e+002	1.371209e+001
1.310406e+002	2.087096e+001
1.315557e+002	3.654609e+001
1.318901e+002	4.501505e+001
1.319946e+002	4.431293e+001
1.319348e+002	3.705949e+001
1.315957e+002	1.866917e+001
1.313881e+002	5.520075e+000
1.319032e+002	2.119520e+001
1.324019e+002	3.621507e+001
1.324406e+002	3.289233e+001
1.322987e+002	2.236343e+001
1.323867e+002	2.100605e+001
1.326226e+002	2.554431e+001
1.327107e+002	2.418693e+001
1.331272e+002	3.593134e+001
1.334124e+002	4.243495e+001
1.334018e+002	3.714686e+001
1.334899e+002	3.578947e+001
1.339393e+002	4.884442e+001
1.340273e+002	4.748659e+001
1.340661e+002	4.416386e+001
1.338748e+002	3.166961e+001
1.336015e+002	1.589990e+001
1.334760e+002	6.026274e+000
1.337611e+002	1.252988e+001
1.343255e+002	3.017036e+001
1.347257e+002	4.125995e+001
1.349615e+002	4.579821e+001
1.348853e+002	3.788993e+001
1.349241e+002	3.456675e+001
1.349300e+002	2.993393e+001
1.346895e+002	1.547431e+001
1.348761e+002	1.804764e+001
1.353912e+002	3.372278e+001
1.356106e+002	3.760620e+001
1.356165e+002	3.297293e+001
1.357374e+002	3.292563e+001
1.353819e+002	1.388050e+001
1.352236e+002	2.696324e+000
1.353937e+002	4.614393e+000
1.353996e+002	-1.842172e-002
1.356519e+002	5.175090e+000
1.360521e+002	1.626467e+001
1.361072e+002	1.359676e+001
1.361788e+002	1.158412e+001
1.362504e+002	9.571470e+000
1.367656e+002	2.524660e+001
1.371657e+002	3.633619e+001
1.373194e+002	3.759899e+001
1.370132e+002	2.051920e+001
1.370849e+002	1.850655e+001
1.374686e+002	2.894087e+001
1.378030e+002	3.740984e+001
1.379239e+002	3.736254e+001
1.377984e+002	2.748892e+001
1.378700e+002	2.547628e+001
1.381058e+002	3.001452e+001
1.380789e+002	2.407160e+001
1.379370e+002	1.354271e+001
1.378443e+002	4.979163e+000
1.379487e+002	4.276614e+000
1.382503e+002	1.143549e+001
1.386012e+002	2.055972e+001
1.386564e+002	1.789181e+001
1.385801e+002	9.983531e+000
1.386517e+002	7.970881e+000
1.390683e+002	1.971530e+001
1.395998e+002	3.604569e+001
1.398521e+002	4.123921e+001
1.395788e+002	2.546950e+001
1.394533e+002	1.559543e+001
1.396563e+002	1.882358e+001
1.400729e+002	3.056844e+001
1.402266e+002	3.183125e+001
1.399040e+002	1.409619e+001
1.400413e+002	1.470416e+001
1.408192e+002	4.086090e+001
1.412194e+002	5.195005e+001
1.410610e+002	4.076632e+001
1.410833e+002	3.678832e+001
1.414506e+002	4.656738e+001
1.413908e+002	3.931392e+001
1.408053e+002	1.109725e+001
1.408605e+002	8.429788e+000
1.412278e+002	1.820884e+001
1.414965e+002	2.405763e+001
1.418967e+002	3.514721e+001
1.422311e+002	4.361618e+001
1.421220e+002	3.439737e+001
1.418815e+002	1.993776e+001
1.420681e+002	2.251110e+001
1.422875e+002	2.639408e+001
1.421949e+002	1.783054e+001
1.419873e+002	4.681458e+000
1.420096e+002	7.034573e-001
1.424426e+002	1.310314e+001
1.429577e+002	2.877827e+001
1.434235e+002	4.248803e+001
1.437580e+002	5.095700e+001
1.438624e+002	5.025488e+001
1.436383e+002	3.645010e+001
1.435950e+002	2.985192e+001
1.440608e+002	4.356168e+001
1.442310e+002	4.547975e+001
1.441219e+002	3.626095e+001
1.443085e+002	3.883428e+001
1.448400e+002	5.516468e+001
1.448788e+002	5.184150e+001
1.448026e+002	4.393322e+001
1.449234e+002	4.388593e+001
1.449293e+002	3.925311e+001
1.449517e+002	3.527511e+001
1.452040e+002	4.046862e+001
1.452920e+002	3.911125e+001
1.451829e+002	2.989243e+001
1.453531e+002	3.181050e+001
1.457696e+002	4.355492e+001
1.456277e+002	3.302602e+001
1.452394e+002	1.267077e+001
1.454259e+002	1.524367e+001
1.452183e+002	2.094585e+000
1.451256e+002	-6.469384e+000
1.455093e+002	3.964929e+000
1.460409e+002	2.029532e+001
1.462603e+002	2.417875e+001
1.462005e+002	1.692530e+001
1.462393e+002	1.360256e+001
1.463930e+002	1.486537e+001
1.466618e+002	2.071415e+001
1.472426e+002	3.900946e+001
1.477577e+002	5.468458e+001
1.475829e+002	4.284560e+001
1.478024e+002	4.672902e+001
1.481861e+002	5.716335e+001
1.478142e+002	3.746293e+001
1.475901e+002	2.365858e+001
1.475467e+002	1.706039e+001
1.476347e+002	1.570257e+001
1.477228e+002	1.434520e+001
1.478765e+002	1.560800e+001
1.480795e+002	1.883616e+001
1.481511e+002	1.682395e+001
1.479599e+002	4.329699e+000
1.476701e+002	-1.209526e+001
1.476760e+002	-1.672809e+001
1.480926e+002	-4.983675e+000
1.484927e+002	6.105896e+000
1.487286e+002	1.064415e+001
1.490302e+002	1.780303e+001
1.491675e+002	1.841056e+001
1.489270e+002	3.951393e+000
1.490807e+002	5.214194e+000
1.493166e+002	9.752447e+000
1.496018e+002	1.625649e+001
1.498212e+002	2.013948e+001
1.499421e+002	2.009219e+001
1.500958e+002	2.135543e+001
1.504467e+002	3.047922e+001
1.507319e+002	3.698328e+001
1.508363e+002	3.628072e+001
1.505301e+002	1.920092e+001
1.508152e+002	2.570453e+001
1.512647e+002	3.875904e+001
1.512541e+002	3.347095e+001
1.513258e+002	3.145874e+001
1.510688e+002	1.634387e+001
1.510090e+002	9.090406e+000
1.516555e+002	3.000634e+001
1.518257e+002	3.192441e+001
1.514374e+002	1.156917e+001
1.514761e+002	8.246439e+000
1.516463e+002	1.016450e+001
1.517343e+002	8.806681e+000
1.519866e+002	1.400020e+001
1.521568e+002	1.591827e+001
1.521134e+002	9.320087e+000
1.519550e+002	-1.864066e+000
1.521909e+002	2.674611e+000
1.529032e+002	2.621072e+001
1.532869e+002	3.664505e+001
1.529807e+002	1.956526e+001
1.530030e+002	1.558726e+001
1.532060e+002	1.881541e+001
1.534747e+002	2.466420e+001
1.532014e+002	8.894490e+000
1.530759e+002	-9.791370e-001
1.536238e+002	1.600608e+001
1.537283e+002	1.530353e+001
1.537178e+002	1.001544e+001
1.543314e+002	2.962127e+001
1.551258e+002	5.643327e+001
1.554767e+002	6.555707e+001
1.555647e+002	6.419969e+001
1.552585e+002	4.711990e+001
1.549194e+002	2.872956e+001
1.548104e+002	1.951119e+001
1.548820e+002	1.749855e+001
1.548057e+002	9.589842e+000
1.549266e+002	9.542551e+000
1.550804e+002	1.080535e+001
1.550370e+002	4.207167e+000
1.552893e+002	9.400689e+000
1.556566e+002	1.918018e+001
1.555803e+002	1.127147e+001
1.556519e+002	9.258826e+000
1.558385e+002	1.183215e+001
1.561237e+002	1.833577e+001
1.567538e+002	3.859642e+001
1.572525e+002	5.361674e+001
1.569134e+002	3.522640e+001
1.569686e+002	3.255894e+001
1.569252e+002	2.596031e+001
1.568983e+002	2.001739e+001
1.572656e+002	2.979645e+001
1.573864e+002	2.974916e+001
1.573759e+002	2.446106e+001
1.575954e+002	2.834449e+001
1.580284e+002	4.074418e+001
1.583628e+002	4.921314e+001
1.585001e+002	4.982112e+001
1.588181e+002	5.763481e+001
1.586762e+002	4.710592e+001
1.582385e+002	2.478532e+001
1.580638e+002	1.294633e+001
1.580861e+002	8.968328e+000
1.579934e+002	4.047832e-001
1.580979e+002	-2.977555e-001
1.582188e+002	-3.450463e-001
1.586189e+002	1.074453e+001
1.593804e+002	3.624601e+001
1.595999e+002	4.012943e+001
1.596386e+002	3.680669e+001
1.596445e+002	3.217342e+001
1.595518e+002	2.360988e+001
1.595906e+002	2.028715e+001
1.600236e+002	3.268683e+001
1.601609e+002	3.329480e+001
1.602489e+002	3.193698e+001
1.603698e+002	3.188969e+001
1.603922e+002	2.791213e+001
1.604966e+002	2.720958e+001
1.604697e+002	2.126621e+001
1.606070e+002	2.187420e+001
1.608757e+002	2.772298e+001
1.610951e+002	3.160596e+001
1.609368e+002	2.042224e+001
1.609755e+002	1.709950e+001
1.613592e+002	2.753383e+001
1.613816e+002	2.355583e+001
1.613875e+002	1.892256e+001
1.612127e+002	7.083569e+000
1.612021e+002	1.795477e+000
1.613066e+002	1.093362e+000
1.613454e+002	-2.229805e+000
1.615977e+002	2.963696e+000
1.618828e+002	9.467743e+000
1.620694e+002	1.204065e+001
1.620260e+002	5.442462e+000
1.620648e+002	2.119719e+000
1.621035e+002	-1.203004e+000
1.622244e+002	-1.250295e+000
1.625753e+002	7.873493e+000
1.628933e+002	1.568763e+001
1.628170e+002	7.778911e+000
1.628229e+002	3.146086e+000
1.631081e+002	9.649690e+000
1.636232e+002	2.532482e+001
1.635470e+002	1.741655e+001
1.634050e+002	6.887643e+000
1.635423e+002	7.495186e+000
1.635811e+002	4.172443e+000
1.637184e+002	4.780431e+000
1.638229e+002	4.077872e+000
1.640587e+002	8.616559e+000
1.640811e+002	4.638558e+000
1.640048e+002	-3.270143e+000
1.643557e+002	5.854079e+000
1.647887e+002	1.825376e+001
1.647946e+002	1.362093e+001
1.648990e+002	1.291838e+001
1.651513e+002	1.811189e+001
1.654201e+002	2.396067e+001
1.653274e+002	1.539713e+001
1.654319e+002	1.469458e+001
1.657170e+002	2.119819e+001
1.659693e+002	2.639170e+001
1.660902e+002	2.634441e+001
1.662111e+002	2.629713e+001
1.662663e+002	2.362965e+001
1.663872e+002	2.358237e+001
1.665902e+002	2.681053e+001
1.663989e+002	1.431628e+001
1.661092e+002	-2.108686e+000
1.664272e+002	5.705443e+000
1.670573e+002	2.596611e+001
1.673753e+002	3.378025e+001
1.673319e+002	2.718162e+001
1.670421e+002	1.075709e+001
1.669330e+002	1.538289e+000
1.669225e+002	-3.749794e+000
1.667806e+002	-1.427869e+001
1.668193e+002	-1.760143e+001
1.671866e+002	-7.822376e+000
1.677017e+002	7.852739e+000
1.676419e+002	5.992963e-001
1.670729e+002	-2.696210e+001
1.670624e+002	-3.225019e+001
1.674461e+002	-2.181587e+001
1.677312e+002	-1.531226e+001
1.676221e+002	-2.453063e+001
1.678580e+002	-1.999238e+001
1.682582e+002	-8.902798e+000
1.685597e+002	-1.743916e+000
1.686970e+002	-1.136373e+000
1.686537e+002	-7.734567e+000
1.688238e+002	-5.816498e+000
1.693225e+002	9.203359e+000
1.696734e+002	1.832759e+001
1.695971e+002	1.041887e+001
1.697016e+002	9.716754e+000
1.697568e+002	7.048846e+000
1.699598e+002	1.027701e+001
1.703599e+002	2.136660e+001
1.710722e+002	4.490314e+001
1.710945e+002	4.092515e+001
1.708376e+002	2.581027e+001
1.706464e+002	1.331645e+001
1.707673e+002	1.326917e+001
1.708881e+002	1.322188e+001
1.707791e+002	4.003075e+000
1.707685e+002	-1.285008e+000
1.709223e+002	-2.220700e-002
1.714702e+002	1.696300e+001
1.717554e+002	2.346705e+001
1.717449e+002	1.817895e+001
1.718000e+002	1.551105e+001
1.719209e+002	1.546376e+001
1.721404e+002	1.934719e+001
1.724584e+002	2.716088e+001
1.723657e+002	1.859734e+001
1.720267e+002	2.074538e-001
1.721968e+002	2.125523e+000
1.724327e+002	6.663776e+000
1.724879e+002	3.995857e+000
1.724938e+002	-6.369574e-001
1.725818e+002	-1.994330e+000
1.728177e+002	2.543913e+000
1.731850e+002	1.232340e+001
1.733880e+002	1.555156e+001
1.735417e+002	1.681436e+001
1.737447e+002	2.004253e+001
1.739149e+002	2.196059e+001
1.739701e+002	1.929269e+001
1.741895e+002	2.317611e+001
1.740147e+002	1.133712e+001
1.737414e+002	-4.432568e+000
1.735337e+002	-1.758209e+001
1.737696e+002	-1.304340e+001
1.743669e+002	5.907164e+000
1.746027e+002	1.044542e+001
1.744279e+002	-1.393560e+000
1.747624e+002	7.075393e+000
1.752939e+002	2.340579e+001
1.751191e+002	1.156679e+001
1.749443e+002	-2.726313e-001
1.751309e+002	2.300696e+000
1.755146e+002	1.273502e+001
1.756684e+002	1.399783e+001
1.756250e+002	7.399636e+000
1.755159e+002	-1.819157e+000
1.757189e+002	1.408994e+000
1.759877e+002	7.257773e+000
1.759607e+002	1.314422e+000
1.760487e+002	-4.295036e-002
1.760054e+002	-6.641135e+000
1.763069e+002	5.177260e-001
1.772163e+002	3.191527e+001
1.775836e+002	4.169432e+001
1.775073e+002	3.378561e+001
1.777104e+002	3.701421e+001
1.776506e+002	2.976076e+001
1.775250e+002	1.988668e+001
1.773995e+002	1.001306e+001
1.772083e+002	-2.481188e+000
1.770499e+002	-1.366536e+001
1.772365e+002	-1.109202e+001
1.777188e+002	3.272999e+000
1.781682e+002	1.632751e+001
1.781905e+002	1.234951e+001
1.779501e+002	-2.109655e+000
1.779724e+002	-6.087656e+000
1.785368e+002	1.155282e+001
1.786248e+002	1.019544e+001
1.785321e+002	1.631458e+000
1.787023e+002	3.549527e+000
1.789546e+002	8.743038e+000
1.793219e+002	1.852254e+001
1.795413e+002	2.240552e+001
1.794980e+002	1.580734e+001
1.796517e+002	1.707014e+001
1.799697e+002	2.488429e+001
1.800085e+002	2.156155e+001
1.797023e+002	4.481747e+000
1.797739e+002	2.469106e+000
1.797633e+002	-2.818977e+000
1.797528e+002	-8.107070e+000
1.799887e+002	-3.568817e+000
1.801588e+002	-1.650747e+000
1.803126e+002	-3.879462e-001
1.808770e+002	1.725253e+001
1.810307e+002	1.851533e+001
1.811023e+002	1.650269e+001
1.814532e+002	2.562691e+001
1.817548e+002	3.278579e+001
1.817114e+002	2.618761e+001
1.817337e+002	2.220961e+001
1.816246e+002	1.299079e+001
1.817291e+002	1.228868e+001
1.818664e+002	1.289622e+001
1.817902e+002	4.987945e+000
1.818946e+002	4.285396e+000
1.821469e+002	9.478907e+000
1.821857e+002	6.156175e+000
1.820437e+002	-4.372720e+000
1.821318e+002	-5.730093e+000
1.824498e+002	2.083592e+000
1.827021e+002	7.277103e+000
1.829379e+002	1.181580e+001
1.831902e+002	1.700932e+001
1.829990e+002	4.515067e+000
1.829228e+002	-3.393644e+000
1.832079e+002	3.110393e+000
1.835424e+002	1.157936e+001
1.833183e+002	-2.224980e+000
1.832092e+002	-1.144378e+001
1.834944e+002	-4.940170e+000
1.837138e+002	-1.056750e+000
1.838018e+002	-2.414133e+000
1.835613e+002	-1.687374e+001
1.836165e+002	-1.954165e+001
1.839838e+002	-9.762158e+000
1.841540e+002	-7.844088e+000
1.844391e+002	-1.340475e+000
1.846586e+002	2.542934e+000
1.848287e+002	4.460569e+000
1.848510e+002	4.830023e-001
1.852676e+002	1.222742e+001
1.858320e+002	2.986790e+001
1.858872e+002	2.719999e+001
1.856303e+002	1.208556e+001
1.857183e+002	1.072817e+001
1.854614e+002	-4.386701e+000
1.852866e+002	-1.622568e+001
1.854568e+002	-1.430762e+001
1.856433e+002	-1.173473e+001
1.858628e+002	-7.851296e+000
1.863779e+002	7.823830e+000
1.862031e+002	-4.015157e+000
1.859790e+002	-1.781950e+001
1.860507e+002	-1.983214e+001
1.862044e+002	-1.856934e+001
1.864074e+002	-1.534118e+001
1.866268e+002	-1.145775e+001
1.873884e+002	1.404370e+001
1.877885e+002	2.513329e+001
1.877123e+002	1.722501e+001
1.877346e+002	1.324701e+001
1.877405e+002	8.613743e+000
1.881078e+002	1.839324e+001
1.886393e+002	3.472319e+001
1.885303e+002	2.550482e+001
1.884212e+002	1.628602e+001
1.886735e+002	2.147954e+001
1.887286e+002	1.881162e+001
1.885374e+002	6.317811e+000
1.885269e+002	1.029719e+000
1.891734e+002	2.194565e+001
1.894914e+002	2.975935e+001
1.894152e+002	2.185107e+001
1.892076e+002	8.701552e+000
1.891806e+002	2.758190e+000
1.892358e+002	9.072570e-002
1.890610e+002	-1.174826e+001
1.890176e+002	-1.834688e+001
1.893028e+002	-1.184283e+001
1.894565e+002	-1.058003e+001
1.897909e+002	-2.111058e+000
1.899282e+002	-1.503091e+000
1.896549e+002	-1.727279e+001
1.896608e+002	-2.190606e+001
1.900445e+002	-1.147173e+001
1.905268e+002	2.893290e+000
1.908448e+002	1.070743e+001
1.909164e+002	8.694789e+000
1.908894e+002	2.751427e+000
1.907311e+002	-8.432726e+000
1.906220e+002	-1.765109e+001
1.905129e+002	-2.686990e+001
1.906173e+002	-2.757246e+001
1.911489e+002	-1.124206e+001
1.917954e+002	9.673865e+000
1.919985e+002	1.290203e+001
1.918894e+002	3.683213e+000
1.916981e+002	-8.811032e+000
1.917369e+002	-1.213377e+001
1.918414e+002	-1.283588e+001
1.918144e+002	-1.877924e+001
1.922638e+002	-5.724299e+000
1.924668e+002	-2.496138e+000
1.924070e+002	-9.749591e+000
1.925608e+002	-8.486780e+000
1.928952e+002	-1.781607e-002
1.930161e+002	-6.510690e-002
1.924142e+002	-2.893660e+001
1.920751e+002	-4.732693e+001
1.924917e+002	-3.558252e+001
1.925633e+002	-3.759472e+001
1.926678e+002	-3.829728e+001
1.932486e+002	-2.000197e+001
1.934680e+002	-1.611854e+001
1.934411e+002	-2.206147e+001
1.935948e+002	-2.079865e+001
1.938143e+002	-1.691523e+001
1.941158e+002	-9.756798e+000
1.943024e+002	-7.183460e+000
1.939798e+002	-2.491852e+001
1.940186e+002	-2.824126e+001
1.943530e+002	-1.977229e+001
1.942603e+002	-2.833583e+001
1.941677e+002	-3.689938e+001
1.942557e+002	-3.825675e+001
1.945244e+002	-3.240842e+001
1.950560e+002	-1.607802e+001
1.955547e+002	-1.058154e+000
1.955441e+002	-6.346246e+000
1.952379e+002	-2.342605e+001
1.958681e+002	-3.165386e+000
1.964653e+002	1.578518e+001
1.964712e+002	1.115236e+001
1.965100e+002	7.829624e+000
1.963845e+002	-2.044003e+000
1.964396e+002	-4.711912e+000
1.967576e+002	3.102217e+000
1.967964e+002	-2.209496e-001
1.967366e+002	-7.473958e+000
1.969396e+002	-4.245797e+000
1.972083e+002	1.602528e+000
1.969842e+002	-1.220180e+001
1.969080e+002	-2.011008e+001
1.970453e+002	-1.950254e+001
1.970348e+002	-2.479064e+001
1.973035e+002	-1.894185e+001
1.978187e+002	-3.266721e+000
1.977096e+002	-1.248552e+001
1.976333e+002	-2.039381e+001
1.979842e+002	-1.127001e+001
1.982858e+002	-4.111142e+000
1.985052e+002	-2.277126e-001
1.988889e+002	1.020660e+001
1.990262e+002	1.081458e+001
1.988514e+002	-1.024843e+000
1.988738e+002	-5.002410e+000
1.987811e+002	-1.356595e+001
1.987870e+002	-1.819921e+001
1.988750e+002	-1.955660e+001
1.989467e+002	-2.156924e+001
1.993796e+002	-9.169564e+000
1.996319e+002	-3.976043e+000
1.997528e+002	-4.023333e+000
2.000708e+002	3.790352e+000
2.001260e+002	1.122887e+000
2.001976e+002	-8.897437e-001
2.004992e+002	6.269118e+000
2.003244e+002	-5.569870e+000
2.001167e+002	-1.871938e+001
2.001391e+002	-2.269739e+001
2.004899e+002	-1.357315e+001
2.006272e+002	-1.296518e+001
2.007481e+002	-1.301247e+001
2.009511e+002	-9.784304e+000
2.010885e+002	-9.176337e+000
2.011436e+002	-1.184424e+001
2.014452e+002	-4.685365e+000
2.019932e+002	1.229984e+001
2.021305e+002	1.290782e+001
2.020543e+002	4.999099e+000
2.023230e+002	1.084789e+001
2.023946e+002	8.835237e+000
2.023841e+002	3.547145e+000
2.025707e+002	6.120482e+000
2.028230e+002	1.131399e+001
2.027467e+002	3.405282e+000
2.027855e+002	8.254949e-002
2.027750e+002	-5.205533e+000
2.026823e+002	-1.376908e+001
2.028360e+002	-1.250628e+001
2.029569e+002	-1.255356e+001
2.030614e+002	-1.325612e+001
2.035272e+002	4.540827e-001
2.039274e+002	1.154323e+001
2.040975e+002	1.346130e+001
2.042020e+002	1.275874e+001
2.041586e+002	6.160556e+000
2.037867e+002	-1.353985e+001
2.036283e+002	-2.472357e+001
2.036835e+002	-2.739148e+001
2.040015e+002	-1.957734e+001
2.045659e+002	-1.936854e+000
2.050318e+002	1.177290e+001
2.053005e+002	1.762125e+001
2.054871e+002	2.019458e+001
2.053451e+002	9.665679e+000
2.052853e+002	2.412236e+000
2.054226e+002	3.020213e+000
2.049686e+002	-1.995565e+001
2.047281e+002	-3.441526e+001
2.047504e+002	-3.839326e+001
2.052327e+002	-2.402822e+001
2.058792e+002	-3.112291e+000
2.060330e+002	-1.849490e+000
2.056611e+002	-2.154947e+001
2.056505e+002	-2.683757e+001
2.062971e+002	-5.921628e+000
2.065329e+002	-1.383375e+000
2.067359e+002	1.844776e+000
2.068897e+002	3.107577e+000
2.069613e+002	1.094936e+000
2.071972e+002	5.633624e+000
2.074002e+002	8.861785e+000
2.076853e+002	1.536539e+001
2.076912e+002	1.073256e+001
2.075000e+002	-1.761671e+000
2.076702e+002	1.563878e-001
2.080703e+002	1.124553e+001
2.082897e+002	1.512895e+001
2.081807e+002	5.910151e+000
2.082851e+002	5.208037e+000
2.082582e+002	-7.353142e-001
2.082312e+002	-6.678231e+000
2.083357e+002	-7.380780e+000
2.085880e+002	-2.187259e+000
2.088403e+002	3.006243e+000
2.095689e+002	2.719763e+001
2.099033e+002	3.566658e+001
2.094000e+002	1.072537e+001
2.086667e+002	-2.338692e+001
2.086398e+002	-2.933028e+001
2.089085e+002	-2.348149e+001
2.093908e+002	-9.116459e+000
2.096759e+002	-2.612846e+000
2.097804e+002	-3.315405e+000
2.100491e+002	2.533365e+000
2.105149e+002	1.624314e+001
2.105208e+002	1.161032e+001
2.105924e+002	9.597675e+000
2.110254e+002	2.199735e+001
2.109492e+002	1.408864e+001
2.108894e+002	6.835184e+000
2.105503e+002	-1.155469e+001
2.104412e+002	-2.077350e+001
2.103650e+002	-2.868178e+001
2.104366e+002	-3.069442e+001
2.108367e+002	-1.960527e+001
2.111876e+002	-1.048103e+001
2.111278e+002	-1.773448e+001
2.113801e+002	-1.254097e+001
2.118131e+002	-1.412870e-001
2.120818e+002	5.707482e+000
2.124162e+002	1.417645e+001
2.123564e+002	6.923003e+000
2.124280e+002	4.910362e+000
2.126803e+002	1.010387e+001
2.128012e+002	1.005659e+001
2.124621e+002	-8.333289e+000
2.123202e+002	-1.886219e+001
2.123097e+002	-2.415029e+001
2.122499e+002	-3.140373e+001
2.124200e+002	-2.948566e+001
2.128695e+002	-1.643115e+001
2.129575e+002	-1.778854e+001
2.130126e+002	-2.045644e+001
2.131171e+002	-2.115856e+001
2.135337e+002	-9.414144e+000
2.136874e+002	-8.151333e+000
2.134141e+002	-2.392104e+001
2.136335e+002	-2.003762e+001
2.142307e+002	-1.087033e+000
2.145980e+002	8.692012e+000
2.145218e+002	7.837356e-001
2.143634e+002	-1.040042e+001
2.142708e+002	-1.896396e+001
2.140467e+002	-3.276831e+001
2.143318e+002	-2.626471e+001
2.147484e+002	-1.451985e+001
2.148529e+002	-1.522240e+001
2.146781e+002	-2.706138e+001
2.149139e+002	-2.252313e+001
2.149691e+002	-2.519060e+001
2.150736e+002	-2.589315e+001
2.152273e+002	-2.463035e+001
2.156275e+002	-1.354077e+001
2.159783e+002	-4.416539e+000
2.161649e+002	-1.843635e+000
2.161872e+002	-5.821636e+000
2.165709e+002	4.612677e+000
2.166261e+002	1.945202e+000
2.162049e+002	-1.972056e+001
2.161451e+002	-2.697401e+001
2.160524e+002	-3.553755e+001
2.163540e+002	-2.837867e+001
2.169513e+002	-9.428104e+000
2.175157e+002	8.212381e+000
2.177187e+002	1.144053e+001
2.177903e+002	9.427892e+000
2.180590e+002	1.527668e+001
2.179992e+002	8.023229e+000
2.177259e+002	-7.746468e+000
2.176989e+002	-1.368983e+001
2.178033e+002	-1.439193e+001
2.177928e+002	-1.968003e+001
2.178973e+002	-2.038258e+001
2.181496e+002	-1.518907e+001
2.181883e+002	-1.851180e+001
2.182106e+002	-2.248981e+001
2.186108e+002	-1.140022e+001
2.189616e+002	-2.275986e+000
2.190168e+002	-4.943895e+000
2.190063e+002	-1.023198e+001
2.192750e+002	-4.383198e+000
2.192316e+002	-1.098138e+001
2.190733e+002	-2.216555e+001
2.191941e+002	-2.221284e+001
2.193479e+002	-2.095004e+001
2.196330e+002	-1.444643e+001
2.198360e+002	-1.121783e+001
2.199898e+002	-9.955016e+000
2.198643e+002	-1.982909e+001
2.198045e+002	-2.708211e+001
2.202867e+002	-1.271751e+001
2.204240e+002	-1.210953e+001
2.203150e+002	-2.132833e+001
2.202223e+002	-2.989188e+001
2.205567e+002	-2.142290e+001
2.209733e+002	-9.678488e+000
2.212256e+002	-4.484977e+000
2.212643e+002	-7.807709e+000
2.210403e+002	-2.161206e+001
2.210626e+002	-2.559006e+001
2.214627e+002	-1.450047e+001
2.216986e+002	-9.962223e+000
2.219180e+002	-6.078793e+000
2.223346e+002	5.665612e+000
2.223898e+002	2.998147e+000
2.222971e+002	-5.565388e+000
2.224344e+002	-4.957854e+000
2.224403e+002	-9.590680e+000
2.223805e+002	-1.684412e+001
2.222714e+002	-2.606293e+001
2.222937e+002	-3.004050e+001
2.227267e+002	-1.764082e+001
2.228969e+002	-1.572319e+001
2.230178e+002	-1.577048e+001
2.234508e+002	-3.370801e+000
2.234895e+002	-6.693534e+000
2.237418e+002	-1.500022e+000
2.238463e+002	-2.202137e+000
2.239672e+002	-2.249418e+000
2.242030e+002	2.288825e+000
2.243568e+002	3.551626e+000
2.244941e+002	4.159614e+000
2.244178e+002	-3.749097e+000
2.243909e+002	-9.692014e+000
2.244789e+002	-1.104984e+001
2.245177e+002	-1.437257e+001
2.244907e+002	-2.031549e+001
2.244145e+002	-2.822420e+001
2.244697e+002	-3.089168e+001
2.247055e+002	-2.635342e+001
2.250728e+002	-1.657437e+001
2.255715e+002	-1.554066e+000
2.256267e+002	-4.221975e+000
2.257147e+002	-5.579348e+000
2.258356e+002	-5.626638e+000
2.257265e+002	-1.484545e+001
2.256174e+002	-2.406382e+001
2.257219e+002	-2.476637e+001
2.261385e+002	-1.302195e+001
2.263251e+002	-1.044863e+001
2.264788e+002	-9.185815e+000
2.265011e+002	-1.316382e+001
2.262770e+002	-2.696816e+001
2.263651e+002	-2.832555e+001
2.264203e+002	-3.099345e+001
2.266726e+002	-2.579994e+001
2.274341e+002	-2.980281e-001
2.275057e+002	-2.310669e+000
2.276101e+002	-3.013228e+000
2.277310e+002	-3.060519e+000
2.276876e+002	-9.658693e+000
2.280056e+002	-1.844998e+000
2.283237e+002	5.969131e+000
2.282310e+002	-2.594404e+000
2.282040e+002	-8.537755e+000
2.285056e+002	-1.378883e+000
2.284787e+002	-7.322244e+000
2.283531e+002	-1.719588e+001
2.282605e+002	-2.575942e+001
2.285456e+002	-1.925581e+001
2.288308e+002	-1.275219e+001
2.290174e+002	-1.017885e+001
2.291218e+002	-1.088141e+001
2.289306e+002	-2.337567e+001
2.287722e+002	-3.455939e+001
2.289095e+002	-3.395185e+001
2.290633e+002	-3.268862e+001
2.295291e+002	-1.897884e+001
2.298964e+002	-9.199775e+000
2.299023e+002	-1.383261e+001
2.298589e+002	-2.043080e+001
2.299469e+002	-2.178861e+001
2.301828e+002	-1.724993e+001
2.301394e+002	-2.384855e+001
2.302439e+002	-2.455066e+001
2.304962e+002	-1.935715e+001
2.308306e+002	-1.088817e+001
2.310008e+002	-8.970115e+000
2.309739e+002	-1.491347e+001
2.310783e+002	-1.561558e+001
2.310514e+002	-2.155894e+001
2.312708e+002	-1.767552e+001
2.313096e+002	-2.099826e+001
2.314140e+002	-2.170080e+001
2.317156e+002	-1.454193e+001
2.319679e+002	-9.348411e+000
2.319902e+002	-1.332641e+001
2.319304e+002	-2.057986e+001
2.320513e+002	-2.062716e+001
2.323036e+002	-1.543364e+001
2.325066e+002	-1.220548e+001
2.325618e+002	-1.487295e+001
2.324855e+002	-2.278167e+001
2.327050e+002	-1.889823e+001
2.326287e+002	-2.680651e+001
2.328153e+002	-2.423361e+001
2.332483e+002	-1.183393e+001
2.335335e+002	-5.330326e+000
2.334737e+002	-1.258378e+001
2.335781e+002	-1.328588e+001
2.338140e+002	-8.747631e+000
2.338035e+002	-1.403572e+001
2.336944e+002	-2.325454e+001
2.340452e+002	-1.413031e+001
2.345768e+002	2.200078e+000
2.346155e+002	-1.122645e+000
2.343258e+002	-1.754762e+001
2.344631e+002	-1.693964e+001
2.345511e+002	-1.829746e+001
2.348527e+002	-1.113858e+001
2.352364e+002	-7.042648e-001
2.349302e+002	-1.778405e+001
2.349032e+002	-2.372741e+001
2.351884e+002	-1.722337e+001
2.353750e+002	-1.465047e+001
2.356108e+002	-1.011222e+001
2.356168e+002	-1.474505e+001
2.357541e+002	-1.413708e+001
2.360721e+002	-6.323373e+000
2.361929e+002	-6.370664e+000
2.358867e+002	-2.345045e+001
2.355641e+002	-4.118552e+001
2.357507e+002	-3.861218e+001
2.360687e+002	-3.079847e+001
