0	5,575E8
53625,79	5,49668E8
31059,48	5,38703E8
84683,91	5,30871E8
24010,75	5,1834E8
58582,44	5,09724E8
-21121,87	4,96411E8
-100847,8	4,83097E8
-85328,84	4,73698E8
6402,445	4,67432E8
21920,03	4,58033E8
-76837,7	4,43937E8
-80371,51	4,33755E8
-102937,8	4,2279E8
-87419,56	4,13392E8
-109986,5	4,02427E8
-75414,86	3,93812E8
-59895,93	3,84413E8
12781,94	3,77364E8
-9783,7	3,66399E8
-32350,68	3,55435E8
-73969,75	3,43687E8
-134642,9	3,31156E8
-81017,79	3,23324E8
-103605,7	3,12359E8
-183310,7	2,99045E8
-243983,9	2,86514E8
-190358,1	2,78682E8
-155786,4	2,70067E8
-216459,5	2,57535E8
-200941,3	2,48137E8
-242561	2,36389E8
-207989,3	2,27773E8
-116257,4	2,21508E8
-119770,2	2,11327E8
-123305,4	2,01145E8
-69680,3	1,93312E8
-54162,04	1,83914E8
-38621,5	1,74516E8
15002,94	1,66683E8
-83776,4	1,52586E8
-30151,29	1,44754E8
-14633,03	1,35355E8
-18145,91	1,25174E8
-21659,47	1,14993E8
70050,21	1,08726E8
161781,5	1,0246E8
120162,4	9,07126E7
78521,77	7,8964E7
75008,21	6,87828E7
185770,6	6,32996E7
144151,6	5,15518E7
178723,3	4,29363E7
213316,6	3,43217E7
209781,4	2,41397E7
225300,3	1,47409E7
297977,5	7,69193E6
294465,3	-2,48923E6
367143,8	-9,53817E6
382661,4	-1,89369E7
493425,2	-2,44202E7
547049,6	-3,22524E7
829270,7	-3,0687E7
959087,1	-3,5387E7
1,0889E6	-4,0087E7
1,12347E6	-4,87025E7
1,19615E6	-5,57514E7
1,68792E6	-4,55717E7
2,00822E6	-4,24406E7
1,98563E6	-5,3406E7
2,11547E6	-5,81051E7
2,07385E6	-6,98528E7
2,4513E6	-6,43728E7
2,29538E6	-8,08193E7
2,84428E6	-6,82906E7
3,03125E6	-7,06407E7
3,25632E6	-7,14252E7
3,1385E6	-8,63052E7
3,05878E6	-9,96195E7
3,01716E6	-1,11367E8
3,45176E6	-1,03537E8
4,13399E6	-8,55275E7
4,75911E6	-6,98657E7
5,23179E6	-6,04701E7
5,47591E6	-6,04713E7
5,70097E6	-6,12557E7
5,94508E6	-6,12569E7
5,97968E6	-6,98715E7
5,95709E6	-8,08369E7
5,95357E6	-9,1018E7
6,1215E6	-9,41514E7
6,06082E6	-1,06683E8
6,32399E6	-1,059E8
6,4157E6	-1,12167E8
6,48838E6	-1,19216E8
6,5039E6	-1,28615E8
6,69087E6	-1,30965E8
6,7445E6	-1,38797E8
6,96956E6	-1,39581E8
7,15651E6	-1,41932E8
7,34349E6	-1,44283E8
7,83525E6	-1,34103E8
7,88885E6	-1,41936E8
8,19013E6	-1,39587E8
8,1866E6	-1,49769E8
8,48787E6	-1,47421E8
8,77007E6	-1,45856E8
9,09039E6	-1,42724E8
8,95353E6	-1,58387E8
9,04524E6	-1,64654E8
9,80368E6	-1,43511E8
1,05431E7	-1,23151E8
1,12253E7	-1,05141E8
1,15647E7	-1,01227E8
1,13897E7	-1,18456E8
1,18815E7	-1,08277E8
1,21446E7	-1,07495E8
1,25792E7	-9,96652E7
1,31853E7	-8,47875E7
1,34103E7	-8,5572E7
1,3883E7	-7,61756E7
1,37271E7	-9,26221E7
1,40093E7	-9,10567E7
1,46535E7	-7,46125E7
1,48214E7	-7,77459E7
1,4875E7	-8,5579E7
1,49096E7	-9,41936E7
1,4868E7	-1,05941E8
1,50359E7	-1,09076E8
1,50324E7	-1,19257E8
1,51622E7	-1,23957E8
1,51396E7	-1,34921E8
1,52694E7	-1,39621E8
1,52469E7	-1,50586E8
1,54719E7	-1,5137E8
1,5716E7	-1,51371E8
1,59602E7	-1,51373E8
1,65091E7	-1,38844E8
1,69056E7	-1,32581E8
1,67306E7	-1,4981E8
1,71081E7	-1,44329E8
1,70474E7	-1,5686E8
1,7101E7	-1,64693E8
1,7288E7	-1,67043E8
1,76083E7	-1,63912E8
1,80429E7	-1,56082E8
1,82299E7	-1,58432E8
1,87407E7	-1,4747E8
1,908E7	-1,43556E8
1,90575E7	-1,5452E8
1,90539E7	-1,64702E8
1,94123E7	-1,60004E8
1,92183E7	-1,78018E8
1,93862E7	-1,81151E8
1,95923E7	-1,82718E8
1,9703E7	-1,88201E8
1,97566E7	-1,96033E8
1,98293E7	-2,03082E8
2,00734E7	-2,03083E8
1,98794E7	-2,21096E8
1,98568E7	-2,32061E8
1,98914E7	-2,40676E8
1,98879E7	-2,50858E8
1,99606E7	-2,57907E8
2,09857E7	-2,25801E8
2,19727E7	-1,95261E8
2,27883E7	-1,71769E8
2,30896E7	-1,69421E8
2,29717E7	-1,84301E8
2,30444E7	-1,9135E8
2,31933E7	-1,95266E8
2,32088E7	-2,04665E8
2,3091E7	-2,19545E8
2,37923E7	-2,00752E8
2,40364E7	-2,00753E8
2,42043E7	-2,03887E8
2,42008E7	-2,14069E8
2,45021E7	-2,1172E8
2,4689E7	-2,14071E8
2,46474E7	-2,25819E8
2,46248E7	-2,36783E8
2,45451E7	-2,50097E8
2,5075E7	-2,38352E8
2,52619E7	-2,40702E8
2,60394E7	-2,18776E8
2,73312E7	-1,75706E8
2,75372E7	-1,77274E8
2,74766E7	-1,89805E8
2,77588E7	-1,8824E8
2,85553E7	-1,65531E8
2,88756E7	-1,62399E8
2,89483E7	-1,69449E8
2,92686E7	-1,66317E8
2,94175E7	-1,70234E8
2,95283E7	-1,75717E8
2,97343E7	-1,77285E8
2,98069E7	-1,84334E8
3,06416E7	-1,60058E8
3,1381E7	-1,39699E8
3,15298E7	-1,43615E8
3,17168E7	-1,45966E8
3,19609E7	-1,45967E8
3,20907E7	-1,50667E8
3,2773E7	-1,32657E8
3,29218E7	-1,36573E8
3,30898E7	-1,39707E8
3,33148E7	-1,40491E8
3,38066E7	-1,30312E8
3,40126E7	-1,31879E8
3,44472E7	-1,24049E8
3,55295E7	-8,95941E7
3,57545E7	-9,03777E7
3,59605E7	-9,19454E7
3,61856E7	-9,27299E7
3,62773E7	-9,89955E7
3,69405E7	-8,17689E7
3,65751E7	-1,06829E8
3,67049E7	-1,11529E8
3,68538E7	-1,15446E8
3,69264E7	-1,22495E8
3,70372E7	-1,27978E8
3,74528E7	-1,20931E8
3,8116E7	-1,03704E8
3,82458E7	-1,08404E8
3,84137E7	-1,11537E8
3,87149E7	-1,09189E8
3,93972E7	-9,11785E7
3,98889E7	-8,09997E7
3,98664E7	-9,19641E7
4,02819E7	-8,49176E7
4,0126E7	-1,01364E8
4,02939E7	-1,04498E8
4,02142E7	-1,17812E8
4,01154E7	-1,31909E8
4,08929E7	-1,09982E8
4,11751E7	-1,08418E8
4,13621E7	-1,10768E8
4,13776E7	-1,20167E8
4,13551E7	-1,31131E8
4,14849E7	-1,35831E8
4,1348E7	-1,51494E8
4,1916E7	-1,38182E8
4,19696E7	-1,46015E8
4,21184E7	-1,49932E8
4,23054E7	-1,52282E8
4,23781E7	-1,59331E8
4,27365E7	-1,54634E8
4,38378E7	-1,19395E8
4,45582E7	-9,98186E7
4,53547E7	-7,71099E7
4,52559E7	-9,12066E7
4,50238E7	-1,10785E8
4,5687E7	-9,35588E7
4,62931E7	-7,86803E7
4,64038E7	-8,41636E7
4,67813E7	-7,86826E7
4,72921E7	-6,77205E7
4,70028E7	-8,96491E7
4,73993E7	-8,3385E7
4,71672E7	-1,02964E8
4,74304E7	-1,02182E8
4,72173E7	-1,20978E8
4,6909E7	-1,43689E8
4,79722E7	-1,10016E8
4,83306E7	-1,05319E8
4,8289E7	-1,17067E8
4,8495E7	-1,18634E8
4,85106E7	-1,28033E8
4,86594E7	-1,3195E8
4,91131E7	-1,23336E8
4,89953E7	-1,38216E8
4,91632E7	-1,41351E8
4,93692E7	-1,42918E8
4,96705E7	-1,4057E8
4,93431E7	-1,64064E8
4,94158E7	-1,71113E8
4,96408E7	-1,71897E8
4,97707E7	-1,76597E8
4,99195E7	-1,80514E8
5,01255E7	-1,82082E8
5,05221E7	-1,75818E8
5,05566E7	-1,84433E8
5,08579E7	-1,82085E8
5,08734E7	-1,91483E8
5,10794E7	-1,93051E8
5,09997E7	-2,06365E8
5,10914E7	-2,12631E8
5,13355E7	-2,12632E8
5,20559E7	-1,93056E8
5,21286E7	-2,00105E8
5,32108E7	-1,65649E8
5,45598E7	-1,2023E8
5,53373E7	-9,83036E7
5,53528E7	-1,07702E8
5,58065E7	-9,90892E7
5,63173E7	-8,81271E7
5,65614E7	-8,81283E7
5,67293E7	-9,12617E7
5,66877E7	-1,03009E8
5,71604E7	-9,36139E7
5,74235E7	-9,28318E7
5,70962E7	-1,16326E8
5,75498E7	-1,07713E8
5,75653E7	-1,17112E8
5,80571E7	-1,06932E8
5,77488E7	-1,29644E8
5,88311E7	-9,51877E7
6,04658E7	-3,80218E7
6,09956E7	-2,62764E7
6,14874E7	-1,60975E7
6,14838E7	-2,62787E7
6,16137E7	-3,09787E7
6,2334E7	-1,14023E7
6,21781E7	-2,78488E7
6,24031E7	-2,86333E7
6,27997E7	-2,23691E7
6,26056E7	-4,03822E7
6,29069E7	-3,80335E7
6,36653E7	-1,68914E7
6,35475E7	-3,17713E7
6,38297E7	-3,0206E7
6,43786E7	-1,76782E7
6,4737E7	-1,29805E7
6,4905E7	-1,6114E7
6,52062E7	-1,37653E7
6,54122E7	-1,5333E7
6,55992E7	-1,7684E7
6,62243E7	-2,02221E6
6,66399E7	5,02437E6
6,6503E7	-1,06389E7
6,64423E7	-2,31699E7
6,67626E7	-2,00388E7
6,69496E7	-2,2389E7
6,70032E7	-3,02212E7
6,71711E7	-3,33555E7
6,76629E7	-2,31758E7
6,79451E7	-2,16113E7
6,84559E7	-1,06483E7
6,83E7	-2,70948E7
6,83536E7	-3,4927E7
6,88263E7	-2,55315E7
6,90704E7	-2,55326E7
6,93717E7	-2,3184E7
6,9311E7	-3,5715E7
6,95551E7	-3,57162E7
7,0104E7	-2,31875E7
7,01767E7	-3,02364E7
7,02303E7	-3,80686E7
7,07602E7	-2,63232E7
7,15567E7	-3,61455E6
7,18389E7	-2,04916E6
7,14354E7	-2,86766E7
7,14509E7	-3,80745E7
7,21141E7	-2,08479E7
7,27201E7	-5,96937E6
7,2869E7	-9,88606E6
7,28083E7	-2,24171E7
7,25572E7	-4,27791E7
7,28394E7	-4,12146E7
7,3674E7	-1,69394E7
7,36324E7	-2,86871E7
7,37241E7	-3,49528E7
7,41206E7	-2,86895E7
7,486E7	-8,32975E6
7,52565E7	-2,06556E6
7,47387E7	-3,33918E7
7,47923E7	-4,1224E7
7,53983E7	-2,63455E7
7,60234E7	-1,06846E7
7,63628E7	-6,77022E6
7,61307E7	-2,6349E7
7,65653E7	-1,85191E7
7,72094E7	-2,07493E6
7,73202E7	-7,55819E6
7,74119E7	-1,38238E7
7,76179E7	-1,53916E7
7,73668E7	-3,57536E7
7,74585E7	-4,20193E7
7,84455E7	-1,14796E7
7,82325E7	-3,02751E7
7,8629E7	-2,40118E7
7,8835E7	-2,55795E7
7,92886E7	-1,69663E7
7,93994E7	-2,24487E7
7,99293E7	-1,07033E7
7,99257E7	-2,08854E7
8,04175E7	-1,07057E7
8,08711E7	-2,09249E6
8,12105E7	1,82185E6
8,15689E7	6,51859E6
8,18702E7	8,86725E6
8,20762E7	7,29953E6
8,21679E7	1,03388E6
8,17072E7	-2,79425E7
8,25228E7	-4,45054E6
8,26716E7	-8,36724E6
8,223E7	-3,65603E7
8,29313E7	-1,77672E7
8,36326E7	1,02685E6
8,37433E7	-4,4564E6
8,3797E7	-1,22886E7
8,39649E7	-1,5422E7
8,419E7	-1,62065E7
8,43769E7	-1,85566E7
8,4621E7	-1,85578E7
8,42746E7	-4,28354E7
8,45759E7	-4,04876E7
8,52772E7	-2,16944E7
8,55023E7	-2,2478E7
8,54606E7	-3,42257E7
8,6181E7	-1,46493E7
8,67489E7	-1,33821E6
8,69359E7	-3,68834E6
8,67038E7	-2,32671E7
8,73098E7	-8,38949E6
8,71539E7	-2,4836E7
8,76076E7	-1,62229E7
8,74326E7	-3,34527E7
8,82863E7	-8,39417E6
8,81685E7	-2,32742E7
8,78602E7	-4,59852E7
8,85043E7	-2,95419E7
8,8996E7	-1,93621E7
8,94116E7	-1,23156E7
8,93319E7	-2,56299E7
8,92522E7	-3,89433E7
8,94201E7	-4,20767E7
9,01214E7	-2,32835E7
9,0556E7	-1,54537E7
9,04953E7	-2,79847E7
9,06442E7	-3,19014E7
9,07169E7	-3,89503E7
9,08467E7	-4,36503E7
9,11098E7	-4,28682E7
9,17349E7	-2,72072E7
9,196E7	-2,79917E7
9,20327E7	-3,50406E7
9,22958E7	-3,42585E7
9,27876E7	-2,40797E7
9,32031E7	-1,70331E7
9,31425E7	-2,95641E7
9,37866E7	-1,31199E7
9,43545E7	192023,6
9,44463E7	-6,07361E6
9,46332E7	-8,42464E6
9,45345E7	-2,25213E7
9,49881E7	-1,39082E7
9,50417E7	-2,17413E7
9,51906E7	-2,5658E7
9,50537E7	-4,13212E7
9,58122E7	-2,01782E7
9,56944E7	-3,50582E7
9,58051E7	-4,05415E7
9,62969E7	-3,03617E7
9,67124E7	-2,33152E7
9,69566E7	-2,33163E7
9,73912E7	-1,54865E7
9,73686E7	-2,64509E7
9,8108E7	-6,09118E6
9,77806E7	-2,95864E7
9,82343E7	-2,09732E7
9,89546E7	-1,39678E6
9,88749E7	-1,47102E7
9,91E7	-1,54947E7
9,90774E7	-2,64591E7
9,97596E7	-8,44923E6
1,0008E8	-5,31816E6
9,99812E7	-1,94149E7
1,00206E8	-2,01993E7
1,00889E8	-2,18855E6
1,00999E8	-7,6718E6
1,00748E8	-2,80339E7
1,01316E8	-1,47219E7
1,01294E8	-2,56873E7
1,01461E8	-2,88207E7
1,01458E8	-3,90018E7
1,02235E8	-1,70764E7
1,02346E8	-2,25588E7
1,02628E8	-2,09943E7
1,0293E8	-1,86456E7
1,03498E8	-5,33456E6
1,03894E8	929620
1,04272E8	6,40964E6
1,03792E8	-2,33491E7
1,03826E8	-3,19646E7
1,03861E8	-4,05801E7
1,04657E8	-1,78714E7
1,04806E8	-2,17881E7
1,04917E8	-2,72705E7
1,0539E8	-1,7875E7
1,05539E8	-2,17916E7
1,0603E8	-1,16119E7
1,06103E8	-1,86609E7
1,06138E8	-2,72764E7
1,06706E8	-1,39644E7
1,06835E8	-1,86644E7
1,06946E8	-2,41476E7
1,07209E8	-2,33655E7
1,07358E8	-2,72822E7
1,07279E8	-4,05965E7
1,07561E8	-3,90311E7
1,08014E8	-3,0418E7
1,0843E8	-2,33714E7
1,08655E8	-2,41558E7
1,08709E8	-3,1988E7
1,09124E8	-2,49415E7
1,09787E8	-7,71398E6
1,1026E8	1,68245E6
1,09914E8	-2,25951E7
1,09586E8	-4,60894E7
1,10516E8	-1,78996E7
1,10932E8	-1,08521E7
1,11004E8	-1,79019E7
1,11172E8	-2,10353E7
1,11512E8	-1,7121E7
1,12003E8	-6,94123E6
1,11562E8	-3,51343E7
1,11692E8	-3,98343E7
1,12107E8	-3,27877E7
1,12275E8	-3,59211E7
1,12672E8	-2,96578E7
1,12935E8	-2,88757E7
1,13541E8	-1,39972E7
1,13309E8	-3,35769E7
1,13839E8	-2,18315E7
1,14064E8	-2,2615E7
1,1486E8	93633,62
1,14419E8	-2,80995E7
1,1451E8	-3,43651E7
1,15059E8	-2,18373E7
1,15227E8	-2,49707E7
1,16005E8	-3,04446E6
1,16534E8	8,70092E6
1,15826E8	-3,04555E7
1,16546E8	-1,0879E7
1,16562E8	-2,02778E7
1,16787E8	-2,10623E7
1,17336E8	-8,53357E6
1,1758E8	-8,53474E6
1,17157E8	-3,59446E7
1,17802E8	-1,95004E7
1,17741E8	-3,20314E7
1,18328E8	-1,7937E7
1,18724E8	-1,16728E7
1,18626E8	-2,57704E7
1,18584E8	-3,75182E7
1,1898E8	-3,1254E7
1,19167E8	-3,3605E7
1,19373E8	-3,51718E7
1,19846E8	-2,57763E7
1,19805E8	-3,7524E7
1,19782E8	-4,84885E7
1,20293E8	-3,75264E7
1,20251E8	-4,92741E7
1,21105E8	-2,42156E7
1,21444E8	-2,03012E7
1,21022E8	-4,77111E7
1,22047E8	-1,56048E7
1,22177E8	-2,03047E7
1,21544E8	-5,63289E7
1,2215E8	-4,14513E7
1,22756E8	-2,65727E7
1,2321E8	-1,79605E7
1,23645E8	-1,01297E7
1,23679E8	-1,87452E7
1,2379E8	-2,42285E7
1,24491E8	-5,4353E6
1,24259E8	-2,50141E7
1,24827E8	-1,17021E7
1,25281E8	-3,08897E6
1,25182E8	-1,71865E7
1,25179E8	-2,73677E7
1,26013E8	-3,09248E6
1,2601E8	-1,32746E7
1,2612E8	-1,87569E7
1,26498E8	-1,32769E7
1,26571E8	-2,03258E7
1,26815E8	-2,0327E7
1,26925E8	-2,58102E7
1,26674E8	-4,61714E7
1,27338E8	-2,89448E7
1,27467E8	-3,36448E7
1,28073E8	-1,87663E7
1,2847E8	-1,2503E7
1,28047E8	-3,99128E7
1,28253E8	-4,14805E7
1,2884E8	-2,73853E7
1,29313E8	-1,79898E7
1,29214E8	-3,20864E7
1,2942E8	-3,36542E7
1,29226E8	-5,16664E7
1,30308E8	-1,72112E7
1,30495E8	-1,95613E7
1,3074E8	-1,95625E7
1,31174E8	-1,17326E7
1,31285E8	-1,72158E7
1,31453E8	-2,03492E7
1,31811E8	-1,56516E7
1,31808E8	-2,58337E7
1,32604E8	-3,12411E6
1,32391E8	-2,19205E7
1,32654E8	-2,11384E7
1,32746E8	-2,7404E7
1,33028E8	-2,58395E7
1,32834E8	-4,38518E7
1,33517E8	-2,58419E7
1,34123E8	-1,09634E7
1,33776E8	-3,52409E7
1,34649E8	-9,40002E6
1,34512E8	-2,50633E7
1,34851E8	-2,11489E7
1,34905E8	-2,89811E7
1,35625E8	-9,4047E6
1,35984E8	-4,70708E6
1,36476E8	5,47264E6
1,35882E8	-2,89858E7
1,36088E8	-3,05527E7
1,3637E8	-2,89882E7
1,37071E8	-1,01941E7
1,36877E8	-2,82072E7
1,37293E8	-2,11606E7
1,3788E8	-7,0654E6
1,37876E8	-1,72475E7
1,3812E8	-1,72486E7
1,3825E8	-2,19486E7
1,38894E8	-5,50441E6
1,3891E8	-1,49023E7
1,38792E8	-2,97832E7
1,38731E8	-4,23133E7
1,38937E8	-4,3881E7
1,396E8	-2,66536E7
1,39616E8	-3,60523E7
1,4047E8	-1,09938E7
1,40333E8	-2,66571E7
1,40824E8	-1,64782E7
1,41545E8	3,09819E6
1,4156E8	-6,29968E6
1,41785E8	-7,08414E6
1,41915E8	-1,17841E7
1,42007E8	-1,80507E7
1,42118E8	-2,3533E7
1,42476E8	-1,88354E7
1,43196E8	741038,1
1,42926E8	-2,04043E7
1,43094E8	-2,35377E7
1,43529E8	-1,57078E7
1,43849E8	-1,25768E7
1,43617E8	-3,21556E7
1,44147E8	-2,04102E7
1,44562E8	-1,33636E7
1,45245E8	4,64718E6
1,45203E8	-7,10054E6
1,45504E8	-4,75275E6
1,45367E8	-2,0416E7
1,45497E8	-2,5116E7
1,45741E8	-2,51172E7
1,4589E8	-2,90339E7
1,46268E8	-2,35529E7
1,46778E8	-1,25908E7
1,46813E8	-2,12063E7
1,46886E8	-2,82553E7
1,46977E8	-3,45209E7
1,47279E8	-3,21731E7
1,47847E8	-1,88612E7
1,48072E8	-1,96456E7
1,48068E8	-2,98277E7
1,48388E8	-2,66957E7
1,48956E8	-1,33847E7
1,48953E8	-2,35658E7
1,49064E8	-2,90491E7
1,49479E8	-2,20025E7
1,49742E8	-2,12204E7
1,50196E8	-1,26072E7
1,50021E8	-2,98371E7
1,50075E8	-3,76693E7
1,50662E8	-2,3574E7
1,51115E8	-1,49609E7
1,5155E8	-7,131E6
1,51508E8	-1,88787E7
1,51676E8	-2,2013E7
1,51749E8	-2,9062E7
1,52279E8	-1,73166E7
1,52904E8	-1,65566E6
1,52881E8	-1,26201E7
1,53068E8	-1,49702E7
1,53122E8	-2,28025E7
1,53556E8	-1,49726E7
1,53991E8	-7,14271E6
1,53778E8	-2,59391E7
1,54346E8	-1,26271E7
1,54457E8	-1,81104E7
1,54644E8	-2,04605E7
1,54621E8	-3,1425E7
1,54999E8	-2,5945E7
1,55224E8	-2,67285E7
1,55468E8	-2,67297E7
1,55293E8	-4,39595E7
1,55594E8	-4,16117E7
1,56391E8	-1,89022E7
1,56901E8	-7,94005E6
1,56993E8	-1,42057E7
1,5718E8	-1,65567E7
1,57234E8	-2,43889E7
1,5744E8	-2,59567E7
1,57455E8	-3,53546E7
1,57757E8	-3,30068E7
1,58401E8	-1,65626E7
1,59007E8	-1,68494E6
1,58679E8	-2,51793E7
1,58866E8	-2,75294E7
1,59187E8	-2,43983E7
1,59335E8	-2,8315E7
1,59923E8	-1,42198E7
1,59805E8	-2,91006E7
1,59992E8	-3,14508E7
1,60331E8	-2,75364E7
1,60766E8	-1,97065E7
1,60838E8	-2,67555E7
1,61063E8	-2,75399E7
1,61365E8	-2,51921E7
1,62447E8	9,26399E6
1,62405E8	-2,48374E6
1,62402E8	-1,26658E7
1,62532E8	-1,73658E7
1,62395E8	-3,3029E7
1,62372E8	-4,39935E7
1,62997E8	-2,83326E7
1,63718E8	-8,75612E6
1,63733E8	-1,81549E7
1,6373E8	-2,83361E7
1,64297E8	-1,50241E7
1,64713E8	-7,97754E6
1,65529E8	1,55144E7
1,65087E8	-1,26787E7
1,65312E8	-1,34631E7
1,65537E8	-1,42467E7
1,65876E8	-1,03324E7
1,65759E8	-2,52132E7
1,66288E8	-1,34678E7
1,66723E8	-5,63794E6
1,66662E8	-1,8169E7
1,66487E8	-3,53979E7
1,6736E8	-9,55698E6
1,67757E8	-3,29278E6
1,67829E8	-1,03417E7
1,68264E8	-2,51184E6
1,67956E8	-2,52238E7
1,68428E8	-1,58273E7
1,68672E8	-1,58285E7
1,6884E8	-1,89619E7
1,68856E8	-2,83607E7
1,695E8	-1,19165E7
1,69878E8	-6,43556E6
1,69569E8	-2,91475E7
1,69528E8	-4,08952E7
1,69943E8	-3,38486E7
1,70397E8	-2,52355E7
1,70622E8	-2,60199E7
1,70942E8	-2,2888E7
1,71301E8	-1,81912E7
1,71507E8	-1,97581E7
1,71865E8	-1,50604E7
1,7209E8	-1,58449E7
1,7241E8	-1,27138E7
1,72159E8	-3,30759E7
1,7248E8	-2,99448E7
1,732E8	-1,03675E7
1,73082E8	-2,52484E7
1,73364E8	-2,3683E7
1,7338E8	-3,30817E7
1,73681E8	-3,07331E7
1,74059E8	-2,5253E7
1,74893E8	-977793,2
1,74528E8	-2,60387E7
1,75058E8	-1,42924E7
1,75435E8	-8,81235E6
1,75298E8	-2,44756E7
1,75504E8	-2,60434E7
1,7571E8	-2,76102E7
1,75973E8	-2,68281E7
1,76332E8	-2,21313E7
1,77147E8	1,36149E6
1,77201E8	-6,47071E6
1,77788E8	7,62363E6
1,7788E8	1,35798E6
1,77609E8	-1,97874E7
1,77987E8	-1,43064E7
1,78098E8	-1,97897E7
1,78818E8	-213260
1,78834E8	-9,61203E6
1,78563E8	-3,07565E7
1,79226E8	-1,35299E7
1,79566E8	-9,61555E6
1,79505E8	-2,21466E7
1,79806E8	-1,97979E7
1,79898E8	-2,60644E7
1,80333E8	-1,82346E7
1,80444E8	-2,37169E7
1,80269E8	-4,09468E7
1,81084E8	-1,74548E7
1,80928E8	-3,39013E7
1,81172E8	-3,39025E7
1,81893E8	-1,43252E7
1,81661E8	-3,39049E7
1,82248E8	-1,98096E7
1,82206E8	-3,15573E7
1,82298E8	-3,78239E7
1,82637E8	-3,39095E7
1,83243E8	-1,9031E7
1,83182E8	-3,1562E7
1,8335E8	-3,46954E7
1,83499E8	-3,86121E7
1,83572E8	-4,5662E7
1,83778E8	-4,72288E7
1,84251E8	-3,78333E7
1,84838E8	-2,3738E7
1,8552E8	-5,72814E6
1,85516E8	-1,59093E7
1,85665E8	-1,9826E7
1,85452E8	-3,86215E7
1,86496E8	-5,73283E6
1,8655E8	-1,3565E7
1,86432E8	-2,8445E7
1,87038E8	-1,35674E7
1,87454E8	-6,5199E6
1,87679E8	-7,30436E6
1,87713E8	-1,59199E7
1,879E8	-1,82709E7
1,8843E8	-6,52458E6
1,88579E8	-1,04413E7
1,88118E8	-3,94177E7
1,88096E8	-5,0383E7
1,89197E8	-1,51436E7
1,89517E8	-1,20125E7
1,8919E8	-3,55068E7
1,89663E8	-2,61113E7
1,89735E8	-3,31602E7
1,90246E8	-2,21981E7
1,907E8	-1,3585E7
1,90791E8	-1,98506E7
1,91188E8	-1,35873E7
1,90632E8	-4,64783E7
1,91086E8	-3,78661E7
1,91006E8	-5,11795E7
1,91898E8	-2,45553E7
1,92351E8	-1,59421E7
1,92176E8	-3,31719E7
1,92516E8	-2,92576E7
1,92665E8	-3,31743E7
1,93004E8	-2,92599E7
1,93343E8	-2,53456E7
1,93835E8	-1,51659E7
1,94079E8	-1,5167E7
1,93923E8	-3,16136E7
1,94244E8	-2,84825E7
1,94678E8	-2,06526E7
1,94865E8	-2,30028E7
1,95281E8	-1,59562E7
1,9562E8	-1,20418E7
1,95616E8	-2,22239E7
1,96013E8	-1,59597E7
1,96581E8	-2,64772E6
1,96901E8	483333,5
1,96917E8	-8,91543E6
1,97008E8	-1,51811E7
1,96643E8	-4,0242E7
1,97116E8	-3,08455E7
1,97512E8	-2,45822E7
1,9768E8	-2,77156E7
1,98229E8	-1,51869E7
1,98454E8	-1,59714E7
1,98527E8	-2,30203E7
1,99152E8	-7,35941E6
1,99358E8	-8,92715E6
1,9924E8	-2,38071E7
1,9916E8	-3,71214E7
1,99366E8	-3,86883E7
1,99915E8	-2,61605E7
2,00216E8	-2,38118E7
2,00232E8	-3,32106E7
2,00381E8	-3,71273E7
2,00434E8	-4,49595E7
2,01307E8	-1,91177E7
2,01532E8	-1,99022E7
2,01719E8	-2,22532E7
2,01354E8	-4,73131E7
2,01998E8	-3,08689E7
2,02471E8	-2,14734E7
2,03058E8	-7,37815E6
2,03092E8	-1,59937E7
2,03565E8	-6,59721E6
2,03904E8	-2,68286E6
2,03444E8	-3,16592E7
2,03516E8	-3,87082E7
2,03722E8	-4,02759E7
2,03662E8	-5,28069E7
2,0463E8	-2,30496E7
2,04816E8	-2,54006E7
2,04965E8	-2,93173E7
2,05457E8	-1,91376E7
2,05492E8	-2,77531E7
2,06212E8	-8,17666E6
2,06189E8	-1,91411E7
2,06053E8	-3,48044E7
2,06335E8	-3,32399E7
2,06388E8	-4,10721E7
2,06937E8	-2,85434E7
2,07581E8	-1,20992E7
2,07387E8	-3,01123E7
2,07422E8	-3,87269E7
2,0818E8	-1,75848E7
2,0892E8	2,7749E6
2,09031E8	-2,70746E6
2,08894E8	-1,83716E7
2,09043E8	-2,22883E7
2,09363E8	-1,91563E7
2,09321E8	-3,09041E7
2,09432E8	-3,63873E7
2,104E8	-6,63001E6
2,1013E8	-2,77754E7
2,09955E8	-4,50052E7
2,10199E8	-4,50063E7
2,10957E8	-2,38634E7
2,11221E8	-2,30812E7
2,11865E8	-6,63704E6
2,12414E8	5,89073E6
2,12143E8	-1,52537E7
2,12426E8	-1,36892E7
2,12251E8	-3,09181E7
2,12704E8	-2,23059E7
2,13653E8	6,66816E6
2,13783E8	1,96818E6
2,13837E8	-5,86401E6
2,14005E8	-8,99742E6
2,14134E8	-1,36974E7
2,14378E8	-1,36986E7
2,14832E8	-5,08542E6
2,14752E8	-1,83997E7
2,15187E8	-1,0569E7
2,15317E8	-1,52689E7
2,15485E8	-1,84032E7
2,15919E8	-1,05725E7
2,15954E8	-1,9188E7
2,16808E8	5,86965E6
2,16347E8	-2,31058E7
2,16762E8	-1,60593E7
2,17121E8	-1,13616E7
2,1727E8	-1,52783E7
2,17419E8	-1,9195E7
2,17263E8	-3,56415E7
2,17754E8	-2,54627E7
2,18532E8	-3,53642E6
2,18719E8	-5,88745E6
2,18925E8	-7,45429E6
2,19455E8	4,2911E6
2,19318E8	-1,13722E7
2,19371E8	-1,92044E7
2,20035E8	-1,97778E6
2,19822E8	-2,07733E7
2,20066E8	-2,07745E7
2,20519E8	-1,21613E7
2,21049E8	-415895,8
2,21008E8	-1,21636E7
2,20947E8	-2,46947E7
2,21496E8	-1,2166E7
2,21988E8	-1,98715E6
2,21736E8	-2,23492E7
2,22133E8	-1,6085E7
2,22434E8	-1,37372E7
2,22907E8	-4,34079E6
2,23018E8	-9,82405E6
2,22728E8	-3,17518E7
2,23068E8	-2,78374E7
2,23159E8	-3,4104E7
2,23385E8	-3,48875E7
2,24333E8	-5,91438E6
2,24101E8	-2,54932E7
2,24307E8	-2,706E7
2,25009E8	-8,26685E6
2,25424E8	-1,22026E6
2,25306E8	-1,61002E7
2,25512E8	-1,7668E7
2,25757E8	-1,76692E7
2,25791E8	-2,62847E7
2,25768E8	-3,72491E7
2,26375E8	-2,23715E7
2,26676E8	-2,00228E7
2,26691E8	-2,94216E7
2,27031E8	-2,55072E7
2,27808E8	-3,58094E6
2,27614E8	-2,1594E7
2,27153E8	-5,05704E7
2,27379E8	-5,1354E7
2,28213E8	-2,70788E7
2,28457E8	-2,70799E7
2,29063E8	-1,22023E7
2,29155E8	-1,84688E7
2,2978E8	-2,80703E6
2,29815E8	-1,14225E7
2,30211E8	-5,15922E6
2,30474E8	-4,37711E6
2,30528E8	-1,22093E7
2,3041E8	-2,70893E7
2,30407E8	-3,72714E7
2,31032E8	-2,16104E7
2,31123E8	-2,78761E7
2,31615E8	-1,76973E7
2,31631E8	-2,70952E7
2,31818E8	-2,94462E7
2,32062E8	-2,94473E7
2,32154E8	-3,5713E7
2,3274E8	-2,16186E7
2,33213E8	-1,22222E7
2,33153E8	-2,47532E7
2,33435E8	-2,31878E7
2,3366E8	-2,39723E7
2,33332E8	-4,74666E7
2,33519E8	-4,98176E7
2,34525E8	-1,84946E7
2,34827E8	-1,61459E7
2,35204E8	-1,0665E7
2,35829E8	4,99589E6
2,36073E8	4,99472E6
2,3647E8	1,1258E7