    nm         	pN
0.000000e+000	5.638185e+002
-4.141604e-002	5.483813e+002
-2.053972e-001	5.263184e+002
-6.296452e-002	5.208200e+002
-1.043795e-001	5.053829e+002
-1.662238e-001	4.888414e+002
-1.667855e-001	4.756128e+002
9.821446e-002	4.767404e+002
5.679431e-002	4.613030e+002
-2.547558e-002	4.436573e+002
3.524583e-002	4.337417e+002
1.981047e-001	4.293475e+002
4.018210e-001	4.271621e+002
2.991224e-001	4.084120e+002
5.028398e-001	4.062267e+002
6.044145e-001	3.985195e+002
4.404328e-001	3.764565e+002
7.462871e-001	3.797926e+002
6.231587e-001	3.599382e+002
6.634555e-001	3.489184e+002
7.650308e-001	3.412113e+002
9.074645e-001	3.357129e+002
1.111177e+000	3.335273e+002
1.274040e+000	3.291334e+002
1.089629e+000	3.059660e+002
1.191205e+000	2.982589e+002
1.476634e+000	3.004908e+002
1.476072e+000	2.872622e+002
1.291661e+000	2.640948e+002
1.291099e+000	2.508663e+002
1.331396e+000	2.398464e+002
1.310405e+000	2.255135e+002
1.616259e+000	2.288496e+002
1.901684e+000	2.310813e+002
1.982834e+000	2.222700e+002
1.839281e+000	2.013114e+002
2.145135e+000	2.046475e+002
2.083291e+000	1.881060e+002
2.368715e+000	1.903377e+002
2.266016e+000	1.715876e+002
2.224601e+000	1.561505e+002
2.183185e+000	1.407133e+002
2.897592e+000	1.661356e+002
3.040021e+000	1.606370e+002
3.100747e+000	1.507216e+002
3.202322e+000	1.430145e+002
3.446893e+000	1.430377e+002
3.466760e+000	1.309134e+002
3.650048e+000	1.276237e+002
3.465637e+000	1.044563e+002
3.771492e+000	1.077924e+002
4.036491e+000	1.089199e+002
4.383199e+000	1.144646e+002
4.464350e+000	1.056533e+002
4.422934e+000	9.021616e+001
4.279377e+000	6.925732e+001
4.728227e+000	8.032366e+001
4.809373e+000	7.151219e+001
4.910952e+000	6.380530e+001
5.686642e+000	9.254047e+001
5.931212e+000	9.256363e+001
5.828514e+000	7.381357e+001
5.603249e+000	4.843764e+001
5.234989e+000	1.533143e+001
5.581696e+000	2.087607e+001
6.316532e+000	4.740271e+001
6.887944e+000	6.509469e+001
7.193797e+000	6.843078e+001
7.499652e+000	7.176687e+001
7.458235e+000	5.632974e+001
7.682382e+000	5.524872e+001
8.110797e+000	6.521047e+001
7.640404e+000	2.658302e+001
7.905400e+000	2.771033e+001
8.435958e+000	4.319377e+001
8.598820e+000	3.879983e+001
8.761678e+000	3.440567e+001
8.965396e+000	3.222026e+001
9.087400e+000	2.561755e+001
9.311542e+000	2.453632e+001
9.617396e+000	2.787241e+001
1.012753e+001	4.225168e+001
1.002483e+001	2.350162e+001
1.016726e+001	1.800306e+001
1.041183e+001	1.802623e+001
1.077897e+001	2.467524e+001
1.100311e+001	2.359423e+001
1.073699e+001	-3.990457e+000
1.114498e+001	4.867096e+000
1.116485e+001	-7.257077e+000
1.124600e+001	-1.606834e+001
1.177655e+001	-5.848966e-001
1.193942e+001	-4.978837e+000
1.189800e+001	-2.041621e+001
1.214257e+001	-2.039304e+001
1.195816e+001	-4.356021e+001
1.246829e+001	-2.918116e+001
1.273329e+001	-2.805362e+001
1.312085e+001	-2.030043e+001
1.363098e+001	-5.921161e+000
1.334444e+001	-3.461003e+001
1.416098e+001	-3.666302e+000
1.395614e+001	-2.793784e+001
1.422114e+001	-2.681052e+001
1.485384e+001	-5.805383e+000
1.475114e+001	-2.455545e+001
1.505699e+001	-2.121936e+001
1.524028e+001	-2.450914e+001
1.542357e+001	-2.779892e+001
1.566814e+001	-2.777577e+001
1.574929e+001	-3.658704e+001
1.611642e+001	-2.993824e+001
1.629971e+001	-3.322802e+001
1.658514e+001	-3.099609e+001
1.713613e+001	-1.440827e+001
1.678830e+001	-4.641006e+001
1.705329e+001	-4.528274e+001
1.735915e+001	-4.194666e+001
1.744029e+001	-5.075793e+001
1.784829e+001	-4.190036e+001
1.792944e+001	-5.071162e+001
1.848042e+001	-3.412378e+001
1.872499e+001	-3.410064e+001
1.860187e+001	-5.395508e+001
1.909157e+001	-4.068020e+001
1.898887e+001	-5.943027e+001
1.947857e+001	-4.615537e+001
1.962100e+001	-5.165393e+001
2.023327e+001	-3.175316e+001
1.998758e+001	-5.823347e+001
2.033429e+001	-5.268861e+001
2.057886e+001	-5.266547e+001
2.076215e+001	-5.595525e+001
2.141527e+001	-3.384594e+001
2.157813e+001	-3.824011e+001
2.180228e+001	-3.932111e+001
2.167915e+001	-5.917556e+001
2.206671e+001	-5.142239e+001
2.206615e+001	-6.465097e+001
2.226987e+001	-6.683636e+001
2.269829e+001	-5.687440e+001
2.277944e+001	-6.568566e+001
2.292187e+001	-7.118399e+001
2.343200e+001	-5.680494e+001
2.314545e+001	-8.549381e+001
2.402328e+001	-5.123715e+001
2.428828e+001	-5.010961e+001
2.463499e+001	-4.456497e+001
2.461400e+001	-5.889771e+001
2.440916e+001	-8.316949e+001
2.459245e+001	-8.645928e+001
2.491873e+001	-8.201879e+001
2.530630e+001	-7.426538e+001
2.532616e+001	-8.638981e+001
2.599971e+001	-6.317611e+001
2.610129e+001	-7.088300e+001
2.612115e+001	-8.300741e+001
2.640658e+001	-8.077549e+001
2.687586e+001	-6.860498e+001
2.656888e+001	-9.839823e+001
2.685431e+001	-9.616654e+001
2.791598e+001	-5.197085e+001
2.773157e+001	-7.513824e+001
2.816000e+001	-6.517627e+001
2.793473e+001	-9.055220e+001
2.840400e+001	-7.838171e+001
2.870986e+001	-7.504562e+001
2.875015e+001	-8.606565e+001
2.903558e+001	-8.383373e+001
2.911673e+001	-9.264522e+001
2.962686e+001	-7.826593e+001
2.974886e+001	-8.486866e+001
2.966659e+001	-1.025143e+002
2.958432e+001	-1.201602e+002
3.038044e+001	-9.032067e+001
3.080886e+001	-8.035872e+001
3.107385e+001	-7.923140e+001
3.050132e+001	-1.233805e+002
3.064375e+001	-1.288789e+002
3.174628e+001	-8.247487e+001
3.205214e+001	-7.913879e+001
3.284826e+001	-4.929922e+001
3.329711e+001	-3.823288e+001
3.296970e+001	-6.913051e+001
3.337769e+001	-6.027294e+001
3.343841e+001	-7.018838e+001
3.405068e+001	-5.028783e+001
3.427483e+001	-5.136885e+001
3.435597e+001	-6.018033e+001
3.507038e+001	-3.475786e+001
3.500854e+001	-5.129937e+001
3.539610e+001	-4.354620e+001
3.564067e+001	-4.352304e+001
3.586482e+001	-4.460405e+001
3.606853e+001	-4.678967e+001
3.600669e+001	-6.333119e+001
3.641468e+001	-5.447340e+001
3.692481e+001	-4.009433e+001
3.671997e+001	-6.436589e+001
3.706668e+001	-5.882125e+001
3.722954e+001	-6.321543e+001
3.771924e+001	-4.994053e+001
3.782082e+001	-5.764740e+001
3.814710e+001	-5.320715e+001
3.820782e+001	-6.312281e+001
3.855453e+001	-5.757795e+001
3.855397e+001	-7.080653e+001
3.932966e+001	-4.207134e+001
3.930867e+001	-5.640432e+001
3.955324e+001	-5.638116e+001
3.985910e+001	-5.304506e+001
3.994025e+001	-6.185635e+001
4.012353e+001	-6.514611e+001
4.034768e+001	-6.622712e+001
4.040840e+001	-7.614278e+001
4.069383e+001	-7.391106e+001
4.112225e+001	-6.394912e+001
4.175494e+001	-4.294420e+001
4.148882e+001	-7.052868e+001
4.150869e+001	-8.265287e+001
4.205967e+001	-6.606506e+001
4.220211e+001	-7.156361e+001
4.220154e+001	-8.479219e+001
4.283424e+001	-6.378703e+001
4.256812e+001	-9.137174e+001
4.328253e+001	-6.594927e+001
4.358838e+001	-6.261342e+001
4.364911e+001	-7.252884e+001
4.391410e+001	-7.140152e+001
4.379097e+001	-9.125597e+001
4.432153e+001	-7.577231e+001
4.448439e+001	-8.016647e+001
4.489238e+001	-7.130890e+001
4.478969e+001	-9.005897e+001
4.521810e+001	-8.009702e+001
4.566695e+001	-6.903066e+001
4.587067e+001	-7.121629e+001
4.582925e+001	-8.665342e+001
4.611467e+001	-8.442173e+001
4.660438e+001	-7.114683e+001
4.668553e+001	-7.995810e+001
4.686882e+001	-8.324788e+001
4.694997e+001	-9.205914e+001
4.672470e+001	-1.174351e+002
4.841964e+001	-3.900610e+001
4.876635e+001	-3.346124e+001
4.897006e+001	-3.564687e+001
4.892864e+001	-5.108398e+001
4.943877e+001	-3.670472e+001
4.974463e+001	-3.336862e+001
4.978492e+001	-4.438866e+001
5.025420e+001	-3.221816e+001
5.076433e+001	-1.783887e+001
5.049820e+001	-4.542358e+001
5.076321e+001	-4.429604e+001
5.098735e+001	-4.537727e+001
5.121149e+001	-4.645829e+001
5.155820e+001	-4.091364e+001
5.163935e+001	-4.972490e+001
5.216991e+001	-3.424148e+001
5.208764e+001	-5.188737e+001
5.265905e+001	-3.419517e+001
5.306704e+001	-2.533758e+001
5.308691e+001	-3.746179e+001
5.351533e+001	-2.749983e+001
5.384161e+001	-2.305958e+001
5.375934e+001	-4.070527e+001
5.416733e+001	-3.184769e+001
5.402378e+001	-5.280631e+001
5.441134e+001	-4.505312e+001
5.463549e+001	-4.613413e+001
5.475749e+001	-5.273684e+001
5.473650e+001	-6.706981e+001
5.545090e+001	-4.164757e+001
5.606318e+001	-2.174681e+001
5.591962e+001	-4.270542e+001
5.591906e+001	-5.593401e+001
5.681731e+001	-2.057296e+001
5.698017e+001	-2.496712e+001
5.659149e+001	-5.917748e+001
5.730590e+001	-3.375524e+001
5.720320e+001	-5.250530e+001
5.759076e+001	-4.475212e+001
5.777405e+001	-4.804191e+001
5.828418e+001	-3.366262e+001
5.869217e+001	-2.480505e+001
5.850776e+001	-4.797244e+001
5.883404e+001	-4.353197e+001
5.942588e+001	-2.473558e+001
5.924147e+001	-4.790298e+001
5.905707e+001	-7.107013e+001
5.934249e+001	-6.883843e+001
5.975048e+001	-5.998087e+001
6.028104e+001	-4.449742e+001
6.081159e+001	-2.901398e+001
6.099489e+001	-3.230354e+001
6.085133e+001	-5.326238e+001
6.117762e+001	-4.882191e+001
6.103406e+001	-6.978074e+001
6.180974e+001	-4.104557e+001
6.242202e+001	-2.114480e+001
6.221718e+001	-4.541635e+001
6.213490e+001	-6.306225e+001
6.278803e+001	-4.095295e+001
6.303260e+001	-4.092979e+001
6.303204e+001	-5.415838e+001
6.317447e+001	-5.965671e+001
6.348033e+001	-5.632062e+001
6.413345e+001	-3.421132e+001
6.364262e+001	-7.394314e+001
6.409147e+001	-6.287702e+001
6.498973e+001	-2.751598e+001
6.505045e+001	-3.743163e+001
6.535630e+001	-3.409554e+001
6.574387e+001	-2.634213e+001
6.582502e+001	-3.515339e+001
6.600830e+001	-3.844317e+001
6.617117e+001	-4.283735e+001
6.639531e+001	-4.391858e+001
6.627219e+001	-6.377280e+001
6.659846e+001	-5.933255e+001
6.731287e+001	-3.391031e+001
6.700590e+001	-6.370335e+001
6.727089e+001	-6.257603e+001
6.792401e+001	-4.046671e+001
6.788260e+001	-5.590385e+001
6.833145e+001	-4.483751e+001
6.816747e+001	-6.690050e+001
6.873888e+001	-4.920852e+001
6.869746e+001	-6.464566e+001
6.918717e+001	-5.137077e+001
6.957472e+001	-4.361757e+001
7.004400e+001	-3.144684e+001
7.018644e+001	-3.694539e+001
7.018588e+001	-5.017397e+001
7.059387e+001	-4.131618e+001
7.081801e+001	-4.239742e+001
7.059275e+001	-6.777335e+001
7.120502e+001	-4.787259e+001
7.155172e+001	-4.232796e+001
7.126518e+001	-7.101682e+001
7.163231e+001	-6.436781e+001
7.226500e+001	-4.336289e+001
7.265258e+001	-3.560947e+001
7.236602e+001	-6.429834e+001
7.252888e+001	-6.869250e+001
7.299816e+001	-5.652200e+001
7.309973e+001	-6.422889e+001
7.314003e+001	-7.524892e+001
7.369101e+001	-5.866108e+001
7.381302e+001	-6.526381e+001
7.399631e+001	-6.855357e+001
7.446558e+001	-5.638308e+001
7.464887e+001	-5.967286e+001
7.481173e+001	-6.406680e+001
7.542400e+001	-4.416603e+001
7.550515e+001	-5.297753e+001
7.521860e+001	-8.166640e+001
7.562659e+001	-7.280861e+001
7.597330e+001	-6.726397e+001
7.646300e+001	-5.398907e+001
7.672800e+001	-5.286175e+001
7.660488e+001	-7.271599e+001
7.713543e+001	-5.723255e+001
7.740043e+001	-5.610523e+001
7.744073e+001	-6.712504e+001
7.795086e+001	-5.274599e+001
7.829757e+001	-4.720113e+001
7.835829e+001	-5.711677e+001
7.850073e+001	-6.261510e+001
7.878615e+001	-6.038341e+001
7.890815e+001	-6.698612e+001
7.913229e+001	-6.806735e+001
7.933601e+001	-7.025273e+001
7.964186e+001	-6.691665e+001
7.978430e+001	-7.241498e+001
7.964074e+001	-9.337382e+001
7.998745e+001	-8.782919e+001
8.062015e+001	-6.682403e+001
8.072173e+001	-7.453113e+001
8.108886e+001	-6.788212e+001
8.088402e+001	-9.215366e+001
8.151672e+001	-7.114873e+001
8.186343e+001	-6.560388e+001
8.190372e+001	-7.662392e+001
8.239343e+001	-6.334903e+001
8.241329e+001	-7.547322e+001
8.302556e+001	-5.557269e+001
8.343356e+001	-4.671489e+001
8.294273e+001	-8.644695e+001
8.394312e+001	-4.556442e+001
8.416727e+001	-4.664543e+001
8.379901e+001	-7.975162e+001
8.402315e+001	-8.083285e+001
8.430857e+001	-7.860092e+001
8.449187e+001	-8.189070e+001
8.516541e+001	-5.867723e+001
8.473587e+001	-9.509614e+001
8.510301e+001	-8.844710e+001
8.542929e+001	-8.400686e+001
8.561258e+001	-8.729664e+001
8.628613e+001	-6.408295e+001
8.628557e+001	-7.731153e+001
8.630543e+001	-8.943574e+001
8.657044e+001	-8.830818e+001
8.675372e+001	-9.159797e+001
8.722300e+001	-7.942746e+001
8.699773e+001	-1.048034e+002
8.771214e+001	-7.938115e+001
8.769115e+001	-9.371412e+001
8.783358e+001	-9.921245e+001
8.813944e+001	-9.587636e+001
8.840443e+001	-9.474882e+001
8.824045e+001	-1.168118e+002
8.864844e+001	-1.079543e+002
8.887259e+001	-1.090355e+002
8.948486e+001	-8.913473e+001
8.936173e+001	-1.089892e+002
8.981058e+001	-9.792284e+001
9.001430e+001	-1.001082e+002
9.005458e+001	-1.111283e+002
9.038087e+001	-1.066878e+002
9.070715e+001	-1.022475e+002
9.097215e+001	-1.011200e+002
9.088988e+001	-1.187659e+002
9.107316e+001	-1.220557e+002
9.172629e+001	-9.994614e+001
9.356422e+001	-1.378694e+001
9.419691e+001	7.217969e+000
9.372651e+001	-3.140968e+001
9.433878e+001	-1.150892e+001
9.439950e+001	-2.142457e+001
9.490964e+001	-7.045285e+000
9.472522e+001	-3.021267e+001
9.550092e+001	-1.477498e+000
9.535736e+001	-2.243633e+001
9.566321e+001	-1.910024e+001
9.607120e+001	-1.024245e+001
9.582551e+001	-3.672278e+001
9.613137e+001	-3.338669e+001
9.707048e+001	4.182888e+000
9.676350e+001	-2.561035e+001
9.702850e+001	-2.448281e+001
9.661939e+001	-5.979755e+001
9.772192e+001	-1.339331e+001
9.786435e+001	-1.889186e+001
9.800679e+001	-2.439020e+001
9.861905e+001	-4.489433e+000
9.894534e+001	-4.896566e-002
9.882221e+001	-1.990341e+001
9.931191e+001	-6.628514e+000
9.967905e+001	2.048787e-002
9.933122e+001	-3.198130e+001
9.992306e+001	-1.318493e+001
1.002289e+002	-9.848843e+000
1.005348e+002	-6.512752e+000
1.002074e+002	-3.741039e+001
1.009422e+002	-1.088377e+001
1.008395e+002	-2.963383e+001
1.014518e+002	-9.733064e+000
1.016555e+002	-1.191869e+001
1.023699e+002	1.350354e+001
1.018178e+002	-2.954121e+001
1.027160e+002	5.819815e+000
1.027972e+002	-2.991430e+000
1.030826e+002	-7.597331e-001
1.031229e+002	-1.177977e+001
1.036330e+002	2.599503e+000
1.039593e+002	7.039751e+000
1.036115e+002	-2.496204e+001
1.041216e+002	-1.058276e+001
1.044888e+002	-3.933737e+000
1.044882e+002	-1.716232e+001
1.049575e+002	-4.991806e+000
1.058149e+002	2.816067e+001
1.052628e+002	-1.488432e+001
1.052213e+002	-3.032143e+001
1.054863e+002	-2.919389e+001
1.059352e+002	-1.812777e+001
1.065679e+002	2.877351e+000
1.066490e+002	-5.933894e+000
1.062399e+002	-4.124863e+001
1.067909e+002	-2.466103e+001
1.073623e+002	-6.968817e+000
1.072596e+002	-2.571888e+001
1.075246e+002	-2.459158e+001
1.077079e+002	-2.788112e+001
1.084019e+002	-3.563274e+000
1.085239e+002	-1.016598e+001
1.089115e+002	-2.412572e+000
1.090743e+002	-6.806748e+000
1.091963e+002	-1.340946e+001
1.094000e+002	-1.559485e+001
1.097672e+002	-8.945829e+000
1.098483e+002	-1.775731e+001
1.099499e+002	-2.546419e+001
1.096633e+002	-5.415306e+001
1.108272e+002	-4.436110e+000
1.109083e+002	-1.324739e+001
1.113572e+002	-2.181032e+000
1.114179e+002	-1.209669e+001
1.116012e+002	-1.538647e+001
1.119070e+002	-1.205038e+001
1.121925e+002	-9.818683e+000
1.123349e+002	-1.531700e+001
1.124773e+002	-2.081555e+001
1.127832e+002	-1.747946e+001
1.132524e+002	-5.308746e+000
1.138443e+002	1.348761e+001
1.139254e+002	4.676347e+000
1.137615e+002	-1.738685e+001
1.138017e+002	-2.840666e+001
1.143732e+002	-1.071468e+001
1.144747e+002	-1.842155e+001
1.149849e+002	-4.042501e+000
1.149026e+002	-2.168819e+001
1.152085e+002	-1.835210e+001
1.156369e+002	-8.390134e+000
1.154116e+002	-3.376607e+001
1.160239e+002	-1.386554e+001
1.162684e+002	-1.384238e+001
1.164313e+002	-1.823632e+001
1.165737e+002	-2.373487e+001
1.170430e+002	-1.156414e+001
1.171037e+002	-2.147979e+001
1.176751e+002	-3.787799e+000
1.177767e+002	-1.149468e+001
1.181234e+002	-5.950043e+000
1.180820e+002	-2.138718e+001
1.186943e+002	-1.486413e+000
1.185916e+002	-2.023671e+001
1.192243e+002	7.684127e-001
1.191420e+002	-1.687746e+001
1.197543e+002	3.023272e+000
1.198967e+002	-2.475028e+000
1.201413e+002	-2.451883e+000
1.205901e+002	8.614222e+000
1.200993e+002	-3.111760e+001
1.207320e+002	-1.011268e+001
1.206089e+002	-2.996690e+001
1.211394e+002	-1.448346e+001
1.212819e+002	-1.998201e+001
1.213222e+002	-3.100182e+001
1.214442e+002	-3.760453e+001
1.220973e+002	-1.549523e+001
1.226687e+002	2.196962e+000
1.229133e+002	2.220124e+000
1.225450e+002	-3.088606e+001
1.228304e+002	-2.865435e+001
1.238308e+002	1.222816e+001
1.238507e+002	1.039700e-001
1.238706e+002	-1.202022e+001
1.239721e+002	-1.972732e+001
1.247683e+002	1.011222e+001
1.247881e+002	-2.011949e+000
1.247058e+002	-1.965785e+001
1.252773e+002	-1.965641e+000
1.252154e+002	-1.850717e+001
1.255826e+002	-1.185813e+001
1.262970e+002	1.356408e+001
1.264394e+002	8.065759e+000
1.261937e+002	-1.841455e+001
1.266017e+002	-9.556984e+000
1.269688e+002	-2.907948e+000
1.269274e+002	-1.834508e+001
1.269064e+002	-3.267783e+001
1.273553e+002	-2.161172e+001
1.275998e+002	-2.158856e+001
1.278240e+002	-2.266979e+001
1.281911e+002	-1.602077e+001
1.284153e+002	-1.710178e+001
1.286190e+002	-1.928739e+001
1.290883e+002	-7.116674e+000
1.292920e+002	-9.302281e+000
1.297000e+002	-4.444925e-001
1.299445e+002	-4.213301e-001
1.301074e+002	-4.815506e+000
1.300864e+002	-1.914847e+001
1.304331e+002	-1.360361e+001
1.306981e+002	-1.247629e+001
1.315147e+002	1.846764e+001
1.314937e+002	4.134663e+000
1.314931e+002	-9.093904e+000
1.316355e+002	-1.459222e+001
1.315737e+002	-3.113375e+001
1.320634e+002	-1.785886e+001
1.324305e+002	-1.120982e+001
1.327160e+002	-8.978126e+000
1.329401e+002	-1.005914e+001
1.332255e+002	-7.827441e+000
1.333884e+002	-1.222160e+001
1.339190e+002	3.262045e+000
1.342248e+002	6.598135e+000
1.342243e+002	-6.630431e+000
1.348365e+002	1.327008e+001
1.347134e+002	-6.584123e+000
1.344677e+002	-3.306444e+001
1.348144e+002	-2.751981e+001
1.353654e+002	-1.093197e+001
1.354670e+002	-1.863908e+001
1.358137e+002	-1.309422e+001
1.356497e+002	-3.515722e+001
1.362211e+002	-1.746523e+001
1.365678e+002	-1.192059e+001
1.368328e+002	-1.079305e+001
1.370161e+002	-1.408283e+001
1.369134e+002	-3.283290e+001
1.371784e+002	-3.170536e+001
1.377090e+002	-1.622193e+001
1.377288e+002	-2.834612e+001
1.380755e+002	-2.280148e+001
1.387287e+002	-6.921803e-001
1.388302e+002	-8.399285e+000
1.388705e+002	-1.941908e+001
1.393194e+002	-8.352976e+000
1.390533e+002	-3.593745e+001
1.396655e+002	-1.603670e+001
1.399305e+002	-1.490938e+001
1.403794e+002	-3.843039e+000
1.400315e+002	-3.584483e+001
1.406029e+002	-1.815285e+001
1.410314e+002	-8.190890e+000
1.410512e+002	-2.031508e+001
1.416839e+002	6.900441e-001
1.416017e+002	-1.695584e+001
1.418258e+002	-1.803708e+001
1.419274e+002	-2.574396e+001
1.420698e+002	-3.124228e+001
1.421714e+002	-3.894938e+001
1.430288e+002	-5.796888e+000
1.435389e+002	8.582145e+000
1.432932e+002	-1.789815e+001
1.436195e+002	-1.345768e+001
1.437007e+002	-2.226895e+001
1.441495e+002	-1.120283e+001
1.445779e+002	-1.240861e+000
1.447612e+002	-4.530644e+000
1.451079e+002	1.014200e+000
1.451278e+002	-1.111021e+001
1.451068e+002	-2.544295e+001
1.456578e+002	-8.855131e+000
1.456777e+002	-2.097954e+001
1.463308e+002	1.129961e+000
1.465754e+002	1.153124e+000
1.465544e+002	-1.317984e+001
1.468602e+002	-9.843746e+000
1.470027e+002	-1.534208e+001
1.472268e+002	-1.642331e+001
1.475735e+002	-1.087867e+001
1.473687e+002	-3.515021e+001
1.478584e+002	-2.187532e+001
1.480825e+002	-2.295655e+001
1.487561e+002	2.571244e-001
1.491845e+002	1.021907e+001
1.487345e+002	-2.730420e+001
1.495102e+002	1.430971e+000
1.498161e+002	4.767062e+000
1.495295e+002	-2.392180e+001
1.496924e+002	-2.831596e+001
1.502434e+002	-1.172814e+001
1.504879e+002	-1.170498e+001
1.510593e+002	5.986981e+000
1.506094e+002	-3.153627e+001
1.509561e+002	-2.599165e+001
1.511189e+002	-3.038559e+001
1.516291e+002	-1.600654e+001
1.518532e+002	-1.708777e+001
1.522612e+002	-8.229965e+000
1.522606e+002	-2.145855e+001
1.524031e+002	-2.695688e+001
1.525864e+002	-3.024667e+001
1.534438e+002	2.905593e+000
1.537496e+002	6.241683e+000
1.535244e+002	-1.913424e+001
1.540958e+002	-1.442023e+000
1.544629e+002	5.206979e+000
1.542989e+002	-1.685623e+001
1.544822e+002	-2.014600e+001
1.548902e+002	-1.128821e+001
1.550531e+002	-1.568238e+001
1.552568e+002	-1.786777e+001
1.555014e+002	-1.784461e+001
1.558276e+002	-1.340436e+001
1.558884e+002	-2.331980e+001
1.560716e+002	-2.660958e+001
1.563366e+002	-2.548226e+001
1.570102e+002	-2.268568e+000
1.568871e+002	-2.212301e+001
1.573768e+002	-8.848117e+000
1.578052e+002	1.113813e+000
1.579885e+002	-2.175953e+000
1.579675e+002	-1.650891e+001
1.586206e+002	5.600605e+000
1.587835e+002	1.206429e+000
1.586399e+002	-1.975239e+001
1.594156e+002	8.983004e+000
1.592516e+002	-1.308021e+001
1.593532e+002	-2.078709e+001
1.595978e+002	-2.076393e+001
1.600466e+002	-9.697808e+000
1.602095e+002	-1.409177e+001
1.602089e+002	-2.732035e+001
1.600245e+002	-5.048773e+001
1.605959e+002	-3.279552e+001
1.615146e+002	3.669683e+000
1.615549e+002	-7.350114e+000
1.617178e+002	-1.174429e+001
1.616559e+002	-2.828580e+001
1.618188e+002	-3.267974e+001
1.627170e+002	2.681286e+000
1.625735e+002	-1.827753e+001
1.628793e+002	-1.494146e+001
1.635120e+002	6.063685e+000
1.634706e+002	-9.373652e+000
1.637765e+002	-6.037562e+000
1.640415e+002	-4.910023e+000
1.643677e+002	-4.695556e-001
1.644080e+002	-1.148959e+001
1.644483e+002	-2.250940e+001
1.648155e+002	-1.586060e+001
1.650600e+002	-1.583746e+001
1.651820e+002	-2.243995e+001
1.651611e+002	-3.677291e+001
1.657529e+002	-1.797654e+001
1.663243e+002	-2.843238e-001
1.658335e+002	-4.001638e+001
1.664049e+002	-2.232417e+001
1.665678e+002	-2.671834e+001
1.670166e+002	-1.565222e+001
1.672612e+002	-1.562906e+001
1.673219e+002	-2.554448e+001
1.681589e+002	6.503602e+000
1.681787e+002	-5.620790e+000
1.680965e+002	-2.326648e+001
1.685249e+002	-1.330453e+001
1.689329e+002	-4.446943e+000
1.690957e+002	-8.841119e+000
1.693403e+002	-8.817957e+000
1.691559e+002	-3.198512e+001
1.694618e+002	-2.864903e+001
1.697880e+002	-2.420878e+001
1.698487e+002	-3.412444e+001
1.704406e+002	-1.532807e+001
1.701745e+002	-4.291254e+001
1.709297e+002	-1.528176e+001
1.712764e+002	-9.736900e+000
1.710716e+002	-3.400866e+001
1.716022e+002	-1.852522e+001
1.719284e+002	-1.408475e+001
1.719279e+002	-2.731333e+001
1.724176e+002	-1.403844e+001
1.727643e+002	-8.493801e+000
1.731723e+002	3.639708e-001
1.734169e+002	3.871163e-001
1.731099e+002	-2.940611e+001
1.733340e+002	-3.048734e+001
1.737216e+002	-2.273394e+001
1.737210e+002	-3.596253e+001
1.741290e+002	-2.710496e+001
1.743327e+002	-2.929034e+001
1.749246e+002	-1.049398e+001
1.750466e+002	-1.709669e+001
1.752095e+002	-2.149063e+001
1.756174e+002	-1.263306e+001
1.757599e+002	-1.813161e+001
1.758206e+002	-2.804703e+001
1.761264e+002	-2.471094e+001
1.767183e+002	-5.914567e+000
1.766360e+002	-2.356047e+001
1.772687e+002	-2.555331e+000
1.773907e+002	-9.158042e+000
1.772676e+002	-2.901250e+001
1.775326e+002	-2.788496e+001
1.780836e+002	-1.129736e+001
1.788797e+002	1.854219e+001
1.783276e+002	-2.450256e+001
1.790420e+002	9.196663e-001
1.788576e+002	-2.224770e+001
1.789592e+002	-2.995481e+001
1.792242e+002	-2.882727e+001
1.797956e+002	-1.113527e+001
1.799175e+002	-1.773798e+001
1.802438e+002	-1.329752e+001
1.803046e+002	-2.321317e+001
1.808555e+002	-6.625335e+000
1.808550e+002	-1.985392e+001
1.809974e+002	-2.535225e+001
1.813237e+002	-2.091178e+001
1.816908e+002	-1.426298e+001
1.822214e+002	1.220660e+000
1.825272e+002	4.556750e+000
1.821590e+002	-2.854942e+001
1.825669e+002	-1.969185e+001
1.829341e+002	-1.304283e+001
1.833421e+002	-4.185260e+000
1.831985e+002	-2.514387e+001
1.835248e+002	-2.070339e+001
1.838919e+002	-1.405459e+001
1.840752e+002	-1.734437e+001
1.844628e+002	-9.590978e+000
1.844622e+002	-2.281956e+001
1.848293e+002	-1.617053e+001
1.848901e+002	-2.608618e+001
1.848486e+002	-4.152332e+001
1.851953e+002	-3.597867e+001
1.853173e+002	-4.258139e+001
1.859500e+002	-2.157624e+001
1.860312e+002	-3.038751e+001
1.868886e+002	2.764752e+000
1.872149e+002	7.205219e+000
1.870713e+002	-1.375360e+001
1.873159e+002	-1.373045e+001
1.877851e+002	-1.559719e+000
1.877029e+002	-1.920562e+001
1.881517e+002	-8.139284e+000
1.883350e+002	-1.142907e+001
1.892741e+002	2.614051e+001
1.890488e+002	7.645775e-001
1.888440e+002	-2.350695e+001
1.893950e+002	-6.919347e+000
1.895170e+002	-1.352206e+001
1.893734e+002	-3.448067e+001
1.900061e+002	-1.347575e+001
1.907614e+002	1.415525e+001
1.905769e+002	-9.012137e+000
1.908624e+002	-6.780423e+000
1.910456e+002	-1.007021e+001
1.908204e+002	-3.544614e+001
1.919025e+002	9.853687e+000
1.914934e+002	-2.546103e+001
1.916562e+002	-2.985497e+001
1.924115e+002	-2.224178e+000
1.919819e+002	-3.864331e+001
1.922469e+002	-3.751577e+001
1.927571e+002	-2.313650e+001
1.932876e+002	-7.653059e+000
1.932462e+002	-2.309019e+001
1.937767e+002	-7.606750e+000
1.938170e+002	-1.862678e+001
1.942659e+002	-7.560443e+000
1.942040e+002	-2.410195e+001
1.941830e+002	-3.843493e+001
1.947340e+002	-2.184710e+001
1.948560e+002	-2.844982e+001
1.952232e+002	-2.180079e+001
1.954882e+002	-2.067325e+001
1.959574e+002	-8.502750e+000
1.962837e+002	-4.062283e+000
1.961810e+002	-2.281235e+001
1.964664e+002	-2.058063e+001
1.966906e+002	-2.166186e+001
1.966287e+002	-3.820339e+001
1.970571e+002	-2.824143e+001
1.970157e+002	-4.367856e+001
1.976893e+002	-2.046487e+001
1.974844e+002	-4.473665e+001
1.980354e+002	-2.814881e+001
1.981778e+002	-3.364715e+001
1.985654e+002	-2.589373e+001
1.990551e+002	-1.261908e+001
1.987481e+002	-4.241210e+001
1.993808e+002	-2.140718e+001
1.997888e+002	-1.254961e+001
2.003398e+002	4.038195e+000
2.001554e+002	-1.912895e+001
2.005633e+002	-1.027138e+001
2.007262e+002	-1.466554e+001
2.010321e+002	-1.132945e+001
2.009498e+002	-2.897514e+001
2.011535e+002	-3.116076e+001
2.011529e+002	-4.438933e+001
2.018469e+002	-2.007126e+001
2.018872e+002	-3.109129e+001
2.024586e+002	-1.339908e+001
2.023150e+002	-3.435791e+001
2.030907e+002	-5.622741e+000
2.032944e+002	-7.808147e+000
2.036207e+002	-3.367663e+000
2.034772e+002	-2.432650e+001
2.034357e+002	-3.976363e+001
2.042727e+002	-7.715531e+000
2.041292e+002	-2.867415e+001
2.041899e+002	-3.858978e+001
2.045979e+002	-2.973221e+001
2.049241e+002	-2.529175e+001
2.051074e+002	-2.858153e+001
2.055358e+002	-1.861957e+001
2.058008e+002	-1.749225e+001
2.059433e+002	-2.299058e+001
2.061470e+002	-2.517597e+001
2.067797e+002	-4.171047e+000
2.069017e+002	-1.077377e+001
2.069011e+002	-2.400236e+001
2.074521e+002	-7.414521e+000
2.074107e+002	-2.285166e+001
2.075940e+002	-2.614144e+001
2.078589e+002	-2.501390e+001
2.082261e+002	-1.836488e+001
2.086341e+002	-9.507311e+000
2.085927e+002	-2.494445e+001
2.086125e+002	-3.706885e+001
2.092656e+002	-1.495956e+001
2.096328e+002	-8.310537e+000
2.094484e+002	-3.147769e+001
2.101423e+002	-7.159836e+000
2.099784e+002	-2.922284e+001
2.107336e+002	-1.592048e+000
2.106513e+002	-1.923772e+001
2.107325e+002	-2.804900e+001
2.110792e+002	-2.250435e+001
2.112625e+002	-2.579414e+001
2.119156e+002	-3.684822e+000
2.124462e+002	1.179860e+001
2.122413e+002	-1.247294e+001
2.121386e+002	-3.122300e+001
2.126692e+002	-1.573956e+001
2.129342e+002	-1.461224e+001
2.131787e+002	-1.458909e+001
2.135663e+002	-6.835680e+000
2.138109e+002	-6.812534e+000
2.137286e+002	-2.445820e+001
2.140957e+002	-1.780919e+001
2.144016e+002	-1.447331e+001
2.145849e+002	-1.776288e+001
2.147273e+002	-2.326143e+001
2.152578e+002	-7.777987e+000
2.154411e+002	-1.106777e+001
2.156244e+002	-1.435755e+001
2.161346e+002	2.169897e-002
2.162157e+002	-8.789546e+000
2.160313e+002	-3.195693e+001
2.164597e+002	-2.199497e+001
2.168268e+002	-1.534595e+001
2.171940e+002	-8.696930e+000
2.169074e+002	-3.738580e+001
2.175197e+002	-1.748503e+001
2.175600e+002	-2.850506e+001
2.177024e+002	-3.400340e+001
2.185598e+002	-8.511210e-001
2.190087e+002	1.021520e+001
2.187425e+002	-1.736927e+001
2.190075e+002	-1.624195e+001
2.195994e+002	2.554406e+000
2.197214e+002	-4.048288e+000
2.199659e+002	-4.025142e+000
2.201697e+002	-6.210531e+000
2.202100e+002	-1.723034e+001
2.203932e+002	-2.052013e+001
2.206991e+002	-1.718404e+001
2.209641e+002	-1.605672e+001
2.209431e+002	-3.038946e+001
2.210651e+002	-3.699218e+001
2.214527e+002	-2.923899e+001
2.220241e+002	-1.154678e+001
2.223708e+002	-6.002137e+000
2.224315e+002	-1.591779e+001
2.226148e+002	-1.920757e+001
2.232679e+002	2.901724e+000
2.231652e+002	-1.584834e+001
2.231238e+002	-3.128546e+001
2.234909e+002	-2.463644e+001
2.238581e+002	-1.798742e+001
2.240413e+002	-2.127720e+001
2.243472e+002	-1.794111e+001
2.245714e+002	-1.902234e+001
2.245095e+002	-3.556385e+001
2.248971e+002	-2.781046e+001
2.253459e+002	-1.674412e+001
2.259990e+002	5.365180e+000
2.254469e+002	-3.767979e+001
2.261409e+002	-1.336194e+001
2.260178e+002	-3.321616e+001
2.264870e+002	-2.104566e+001
2.272423e+002	6.585116e+000
2.270170e+002	-1.879080e+001
2.269552e+002	-3.533231e+001
2.276900e+002	-8.805694e+000
2.274239e+002	-3.639018e+001
2.277502e+002	-3.194993e+001
2.281377e+002	-2.419652e+001
2.281576e+002	-3.632071e+001
2.285860e+002	-2.635876e+001
2.288510e+002	-2.523144e+001
2.290343e+002	-2.852123e+001
2.292789e+002	-2.849807e+001
2.294009e+002	-3.510079e+001
2.295841e+002	-3.839056e+001
2.299717e+002	-3.063716e+001
2.306861e+002	-5.214918e+000
2.303383e+002	-3.721671e+001
2.310118e+002	-1.400302e+001
2.316037e+002	4.793336e+000
2.316848e+002	-4.017909e+000
2.314596e+002	-2.939384e+001
2.314181e+002	-4.483120e+001
2.318670e+002	-3.376486e+001
2.322137e+002	-2.822022e+001
2.323561e+002	-3.371855e+001
2.328254e+002	-2.154805e+001
2.332743e+002	-1.048171e+001
2.334575e+002	-1.377150e+001
2.335182e+002	-2.368713e+001
2.337424e+002	-2.476836e+001
2.339461e+002	-2.695377e+001
2.344971e+002	-1.036593e+001
2.350276e+002	5.117492e+000
2.351497e+002	-1.485219e+000
2.350061e+002	-2.244383e+001
2.355367e+002	-6.960390e+000
2.353522e+002	-3.012778e+001
2.356581e+002	-2.679169e+001
2.361069e+002	-1.572534e+001
2.366171e+002	-1.346295e+000
2.362284e+002	-3.555664e+001
2.366364e+002	-2.669907e+001
2.368401e+002	-2.888446e+001
2.372685e+002	-1.892251e+001
2.373905e+002	-2.552522e+001
2.373286e+002	-4.206673e+001
2.382473e+002	-5.601530e+000
2.386757e+002	4.360400e+000
2.385322e+002	-1.659820e+001
2.386542e+002	-2.320091e+001
2.384902e+002	-4.526390e+001
