    nm         	pN
0.000000e+000	5.052513e+002
1.015383e-001	4.975422e+002
1.214100e-001	4.854183e+002
7.998263e-002	4.699805e+002
-8.391281e-002	4.479222e+002
-8.447398e-002	4.346936e+002
-8.503514e-002	4.214651e+002
-3.929670e-003	4.126514e+002
1.594200e-002	4.005274e+002
1.378803e-001	3.939211e+002
1.781524e-001	3.829000e+002
2.388574e-001	3.729834e+002
1.770296e-001	3.564428e+002
1.969013e-001	3.443189e+002
3.188729e-001	3.377144e+002
3.183117e-001	3.244858e+002
2.973167e-001	3.101526e+002
4.601212e-001	3.057555e+002
5.616600e-001	2.980464e+002
5.814988e-001	2.859207e+002
6.422033e-001	2.760041e+002
5.803760e-001	2.594635e+002
4.981476e-001	2.418201e+002
7.221859e-001	2.407333e+002
8.849909e-001	2.363362e+002
9.456959e-001	2.264196e+002
1.108467e+000	2.220208e+002
1.148772e+000	2.110014e+002
1.209445e+000	2.010831e+002
1.474349e+000	2.022055e+002
1.555454e+000	1.933918e+002
1.677426e+000	1.867873e+002
1.860631e+000	1.834930e+002
2.105102e+000	1.835108e+002
1.982041e+000	1.636600e+002
2.165246e+000	1.603657e+002
2.613917e+000	1.714224e+002
2.552089e+000	1.548818e+002
2.531094e+000	1.405486e+002
2.653066e+000	1.339441e+002
2.754604e+000	1.262350e+002
3.121576e+000	1.328751e+002
3.141447e+000	1.207511e+002
3.181719e+000	1.097300e+002
3.609957e+000	1.196821e+002
3.425629e+000	9.651919e+001
3.690534e+000	9.764158e+001
4.139171e+000	1.086965e+002
4.179476e+000	9.767714e+001
4.138082e+000	8.224114e+001
4.055821e+000	6.459593e+001
4.545325e+000	7.786006e+001
4.442664e+000	5.911203e+001
4.707569e+000	6.023442e+001
4.911207e+000	5.804478e+001
4.890212e+000	4.371160e+001
5.195950e+000	4.704142e+001
5.297488e+000	3.933229e+001
5.603225e+000	4.266211e+001
5.806831e+000	4.047068e+001
6.112569e+000	4.380050e+001
6.479573e+000	5.044235e+001
6.560679e+000	4.162863e+001
6.458017e+000	2.288061e+001
6.661655e+000	2.069096e+001
6.824460e+000	1.629387e+001
6.803465e+000	1.960695e+000
7.190871e+000	9.705377e+000
7.414941e+000	8.620328e+000
7.557313e+000	3.118647e+000
7.577152e+000	-9.007075e+000
8.046255e+000	3.154206e+000
8.127361e+000	-5.659495e+000
8.269732e+000	-1.116116e+001
8.371271e+000	-1.887028e+001
8.493210e+000	-2.547656e+001
8.696848e+000	-2.766620e+001
8.675887e+000	-4.199760e+001
8.797825e+000	-4.860389e+001
9.226095e+000	-3.865000e+001
9.470567e+000	-3.863222e+001
9.490406e+000	-5.075798e+001
9.898243e+000	-4.190870e+001
9.734316e+000	-6.396877e+001
1.006045e+001	-5.953612e+001
1.065206e+001	-4.075253e+001
1.034523e+001	-7.053771e+001
1.063053e+001	-6.831249e+001
1.097710e+001	-6.277526e+001
1.116031e+001	-6.606951e+001
1.140478e+001	-6.605173e+001
1.138379e+001	-8.038491e+001
1.148533e+001	-8.809402e+001
1.189316e+001	-7.924474e+001
1.201510e+001	-8.585101e+001
1.197371e+001	-1.012870e+002
1.236111e+001	-9.354236e+001
1.264645e+001	-9.131537e+001
1.240086e+001	-1.177903e+002
1.248196e+001	-1.266040e+002
1.278770e+001	-1.232742e+002
1.335887e+001	-1.055952e+002
1.356251e+001	-1.077848e+002
1.360278e+001	-1.188060e+002
1.388808e+001	-1.165808e+002
1.382626e+001	-1.331214e+002
1.390739e+001	-1.419333e+002
1.400893e+001	-1.496424e+002
1.437590e+001	-1.430023e+002
1.480414e+001	-1.330503e+002
1.498738e+001	-1.363427e+002
1.474178e+001	-1.628176e+002
1.519046e+001	-1.517610e+002
1.541449e+001	-1.528478e+002
1.549560e+001	-1.616615e+002
1.576050e+001	-1.605391e+002
1.584161e+001	-1.693528e+002
1.602485e+001	-1.726453e+002
1.624888e+001	-1.737321e+002
1.639126e+001	-1.792338e+002
1.620693e+001	-2.023967e+002
1.661473e+001	-1.935492e+002
1.692047e+001	-1.902194e+002
1.708328e+001	-1.946164e+002
1.747068e+001	-1.868718e+002
1.767432e+001	-1.890614e+002
1.789836e+001	-1.901482e+002
1.767320e+001	-2.155186e+002
1.804017e+001	-2.088785e+002
1.840717e+001	-2.022367e+002
1.861081e+001	-2.044263e+002
1.881441e+001	-2.066177e+002
1.942645e+001	-1.867295e+002
1.973219e+001	-1.833997e+002
1.975203e+001	-1.955255e+002
2.011903e+001	-1.888836e+002
2.042477e+001	-1.855538e+002
2.048544e+001	-1.954721e+002
2.054615e+001	-2.053887e+002
2.052515e+001	-2.197218e+002
2.048376e+001	-2.351578e+002
2.080993e+001	-2.307234e+002
2.080937e+001	-2.439520e+002
2.138054e+001	-2.262730e+002
2.117578e+001	-2.505405e+002
2.172655e+001	-2.339643e+002
2.317575e+001	-1.688194e+002
2.397155e+001	-1.389969e+002
2.399143e+001	-1.511208e+002
2.441966e+001	-1.411688e+002
2.439867e+001	-1.555019e+002
2.460231e+001	-1.576916e+002
2.464258e+001	-1.687127e+002
2.586718e+001	-1.157095e+002
2.705095e+001	-6.491378e+001
2.715249e+001	-7.262289e+001
2.747863e+001	-6.819026e+001
2.782520e+001	-6.265301e+001
2.827387e+001	-5.159631e+001
2.878381e+001	-3.722758e+001
2.886491e+001	-4.604128e+001
2.900728e+001	-5.154296e+001
2.925175e+001	-5.152518e+001
2.988419e+001	-3.053417e+001
3.027160e+001	-2.278950e+001
3.027104e+001	-3.601807e+001
2.998461e+001	-6.470040e+001
3.018825e+001	-6.689007e+001
3.043272e+001	-6.687229e+001
3.084052e+001	-5.802479e+001
3.094206e+001	-6.573390e+001
3.098236e+001	-7.675326e+001
3.192107e+001	-3.920563e+001
3.187967e+001	-5.464164e+001
3.216498e+001	-5.241642e+001
3.251155e+001	-4.687918e+001
3.253142e+001	-5.900315e+001
3.279629e+001	-5.788254e+001
3.304076e+001	-5.786476e+001
3.344860e+001	-4.901548e+001
3.326427e+001	-7.217837e+001
3.363125e+001	-6.553830e+001
3.405951e+001	-5.558443e+001
3.454902e+001	-4.232031e+001
3.471179e+001	-4.671916e+001
3.458873e+001	-6.657002e+001
3.497614e+001	-5.882533e+001
3.517977e+001	-6.101500e+001
3.534254e+001	-6.541385e+001
3.515822e+001	-8.857674e+001
3.560689e+001	-7.752004e+001
3.609639e+001	-6.425590e+001
3.644296e+001	-5.871865e+001
3.652407e+001	-6.753238e+001
3.693190e+001	-5.868310e+001
3.762561e+001	-3.438005e+001
3.713498e+001	-7.410133e+001
3.729776e+001	-7.850018e+001
3.744013e+001	-8.400186e+001
3.786840e+001	-7.404797e+001
3.776574e+001	-9.279601e+001
3.788767e+001	-9.940229e+001
3.835678e+001	-8.724098e+001
3.851955e+001	-9.163985e+001
3.894782e+001	-8.168596e+001
3.888599e+001	-9.822656e+001
3.931423e+001	-8.827447e+001
3.929327e+001	-1.026059e+002
3.927228e+001	-1.169390e+002
3.943508e+001	-1.213361e+002
3.998582e+001	-1.047617e+002
4.023029e+001	-1.047440e+002
4.027059e+001	-1.157633e+002
4.043337e+001	-1.201622e+002
4.077994e+001	-1.146249e+002
4.086107e+001	-1.234369e+002
4.141181e+001	-1.068625e+002
4.124792e+001	-1.289208e+002
4.145152e+001	-1.311122e+002
4.187979e+001	-1.211583e+002
4.185880e+001	-1.354915e+002
4.173574e+001	-1.553423e+002
4.218438e+001	-1.442874e+002
4.253095e+001	-1.387502e+002
4.234662e+001	-1.619131e+002
4.308115e+001	-1.354026e+002
4.312143e+001	-1.464237e+002
4.303920e+001	-1.640671e+002
4.342660e+001	-1.563225e+002
4.379361e+001	-1.496806e+002
4.430351e+001	-1.353137e+002
4.416002e+001	-1.562691e+002
4.483329e+001	-1.330707e+002
4.448560e+001	-1.650651e+002
4.491386e+001	-1.551112e+002
4.577090e+001	-1.219784e+002
4.613791e+001	-1.153366e+002
4.640278e+001	-1.142160e+002
4.650432e+001	-1.219251e+002
4.656502e+001	-1.318416e+002
4.717702e+001	-1.119552e+002
4.711523e+001	-1.284940e+002
4.754347e+001	-1.185419e+002
4.756331e+001	-1.306677e+002
4.780778e+001	-1.306499e+002
4.805225e+001	-1.306321e+002
4.813339e+001	-1.394440e+002
4.872499e+001	-1.206605e+002
4.894903e+001	-1.217473e+002
4.935687e+001	-1.128980e+002
4.964217e+001	-1.106728e+002
5.002958e+001	-1.029281e+002
5.033532e+001	-9.959830e+001
5.035515e+001	-1.117241e+002
5.059962e+001	-1.117063e+002
5.119123e+001	-9.292269e+001
5.170117e+001	-7.855396e+001
5.186394e+001	-8.295280e+001
5.184298e+001	-9.728420e+001
5.270001e+001	-6.415144e+001
5.288325e+001	-6.744391e+001
5.294392e+001	-7.736223e+001
5.357636e+001	-5.637120e+001
5.390253e+001	-5.193679e+001
5.386114e+001	-6.737278e+001
5.410561e+001	-6.735500e+001
5.459511e+001	-5.409087e+001
5.467622e+001	-6.290459e+001
5.516572e+001	-4.964047e+001
5.555313e+001	-4.189578e+001
5.598136e+001	-3.194369e+001
5.622584e+001	-3.192591e+001
5.659284e+001	-2.528406e+001
5.657185e+001	-3.961724e+001
5.653045e+001	-5.505323e+001
5.718332e+001	-3.295761e+001
5.740736e+001	-3.404444e+001
5.730470e+001	-5.279247e+001
5.734497e+001	-6.381361e+001
5.814077e+001	-3.399110e+001
5.803811e+001	-5.273913e+001
5.822132e+001	-5.603337e+001
5.875169e+001	-4.056003e+001
5.901656e+001	-3.943942e+001
5.913853e+001	-4.604394e+001
5.934217e+001	-4.823358e+001
5.946411e+001	-5.483987e+001
5.983111e+001	-4.819802e+001
5.997348e+001	-5.369970e+001
6.011585e+001	-5.920139e+001
6.066659e+001	-4.262700e+001
6.054353e+001	-6.247786e+001
6.095136e+001	-5.362858e+001
6.084871e+001	-7.237661e+001
6.095025e+001	-8.008572e+001
6.141931e+001	-6.792619e+001
6.190882e+001	-5.466206e+001
6.184700e+001	-7.120266e+001
6.227526e+001	-6.124879e+001
6.254014e+001	-6.012818e+001
6.260084e+001	-7.004473e+001
6.272278e+001	-7.665100e+001
6.327355e+001	-6.007484e+001
6.335465e+001	-6.888856e+001
6.333369e+001	-8.321996e+001
6.365983e+001	-7.878731e+001
6.402684e+001	-7.214548e+001
6.429170e+001	-7.102487e+001
6.465871e+001	-6.438301e+001
6.455605e+001	-8.313104e+001
6.502512e+001	-7.097153e+001
6.506539e+001	-8.199267e+001
6.479940e+001	-1.095704e+002
6.545227e+001	-8.747479e+001
6.567631e+001	-8.856160e+001
6.585951e+001	-9.185586e+001
6.602232e+001	-9.625293e+001
6.653222e+001	-8.188598e+001
6.655209e+001	-9.400995e+001
6.679657e+001	-9.399217e+001
6.826620e+001	-2.774264e+001
6.891907e+001	-5.647014e+000
6.936771e+001	5.407905e+000
6.906088e+001	-2.437726e+001
6.946868e+001	-1.552977e+001
6.965193e+001	-1.882224e+001
7.001889e+001	-1.218217e+001
7.038590e+001	-5.540319e+000
7.028324e+001	-2.428836e+001
7.060937e+001	-1.985572e+001
7.054755e+001	-3.639632e+001
7.124125e+001	-1.209327e+001
7.140405e+001	-1.649034e+001
7.173019e+001	-1.205771e+001
7.193383e+001	-1.424736e+001
7.213747e+001	-1.643700e+001
7.272907e+001	2.346567e+000
7.229971e+001	-3.406266e+001
7.311592e+001	-3.137318e+000
7.331955e+001	-5.326962e+000
7.346193e+001	-1.082864e+001
7.335927e+001	-2.957667e+001
7.376707e+001	-2.072918e+001
7.427701e+001	-6.360439e+000
7.397015e+001	-3.614739e+001
7.452092e+001	-1.957123e+001
7.496959e+001	-8.514524e+000
7.533656e+001	-1.874455e+000
7.576483e+001	8.079401e+000
7.576427e+001	-5.149149e+000
7.615167e+001	2.595500e+000
7.629404e+001	-2.906165e+000
7.635475e+001	-1.282271e+001
7.680339e+001	-1.767776e+000
7.694576e+001	-7.269458e+000
7.716983e+001	-8.354507e+000
7.731220e+001	-1.385619e+001
7.812841e+001	1.706913e+001
7.784198e+001	-1.161319e+001
7.798435e+001	-1.711487e+001
7.826966e+001	-1.488966e+001
7.820786e+001	-3.142848e+001
7.890153e+001	-7.127220e+000
7.953400e+001	1.386556e+001
7.943134e+001	-4.882453e+000
7.979831e+001	1.757600e+000
7.998152e+001	-1.536640e+000
8.045062e+001	1.062466e+001
8.018459e+001	-1.695485e+001
8.051077e+001	-1.252044e+001
8.102067e+001	1.846498e+000
8.124474e+001	7.614657e-001
8.138711e+001	-4.740199e+000
8.126402e+001	-2.459284e+001
8.105926e+001	-4.886033e+001
8.197759e+001	-1.241375e+001
8.214037e+001	-1.681261e+001
8.248693e+001	-1.127537e+001
8.295604e+001	8.859235e-001
8.309841e+001	-4.615741e+000
8.311825e+001	-1.674148e+001
8.340356e+001	-1.451627e+001
8.375012e+001	-8.979034e+000
8.426007e+001	5.389688e+000
8.432077e+001	-4.526842e+000
8.450397e+001	-7.821100e+000
8.421755e+001	-3.650344e+001
8.466622e+001	-2.544673e+001
8.544158e+001	3.271162e+000
8.537976e+001	-1.326942e+001
8.535876e+001	-2.760260e+001
8.611374e+001	1.246429e-002
8.625611e+001	-5.489200e+000
8.648014e+001	-6.576016e+000
8.631625e+001	-2.863431e+001
8.641778e+001	-3.634342e+001
8.684602e+001	-2.639131e+001
8.760099e+001	1.223755e+000
8.731453e+001	-2.746037e+001
8.813077e+001	3.466738e+000
8.835481e+001	2.379923e+000
8.827258e+001	-1.526349e+001
8.823119e+001	-3.069948e+001
8.861859e+001	-2.295482e+001
8.925103e+001	-1.963807e+000
8.959760e+001	3.573417e+000
8.963787e+001	-7.447709e+000
8.998444e+001	-1.910468e+000
9.043311e+001	9.146217e+000
9.024875e+001	-1.401843e+001
9.069743e+001	-2.961724e+000
9.090106e+001	-5.151369e+000
9.077800e+001	-2.500223e+001
9.112454e+001	-1.946677e+001
9.143028e+001	-1.613695e+001
9.163391e+001	-1.832660e+001
9.212342e+001	-5.062470e+000
9.234746e+001	-6.149286e+000
9.228566e+001	-2.268811e+001
9.253014e+001	-2.267033e+001
9.281544e+001	-2.044512e+001
9.336621e+001	-3.868960e+000
9.363108e+001	-2.748351e+000
9.399808e+001	3.893468e+000
9.430379e+001	7.221501e+000
9.409906e+001	-1.704419e+001
9.424144e+001	-2.254587e+001
9.471051e+001	-1.038634e+001
9.501624e+001	-7.056539e+000
9.536281e+001	-1.519298e+000
9.544392e+001	-1.033300e+001
9.591302e+001	1.828281e+000
9.587159e+001	-1.360948e+001
9.562600e+001	-4.008439e+001
9.644224e+001	-9.157285e+000
9.642125e+001	-2.349045e+001
9.682908e+001	-1.464117e+001
9.735942e+001	8.303640e-001
9.754262e+001	-2.463876e+000
9.797086e+001	7.488213e+000
9.782737e+001	-1.346722e+001
9.829647e+001	-1.305925e+000
9.843884e+001	-6.807606e+000
9.878541e+001	-1.270365e+000
9.900945e+001	-2.357181e+000
9.888639e+001	-2.220804e+001
9.911043e+001	-2.329487e+001
9.966120e+001	-6.718708e+000
1.000282e+002	-7.863774e-002
1.003952e+002	6.563198e+000
1.004967e+002	-1.145907e+000
1.004553e+002	-1.658190e+001
1.005569e+002	-2.429100e+001
1.005971e+002	-3.531215e+001
1.015767e+002	4.444672e+000
1.016170e+002	-6.576453e+000
1.017798e+002	-1.097354e+001
1.023918e+002	8.912860e+000
1.021870e+002	-1.535461e+001
1.028195e+002	5.636400e+000
1.024922e+002	-2.525336e+001
1.030225e+002	-9.781812e+000
1.035733e+002	6.794334e+000
1.032460e+002	-2.409543e+001
1.035313e+002	-2.187021e+001
1.041638e+002	-8.791952e-001
1.046533e+002	1.238491e+001
1.045710e+002	-5.260267e+000
1.046726e+002	-1.296937e+001
1.048558e+002	-1.626185e+001
1.054270e+002	1.417128e+000
1.054264e+002	-1.181144e+001
1.056301e+002	-1.400108e+001
1.060175e+002	-6.256419e+000
1.064661e+002	4.800266e+000
1.065472e+002	-4.013418e+000
1.066079e+002	-1.392996e+001
1.069749e+002	-7.289895e+000
1.070560e+002	-1.610183e+001
1.072393e+002	-1.939607e+001
1.077492e+002	-5.029115e+000
1.081570e+002	3.820129e+000
1.084219e+002	4.942521e+000
1.084009e+002	-9.390641e+000
1.084820e+002	-1.820436e+001
1.085223e+002	-2.922372e+001
1.092364e+002	-3.817841e+000
1.095422e+002	-4.880250e-001
1.096437e+002	-8.197130e+000
1.098473e+002	-1.038678e+001
1.098876e+002	-2.140792e+001
1.105609e+002	1.790501e+000
1.106624e+002	-5.918588e+000
1.108456e+002	-9.212828e+000
1.108655e+002	-2.133680e+001
1.111100e+002	-2.131902e+001
1.111911e+002	-3.013274e+001
1.110271e+002	-5.219280e+001
1.115983e+002	-3.451203e+001
1.121082e+002	-2.014507e+001
1.123323e+002	-2.123012e+001
1.127197e+002	-1.348544e+001
1.129029e+002	-1.677970e+001
1.131474e+002	-1.676192e+001
1.136982e+002	-1.857533e-001
1.137793e+002	-8.999471e+000
1.138604e+002	-1.781319e+001
1.142478e+002	-1.006672e+001
1.143289e+002	-1.888044e+001
1.147163e+002	-1.113578e+001
1.147362e+002	-2.325975e+001
1.149398e+002	-2.545118e+001
1.154702e+002	-9.977826e+000
1.158780e+002	-1.130331e+000
1.162245e+002	4.406892e+000
1.160811e+002	-1.654856e+001
1.163664e+002	-1.432334e+001
1.166108e+002	-1.430556e+001
1.170799e+002	-2.144262e+000
1.169977e+002	-1.978946e+001
1.174055e+002	-1.094018e+001
1.176500e+002	-1.092240e+001
1.179149e+002	-9.800029e+000
1.184452e+002	5.671522e+000
1.185876e+002	1.698407e-001
1.187708e+002	-3.124399e+000
1.185660e+002	-2.739189e+001
1.189943e+002	-1.743980e+001
1.196676e+002	5.760420e+000
1.195037e+002	-1.629963e+001
1.195031e+002	-2.952819e+001
1.200743e+002	-1.184920e+001
1.201962e+002	-1.845371e+001
1.205428e+002	-1.291647e+001
1.205218e+002	-2.724965e+001
1.211339e+002	-7.361451e+000
1.212150e+002	-1.617517e+001
1.213165e+002	-2.388427e+001
1.220306e+002	1.521586e+000
1.221934e+002	-2.875467e+000
1.221520e+002	-1.831147e+001
1.222535e+002	-2.602058e+001
1.223347e+002	-3.483430e+001
1.227833e+002	-2.377760e+001
1.234566e+002	-5.791438e-001
1.233539e+002	-1.932717e+001
1.237822e+002	-9.373299e+000
1.243738e+002	9.408505e+000
1.244141e+002	-1.610837e+000
1.243523e+002	-1.815144e+001
1.245763e+002	-1.923827e+001
1.250862e+002	-4.869535e+000
1.249019e+002	-2.803243e+001
1.255547e+002	-5.938571e+000
1.257380e+002	-9.231045e+000
1.259824e+002	-9.213265e+000
1.264311e+002	1.841637e+000
1.262467e+002	-2.132124e+001
1.268996e+002	7.743673e-001
1.271237e+002	-3.124315e-001
1.270823e+002	-1.574844e+001
1.274697e+002	-8.003757e+000
1.281225e+002	1.409185e+001
1.278769e+002	-1.238306e+001
1.277335e+002	-3.333852e+001
1.280392e+002	-3.000870e+001
1.280999e+002	-3.992701e+001
1.290182e+002	-3.482214e+000
1.290380e+002	-1.560618e+001
1.293438e+002	-1.227637e+001
1.298945e+002	4.299777e+000
1.300165e+002	-2.306500e+000
1.300364e+002	-1.443047e+001
1.303829e+002	-8.893213e+000
1.305457e+002	-1.329208e+001
1.308719e+002	-8.857654e+000
1.312593e+002	-1.112989e+000
1.316467e+002	6.631659e+000
1.314623e+002	-1.653298e+001
1.316251e+002	-2.093007e+001
1.321555e+002	-5.458502e+000
1.323387e+002	-8.750976e+000
1.325423e+002	-1.094240e+001
1.330114e+002	1.218877e+000
1.329700e+002	-1.421710e+001
1.329694e+002	-2.744566e+001
1.330506e+002	-3.625938e+001
1.334788e+002	-2.630728e+001
1.339479e+002	-1.414598e+001
1.339065e+002	-2.958197e+001
1.346819e+002	-8.640563e-001
1.350284e+002	4.673168e+000
1.347012e+002	-2.621838e+001
1.354765e+002	2.499519e+000
1.353330e+002	-1.845593e+001
1.356183e+002	-1.623071e+001
1.358424e+002	-1.731576e+001
1.364340e+002	1.467809e+000
1.365355e+002	-6.241280e+000
1.366779e+002	-1.174296e+001
1.368407e+002	-1.614181e+001
1.370648e+002	-1.722686e+001
1.370642e+002	-3.045543e+001
1.375537e+002	-1.719130e+001
1.381249e+002	4.876718e-001
1.383693e+002	5.054514e-001
1.385730e+002	-1.684176e+000
1.384499e+002	-2.153503e+001
1.386331e+002	-2.482929e+001
1.389389e+002	-2.149947e+001
1.394488e+002	-7.132519e+000
1.394278e+002	-2.146391e+001
1.398560e+002	-1.151181e+001
1.392429e+002	-5.785716e+001
1.399162e+002	-3.465692e+001
1.406303e+002	-9.251044e+000
1.407522e+002	-1.585734e+001
1.409559e+002	-1.804698e+001
1.413229e+002	-1.140513e+001
1.415265e+002	-1.359477e+001
1.411176e+002	-4.890120e+001
1.420563e+002	-1.135179e+001
1.424233e+002	-4.711721e+000
1.423819e+002	-2.014773e+001
1.427284e+002	-1.461049e+001
1.430137e+002	-1.238527e+001
1.430540e+002	-2.340641e+001
1.434823e+002	-1.345254e+001
1.436655e+002	-1.674679e+001
1.436037e+002	-3.328740e+001
1.441136e+002	-1.891866e+001
1.441334e+002	-3.104440e+001
1.443371e+002	-3.323404e+001
1.444386e+002	-4.094317e+001
1.449485e+002	-2.657442e+001
1.452134e+002	-2.545382e+001
1.454375e+002	-2.653887e+001
1.457024e+002	-2.541826e+001
1.462327e+002	-9.946707e+000
1.462730e+002	-2.096607e+001
1.463337e+002	-3.088438e+001
1.467211e+002	-2.313971e+001
1.470473e+002	-1.870529e+001
1.472917e+002	-1.868751e+001
1.473320e+002	-2.970865e+001
1.479236e+002	-1.092506e+001
1.481068e+002	-1.421932e+001
1.486780e+002	3.459657e+000
1.486979e+002	-8.664298e+000
1.487994e+002	-1.637340e+001
1.488601e+002	-2.628993e+001
1.488595e+002	-3.951850e+001
1.496349e+002	-1.080060e+001
1.497160e+002	-1.961430e+001
1.496338e+002	-3.725774e+001
1.497966e+002	-4.165480e+001
1.505311e+002	-1.514612e+001
1.514698e+002	2.240328e+001
1.510609e+002	-1.290135e+001
1.512033e+002	-1.840303e+001
1.516111e+002	-9.555537e+000
1.521414e+002	5.917797e+000
1.520592e+002	-1.172740e+001
1.519361e+002	-3.157826e+001
1.518947e+002	-4.701425e+001
1.526905e+002	-1.719352e+001
1.531596e+002	-5.032210e+000
1.530773e+002	-2.267741e+001
1.536485e+002	-4.996650e+000
1.537705e+002	-1.160293e+001
1.536882e+002	-2.924636e+001
1.541982e+002	-1.487940e+001
1.542385e+002	-2.589876e+001
1.546667e+002	-1.594667e+001
1.547070e+002	-2.696782e+001
1.549106e+002	-2.915746e+001
1.554205e+002	-1.479051e+001
1.552975e+002	-3.464136e+001
1.559503e+002	-1.254574e+001
1.562152e+002	-1.142513e+001
1.562351e+002	-2.354910e+001
1.564999e+002	-2.242849e+001
1.567036e+002	-2.461814e+001
1.568664e+002	-2.901521e+001
1.569475e+002	-3.782892e+001
1.578045e+002	-4.694379e+000
1.578857e+002	-1.350810e+001
1.578851e+002	-2.673666e+001
1.584154e+002	-1.126510e+001
1.589049e+002	1.999013e+000
1.591086e+002	-1.906145e-001
1.591080e+002	-1.341920e+001
1.593321e+002	-1.450601e+001
1.592703e+002	-3.104483e+001
1.596781e+002	-2.219734e+001
1.597796e+002	-2.990645e+001
1.597178e+002	-4.644528e+001
1.603298e+002	-2.655887e+001
1.607172e+002	-1.881418e+001
1.611455e+002	-8.862095e+000
1.613083e+002	-1.325916e+001
1.621041e+002	1.656333e+001
1.613888e+002	-3.530145e+001
1.614903e+002	-4.301055e+001
1.621228e+002	-2.201954e+001
1.624693e+002	-1.648230e+001
1.625913e+002	-2.308680e+001
1.626929e+002	-3.079592e+001
1.630190e+002	-2.636327e+001
1.633043e+002	-2.413807e+001
1.637530e+002	-1.308137e+001
1.639158e+002	-1.747844e+001
1.638744e+002	-3.291445e+001
1.642005e+002	-2.848180e+001
1.644654e+002	-2.735942e+001
1.652408e+002	1.358473e+000
1.651994e+002	-1.407928e+001
1.651376e+002	-3.061811e+001
1.657087e+002	-1.293911e+001
1.658307e+002	-1.954362e+001
1.663815e+002	-2.969243e+000
1.663809e+002	-1.619781e+001
1.665233e+002	-2.169949e+001
1.671557e+002	-7.084630e-001
1.673185e+002	-5.105549e+000
1.671546e+002	-2.716383e+001
1.677258e+002	-9.484838e+000
1.677865e+002	-1.940139e+001
1.679084e+002	-2.600766e+001
1.681325e+002	-2.709271e+001
1.687037e+002	-9.413720e+000
1.687848e+002	-1.822744e+001
1.691926e+002	-9.378161e+000
1.692737e+002	-1.819188e+001
1.698653e+002	5.917090e-001
1.699873e+002	-6.012784e+000
1.699663e+002	-2.034596e+001
1.702924e+002	-1.591332e+001
1.702510e+002	-3.134933e+001
1.710060e+002	-3.734241e+000
1.712096e+002	-5.923886e+000
1.712703e+002	-1.584220e+001
1.714740e+002	-1.803184e+001
1.718205e+002	-1.249460e+001
1.720242e+002	-1.468425e+001
1.725341e+002	-3.172928e-001
1.729623e+002	9.636563e+000
1.726146e+002	-2.235781e+001
1.728591e+002	-2.234002e+001
1.730423e+002	-2.563427e+001
1.734706e+002	-1.568218e+001
1.737355e+002	-1.455979e+001
1.742045e+002	-2.400259e+000
1.744898e+002	-1.750552e-001
1.744076e+002	-1.781849e+001
1.746521e+002	-1.780071e+001
1.748557e+002	-1.999035e+001
1.748756e+002	-3.211433e+001
1.758552e+002	7.642495e+000
1.759771e+002	1.036218e+000
1.760991e+002	-5.568275e+000
1.760781e+002	-1.990145e+001
1.767105e+002	1.089557e+000
1.766283e+002	-1.655386e+001
1.769544e+002	-1.212121e+001
1.769743e+002	-2.424518e+001
1.769329e+002	-3.968118e+001
1.773816e+002	-2.862626e+001
1.779731e+002	-9.842669e+000
1.785239e+002	6.733476e+000
1.785642e+002	-4.287649e+000
1.784820e+002	-2.193106e+001
1.789919e+002	-7.564110e+000
1.784808e+002	-4.838821e+001
1.795829e+002	-2.009089e+000
1.795211e+002	-1.854791e+001
1.795614e+002	-2.956905e+001
1.801938e+002	-8.578040e+000
1.806016e+002	2.694373e-001
1.806215e+002	-1.185452e+001
1.809681e+002	-6.317277e+000
1.811921e+002	-7.404092e+000
1.812324e+002	-1.842345e+001
1.813543e+002	-2.502975e+001
1.817622e+002	-1.618047e+001
1.821087e+002	-1.064323e+001
1.824349e+002	-6.210582e+000
1.823118e+002	-2.606144e+001
1.828625e+002	-9.487059e+000
1.827395e+002	-2.933791e+001
1.831269e+002	-2.159325e+001
1.833917e+002	-2.047264e+001
1.834524e+002	-3.038917e+001
1.834110e+002	-4.582518e+001
1.841456e+002	-1.931469e+001
1.842675e+002	-2.591920e+001
1.845324e+002	-2.479859e+001
1.849198e+002	-1.705393e+001
1.850418e+002	-2.365844e+001
1.852250e+002	-2.695268e+001
1.856124e+002	-1.920801e+001
1.856731e+002	-2.912456e+001
1.861422e+002	-1.696503e+001
1.861416e+002	-3.019359e+001
1.866924e+002	-1.361743e+001
1.868960e+002	-1.580708e+001
1.872017e+002	-1.247904e+001
1.875891e+002	-4.732596e+000
1.871802e+002	-4.003901e+001
1.878943e+002	-1.463313e+001
1.882204e+002	-1.019872e+001
1.883628e+002	-1.570040e+001
1.883623e+002	-2.892897e+001
1.884025e+002	-3.995011e+001
1.890758e+002	-1.675167e+001
1.890956e+002	-2.887563e+001
1.892993e+002	-3.106529e+001
1.895437e+002	-3.104749e+001
1.897269e+002	-3.434175e+001
1.904615e+002	-7.831276e+000
1.906242e+002	-1.223013e+001
1.908483e+002	-1.331518e+001
1.908273e+002	-2.764834e+001
1.909901e+002	-3.204543e+001
1.908874e+002	-5.079345e+001
1.914178e+002	-3.532188e+001
1.920707e+002	-1.322626e+001
1.920088e+002	-2.976687e+001
1.923146e+002	-2.643707e+001
1.927224e+002	-1.758779e+001
1.930689e+002	-1.205233e+001
1.932317e+002	-1.644940e+001
1.935374e+002	-1.311958e+001
1.939861e+002	-2.062882e+000
1.938222e+002	-2.412295e+001
1.940258e+002	-2.631259e+001
1.944132e+002	-1.856793e+001
1.950252e+002	1.318473e+000
1.949634e+002	-1.522033e+001
1.949424e+002	-2.955351e+001
1.954932e+002	-1.297735e+001
1.957785e+002	-1.075214e+001
1.961455e+002	-4.110289e+000
1.963900e+002	-4.092510e+000
1.966344e+002	-4.074730e+000
1.967972e+002	-8.473582e+000
1.972663e+002	3.687698e+000
1.971636e+002	-1.506031e+001
1.974081e+002	-1.504253e+001
1.973871e+002	-2.937571e+001
1.981421e+002	-1.760627e+000
1.978760e+002	-2.934015e+001
1.984881e+002	-9.451953e+000
1.986100e+002	-1.605823e+001
1.986299e+002	-2.818220e+001
1.987518e+002	-3.478850e+001
1.995680e+002	-3.861374e+000
1.999555e+002	3.883274e+000
1.999753e+002	-8.242446e+000
2.001994e+002	-9.327495e+000
2.006684e+002	2.832018e+000
2.007495e+002	-5.981683e+000
2.004223e+002	-3.687146e+001
2.009118e+002	-2.360732e+001
2.010337e+002	-3.021183e+001
2.012986e+002	-2.909122e+001
2.019515e+002	-6.995596e+000
2.022368e+002	-4.770392e+000
2.022975e+002	-1.468692e+001
2.024194e+002	-2.129322e+001
2.027456e+002	-1.685880e+001
2.029492e+002	-1.905023e+001
2.036429e+002	5.252816e+000
2.037648e+002	-1.351678e+000
2.036417e+002	-2.120432e+001
2.038454e+002	-2.339396e+001
2.043961e+002	-6.817799e+000
2.041301e+002	-3.439733e+001
2.046196e+002	-2.113320e+001
2.053133e+002	3.169849e+000
2.057620e+002	1.422655e+001
2.052101e+002	-2.880675e+001
2.059038e+002	-4.503697e+000
2.059237e+002	-1.662765e+001
2.060864e+002	-2.102650e+001
2.064942e+002	-1.217724e+001
2.067591e+002	-1.105663e+001
2.069628e+002	-1.324628e+001
2.069622e+002	-2.647485e+001
2.076355e+002	-3.274627e+000
2.074511e+002	-2.643929e+001
2.081448e+002	-2.136238e+000
2.082055e+002	-1.205277e+001
2.081029e+002	-3.080081e+001
2.085719e+002	-1.864128e+001
2.089389e+002	-1.199943e+001
2.092038e+002	-1.087884e+001
2.096729e+002	1.282460e+000
2.094069e+002	-2.629705e+001
2.098147e+002	-1.744777e+001
2.097120e+002	-3.619580e+001
2.099157e+002	-3.838546e+001
2.104052e+002	-2.512132e+001
2.109355e+002	-9.649767e+000
2.108533e+002	-2.729320e+001
2.114449e+002	-8.509596e+000
2.115873e+002	-1.401128e+001
2.117705e+002	-1.730553e+001
2.117495e+002	-3.163871e+001
2.124432e+002	-7.335648e+000
2.122793e+002	-2.939395e+001
2.128708e+002	-1.061212e+001
2.129111e+002	-2.163148e+001
2.129922e+002	-3.044520e+001
2.136451e+002	-8.349579e+000
2.135833e+002	-2.489018e+001
2.142566e+002	-1.691729e+000
2.146439e+002	6.052919e+000
2.143984e+002	-2.042198e+001
2.146633e+002	-1.929960e+001
2.149486e+002	-1.707438e+001
2.150909e+002	-2.257606e+001
2.156825e+002	-3.792475e+000
2.156615e+002	-1.812565e+001
2.160694e+002	-9.276377e+000
2.161096e+002	-2.029752e+001
2.160479e+002	-3.683634e+001
2.167007e+002	-1.474250e+001
2.171493e+002	-3.685797e+000
2.171692e+002	-1.580977e+001
2.172299e+002	-2.572808e+001
2.176990e+002	-1.356677e+001
2.180660e+002	-6.926698e+000
2.183309e+002	-5.804323e+000
2.183303e+002	-1.903289e+001
2.187177e+002	-1.128822e+001
2.190030e+002	-9.063020e+000
2.193700e+002	-2.421168e+000
2.193695e+002	-1.564973e+001
2.193280e+002	-3.108751e+001
2.197563e+002	-2.113364e+001
2.203683e+002	-1.247220e+000
2.202861e+002	-1.889065e+001
2.206122e+002	-1.445801e+001
2.211630e+002	2.118139e+000
2.209786e+002	-2.104474e+001
2.211823e+002	-2.323438e+001
2.213859e+002	-2.542581e+001
2.217529e+002	-1.878397e+001
2.219565e+002	-2.097362e+001
2.219764e+002	-3.309936e+001
2.225067e+002	-1.762781e+001
2.231596e+002	4.467801e+000
2.234449e+002	6.693022e+000
2.233830e+002	-9.847565e+000
2.236684e+002	-7.620577e+000
2.237495e+002	-1.643429e+001
2.239735e+002	-1.752113e+001
2.242384e+002	-1.639874e+001
2.245441e+002	-1.306892e+001
2.246457e+002	-2.077803e+001
2.250739e+002	-1.082594e+001
2.250734e+002	-2.405450e+001
2.250932e+002	-3.617847e+001
2.256440e+002	-1.960409e+001
2.260314e+002	-1.185941e+001
2.264392e+002	-3.010152e+000
2.264386e+002	-1.623872e+001
2.267035e+002	-1.511633e+001
2.269480e+002	-1.509855e+001
2.271108e+002	-1.949740e+001
2.276207e+002	-5.128661e+000
2.277222e+002	-1.283778e+001
2.278238e+002	-2.054689e+001
2.282928e+002	-8.387359e+000
2.284148e+002	-1.499187e+001
2.287001e+002	-1.276666e+001
2.289854e+002	-1.054144e+001
2.293116e+002	-6.108815e+000
2.292906e+002	-2.044021e+001
2.296984e+002	-1.159272e+001
2.300041e+002	-8.262901e+000
2.301465e+002	-1.376458e+001
2.302889e+002	-1.926626e+001
2.308601e+002	-1.585488e+000
2.309003e+002	-1.260663e+001
2.313081e+002	-3.759136e+000
2.314097e+002	-1.146824e+001
2.316338e+002	-1.255329e+001
2.321233e+002	7.108179e-001
2.321839e+002	-9.207479e+000
2.323876e+002	-1.139712e+001
2.327341e+002	-5.859882e+000
2.328561e+002	-1.246439e+001
2.329781e+002	-1.907067e+001
2.334267e+002	-8.013968e+000
2.339979e+002	9.664990e+000
2.341607e+002	5.267921e+000
2.341397e+002	-9.065241e+000
2.340983e+002	-2.450123e+001
2.345674e+002	-1.233993e+001
2.353223e+002	1.527337e+001
2.351993e+002	-4.577473e+000
2.353825e+002	-7.871730e+000
2.358720e+002	5.392379e+000
2.357080e+002	-1.666767e+001
2.356463e+002	-3.320649e+001
2.364829e+002	-1.176538e+000
2.366048e+002	-7.782832e+000
2.371760e+002	9.896143e+000
2.369100e+002	-1.768158e+001
2.373382e+002	-7.729492e+000
2.374602e+002	-1.433399e+001
2.379701e+002	3.295216e-002
2.383984e+002	9.985041e+000
2.381732e+002	-1.538526e+001
2.384381e+002	-1.426287e+001
2.384987e+002	-2.418120e+001
2.388453e+002	-1.864396e+001
2.389877e+002	-2.414562e+001
2.396201e+002	-3.154610e+000
2.400892e+002	9.006687e+000
2.403337e+002	9.024467e+000
2.407007e+002	1.566452e+001
