    nm         	pN
0.000000e+000	6.107296e+002
9.581478e-002	6.017102e+002
9.895213e-002	5.870552e+002
4.646111e-002	5.690177e+002
-4.313739e-002	5.487237e+002
-5.858208e-002	5.329388e+002
3.723361e-002	5.239194e+002
-3.381115e-002	5.047536e+002
6.403558e-003	4.923533e+002
1.578777e-001	4.867183e+002
3.278755e-001	4.822098e+002
3.495365e-001	4.686812e+002
2.970158e-001	4.506418e+002
3.372305e-001	4.382415e+002
3.403391e-001	4.235848e+002
3.434769e-001	4.089299e+002
3.836921e-001	3.965295e+002
3.682177e-001	3.807429e+002
6.495047e-001	3.830015e+002
5.784599e-001	3.638357e+002
6.742752e-001	3.548163e+002
8.813786e-001	3.525641e+002
1.199743e+000	3.570773e+002
9.618081e-001	3.277633e+002
1.113224e+000	3.221249e+002
1.153438e+000	3.097245e+002
1.063840e+000	2.894305e+002
1.326574e+000	2.905610e+002
1.515125e+000	2.871806e+002
1.592417e+000	2.770348e+002
1.706814e+000	2.691453e+002
1.858259e+000	2.635086e+002
1.787185e+000	2.443410e+002
1.641957e+000	2.206644e+002
1.682172e+000	2.082640e+002
1.722386e+000	1.958637e+002
1.669865e+000	1.778243e+002
1.765680e+000	1.688048e+002
1.824448e+000	1.575326e+002
1.975922e+000	1.518977e+002
2.127368e+000	1.462610e+002
2.334471e+000	1.440087e+002
2.597205e+000	1.451392e+002
2.767202e+000	1.406307e+002
3.104090e+000	1.462703e+002
3.311194e+000	1.440181e+002
3.536822e+000	1.428922e+002
3.577037e+000	1.304919e+002
3.728511e+000	1.248569e+002
3.898509e+000	1.203484e+002
3.901617e+000	1.056917e+002
3.645130e+000	7.524958e+001
3.666792e+000	6.172107e+001
3.948078e+000	6.397972e+001
4.247889e+000	6.736476e+001
4.380811e+000	6.060167e+001
4.550808e+000	5.609310e+001
4.665205e+000	4.820363e+001
4.798127e+000	4.144052e+001
4.986677e+000	3.806013e+001
5.119569e+000	3.129525e+001
5.215385e+000	2.227583e+001
5.385412e+000	1.776906e+001
5.629593e+000	1.777138e+001
6.022109e+000	2.679369e+001
6.043772e+000	1.326517e+001
6.399212e+000	2.003292e+001
6.736099e+000	2.567251e+001
6.757760e+000	1.214398e+001
7.354273e+000	3.357076e+001
7.171969e+000	7.639543e+000
7.416150e+000	7.641865e+000
7.511994e+000	-1.375765e+000
7.737622e+000	-2.501599e+000
7.536765e+000	-2.956099e+001
7.947834e+000	-1.941053e+001
8.080756e+000	-2.617362e+001
8.195154e+000	-3.406311e+001
8.383675e+000	-3.744527e+001
8.590749e+000	-3.969928e+001
8.834931e+000	-3.969694e+001
8.967851e+000	-4.646004e+001
9.434580e+000	-3.292509e+001
9.864204e+000	-2.164645e+001
9.922942e+000	-3.292043e+001
9.981680e+000	-4.419441e+001
1.009605e+001	-5.208567e+001
1.052567e+001	-4.080703e+001
1.088114e+001	-3.403751e+001
1.093985e+001	-4.531326e+001
1.136950e+001	-3.403285e+001
1.135403e+001	-4.981949e+001
1.146843e+001	-5.770898e+001
1.180531e+001	-5.206938e+001
1.191971e+001	-5.995887e+001
1.240494e+001	-4.529929e+001
1.281603e+001	-3.514705e+001
1.307877e+001	-3.401656e+001
1.334147e+001	-3.288785e+001
1.334458e+001	-4.754454e+001
1.364439e+001	-4.415951e+001
1.381439e+001	-4.866805e+001
1.385460e+001	-6.106841e+001
1.458093e+001	-3.174805e+001
1.476948e+001	-3.512844e+001
1.493945e+001	-3.963876e+001
1.514655e+001	-4.189098e+001
1.514969e+001	-5.654590e+001
1.528261e+001	-6.330900e+001
1.574928e+001	-4.977760e+001
1.571534e+001	-6.668706e+001
1.569993e+001	-8.247013e+001
1.603682e+001	-7.683054e+001
1.594722e+001	-9.712450e+001
1.630266e+001	-9.035675e+001
1.665810e+001	-8.358898e+001
1.656850e+001	-1.038829e+002
1.696102e+001	-9.486064e+001
1.683431e+001	-1.174109e+002
1.715268e+001	-1.128977e+002
1.717434e+001	-1.264262e+002
1.754833e+001	-1.185303e+002
1.768125e+001	-1.252934e+002
1.786981e+001	-1.286738e+002
1.809543e+001	-1.297996e+002
1.822835e+001	-1.365627e+002
1.860235e+001	-1.286668e+002
1.871672e+001	-1.365581e+002
1.883111e+001	-1.444476e+002
1.887133e+001	-1.568479e+002
1.922674e+001	-1.500820e+002
1.917425e+001	-1.681196e+002
1.938135e+001	-1.703718e+002
1.960698e+001	-1.714976e+002
1.959153e+001	-1.872825e+002
1.996553e+001	-1.793866e+002
2.004279e+001	-1.895342e+002
2.013863e+001	-1.985518e+002
2.010466e+001	-2.154631e+002
2.020051e+001	-2.244807e+002
2.037054e+001	-2.289875e+002
2.057761e+001	-2.312415e+002
2.082179e+001	-2.312392e+002
2.102890e+001	-2.334914e+002
2.149560e+001	-2.199582e+002
2.183248e+001	-2.143186e+002
2.218792e+001	-2.075509e+002
2.222814e+001	-2.199512e+002
2.241669e+001	-2.233316e+002
2.277213e+001	-2.165639e+002
2.392494e+001	-1.613099e+002
2.496646e+001	-1.128233e+002
2.522919e+001	-1.116928e+002
2.526938e+001	-1.240949e+002
2.551356e+001	-1.240926e+002
2.549815e+001	-1.398756e+002
2.587214e+001	-1.319797e+002
2.641299e+001	-1.139374e+002
2.678702e+001	-1.060397e+002
2.712390e+001	-1.004001e+002
2.707138e+001	-1.184395e+002
2.725993e+001	-1.218199e+002
2.757827e+001	-1.173085e+002
2.763704e+001	-1.285807e+002
2.793685e+001	-1.251957e+002
2.832936e+001	-1.161734e+002
2.855499e+001	-1.172992e+002
2.883628e+001	-1.150406e+002
2.902483e+001	-1.184209e+002
2.928753e+001	-1.172922e+002
2.936482e+001	-1.274380e+002
2.946067e+001	-1.364557e+002
2.964922e+001	-1.398361e+002
2.965236e+001	-1.544910e+002
3.011906e+001	-1.409578e+002
2.999238e+001	-1.635063e+002
3.051468e+001	-1.465922e+002
3.179731e+001	-8.344469e+001
3.295012e+001	-2.819078e+001
3.332411e+001	-2.029488e+001
3.345703e+001	-2.705797e+001
3.360848e+001	-3.269469e+001
3.374137e+001	-3.945956e+001
3.387429e+001	-4.622265e+001
3.409994e+001	-4.734672e+001
3.417724e+001	-5.749254e+001
3.490356e+001	-2.817217e+001
3.522193e+001	-2.365896e+001
3.505811e+001	-4.846556e+001
3.519104e+001	-5.522867e+001
3.532396e+001	-6.199178e+001
3.558669e+001	-6.086128e+001
3.588650e+001	-5.747625e+001
3.640883e+001	-4.056035e+001
3.672723e+001	-3.604537e+001
3.661905e+001	-5.746926e+001
3.680760e+001	-6.084964e+001
3.740408e+001	-3.942464e+001
3.751848e+001	-4.731414e+001
3.779973e+001	-4.505725e+001
3.808099e+001	-4.280037e+001
3.799142e+001	-6.309257e+001
3.829123e+001	-5.970751e+001
3.844268e+001	-6.534424e+001
3.857560e+001	-7.210733e+001
3.902377e+001	-5.970053e+001
3.930503e+001	-5.744366e+001
3.927106e+001	-7.435490e+001
3.981195e+001	-5.631085e+001
3.994487e+001	-6.307393e+001
4.017050e+001	-6.419977e+001
4.024779e+001	-7.434559e+001
4.062178e+001	-6.644967e+001
4.066199e+001	-7.885004e+001
4.083199e+001	-8.335859e+001
4.076095e+001	-1.025244e+002
4.094950e+001	-1.059048e+002
4.136057e+001	-9.575429e+001
4.153057e+001	-1.002628e+002
4.173767e+001	-1.025151e+002
4.172223e+001	-1.182999e+002
4.189222e+001	-1.228085e+002
4.221059e+001	-1.182953e+002
4.245477e+001	-1.182929e+002
4.251351e+001	-1.295669e+002
4.253517e+001	-1.430955e+002
4.309458e+001	-1.239250e+002
4.332023e+001	-1.250491e+002
4.332334e+001	-1.397058e+002
4.354900e+001	-1.408298e+002
4.429382e+001	-1.103848e+002
4.438966e+001	-1.194025e+002
4.439280e+001	-1.340574e+002
4.463698e+001	-1.340551e+002
4.517783e+001	-1.160128e+002
4.592271e+001	-8.556426e+001
4.607416e+001	-9.120098e+001
4.605874e+001	-1.069841e+002
4.632148e+001	-1.058536e+002
4.645437e+001	-1.126184e+002
4.697673e+001	-9.570076e+001
4.733217e+001	-8.893301e+001
4.765050e+001	-8.442159e+001
4.839535e+001	-5.397484e+001
4.862098e+001	-5.510067e+001
4.869827e+001	-6.524649e+001
4.866433e+001	-8.215595e+001
4.892703e+001	-8.102723e+001
4.917122e+001	-8.102490e+001
4.947103e+001	-7.763987e+001
4.964106e+001	-8.214664e+001
4.999649e+001	-7.537888e+001
5.038901e+001	-6.635659e+001
5.024378e+001	-9.003324e+001
5.078464e+001	-7.199097e+001
5.117718e+001	-6.296689e+001
5.131010e+001	-6.972998e+001
5.168407e+001	-6.183584e+001
5.174284e+001	-7.310805e+001
5.196846e+001	-7.423388e+001
5.213849e+001	-7.874066e+001
5.241975e+001	-7.648378e+001
5.307186e+001	-5.167607e+001
5.320478e+001	-5.843916e+001
5.344896e+001	-5.843684e+001
5.408258e+001	-3.475374e+001
5.430824e+001	-3.587780e+001
5.436695e+001	-4.715355e+001
5.474091e+001	-3.925942e+001
5.474405e+001	-5.391432e+001
5.495115e+001	-5.616655e+001
5.506552e+001	-6.405781e+001
5.529115e+001	-6.518365e+001
5.564659e+001	-5.841588e+001
5.583514e+001	-6.179628e+001
5.611643e+001	-5.953762e+001
5.665728e+001	-4.149535e+001
5.653061e+001	-6.404385e+001
5.692312e+001	-5.502154e+001
5.705605e+001	-6.178465e+001
5.737441e+001	-5.727144e+001
5.730336e+001	-7.643722e+001
5.739921e+001	-8.545487e+001
5.777317e+001	-7.756074e+001
5.816569e+001	-6.853843e+001
5.829864e+001	-7.529977e+001
5.817197e+001	-9.784827e+001
5.869427e+001	-8.093415e+001
5.904971e+001	-7.416640e+001
5.901574e+001	-9.107762e+001
5.913014e+001	-9.896712e+001
5.948558e+001	-9.219937e+001
5.947016e+001	-1.079824e+002
6.002956e+001	-8.881199e+001
6.032938e+001	-8.542696e+001
6.018415e+001	-1.091036e+002
6.087337e+001	-8.203958e+001
6.078377e+001	-1.023335e+002
6.097232e+001	-1.057139e+002
6.110521e+001	-1.124788e+002
6.157195e+001	-9.894385e+001
6.177905e+001	-1.011961e+002
6.185631e+001	-1.113437e+002
6.200776e+001	-1.169804e+002
6.217778e+001	-1.214871e+002
6.266303e+001	-1.068258e+002
6.290721e+001	-1.068235e+002
6.302158e+001	-1.147147e+002
6.283928e+001	-1.406460e+002
6.317617e+001	-1.350064e+002
6.360576e+001	-1.237295e+002
6.364598e+001	-1.361299e+002
6.396434e+001	-1.316167e+002
6.402308e+001	-1.428906e+002
6.448978e+001	-1.293575e+002
6.454854e+001	-1.406297e+002
6.473709e+001	-1.440100e+002
6.509254e+001	-1.372423e+002
6.489168e+001	-1.643017e+002
6.509878e+001	-1.665539e+002
6.521315e+001	-1.744452e+002
6.579111e+001	-1.541466e+002
6.575714e+001	-1.710578e+002
6.589006e+001	-1.778209e+002
6.624551e+001	-1.710531e+002
6.656386e+001	-1.665399e+002
6.664116e+001	-1.766858e+002
6.714493e+001	-1.608980e+002
6.711097e+001	-1.778093e+002
6.709552e+001	-1.935941e+002
6.743241e+001	-1.879545e+002
6.758388e+001	-1.935895e+002
6.771680e+001	-2.003526e+002
6.768283e+001	-2.172638e+002
6.813098e+001	-2.048588e+002
6.909838e+001	-1.608794e+002
7.112271e+001	-5.263022e+001
7.184904e+001	-2.330986e+001
7.233426e+001	-8.650294e+000
7.263407e+001	-5.265257e+000
7.243322e+001	-3.232463e+001
7.267739e+001	-3.232231e+001
7.292158e+001	-3.231999e+001
7.346246e+001	-1.427592e+001
7.348412e+001	-2.780445e+001
7.393227e+001	-1.539943e+001
7.404667e+001	-2.328892e+001
7.380870e+001	-5.260463e+001
7.433106e+001	-3.568696e+001
7.464940e+001	-3.117552e+001
7.498628e+001	-2.553595e+001
7.510068e+001	-3.342542e+001
7.527065e+001	-3.793576e+001
7.558904e+001	-3.342078e+001
7.570338e+001	-4.131381e+001
7.618866e+001	-2.665069e+001
7.643285e+001	-2.664836e+001
7.632466e+001	-4.807225e+001
7.677287e+001	-3.566369e+001
7.673887e+001	-5.257671e+001
7.714991e+001	-4.242802e+001
7.746828e+001	-3.791480e+001
7.765683e+001	-4.129520e+001
7.771560e+001	-5.256738e+001
7.810811e+001	-4.354509e+001
7.838937e+001	-4.128821e+001
7.859647e+001	-4.354043e+001
7.885918e+001	-4.241172e+001
7.921468e+001	-3.564041e+001
7.951446e+001	-3.225715e+001
7.977719e+001	-3.112665e+001
7.976175e+001	-4.691152e+001
7.970922e+001	-6.495092e+001
8.045411e+001	-3.450238e+001
8.080954e+001	-2.773463e+001
8.075699e+001	-4.577581e+001
8.085284e+001	-5.479347e+001
8.117120e+001	-5.028026e+001
8.176772e+001	-2.885348e+001
8.210463e+001	-2.321211e+001
8.251570e+001	-1.306165e+001
8.244463e+001	-3.222921e+001
8.276299e+001	-2.771602e+001
8.334095e+001	-7.417410e+000
8.332553e+001	-2.320049e+001
8.338427e+001	-3.447446e+001
8.392516e+001	-1.643040e+001
8.359446e+001	-5.138515e+001
8.432078e+001	-2.206478e+001
8.452788e+001	-2.431701e+001
8.453097e+001	-3.897548e+001
8.488644e+001	-3.220595e+001
8.524187e+001	-2.543819e+001
8.541191e+001	-2.994496e+001
8.576734e+001	-2.317721e+001
8.623401e+001	-9.645803e+000
8.664508e+001	5.046444e-001
8.648133e+001	-2.429838e+001
8.674407e+001	-2.316791e+001
8.700677e+001	-2.203918e+001
8.758473e+001	-1.740573e+000
8.747661e+001	-2.316092e+001
8.760953e+001	-2.992401e+001
8.794642e+001	-2.428443e+001
8.824622e+001	-2.089938e+001
8.845333e+001	-2.315161e+001
8.886440e+001	-1.300113e+001
8.864496e+001	-4.119047e+001
8.909313e+001	-2.878368e+001
8.911477e+001	-4.231396e+001
8.991528e+001	-8.482727e+000
9.008531e+001	-1.298950e+001
9.045927e+001	-5.095368e+000
9.027696e+001	-3.102659e+001
9.031715e+001	-4.342872e+001
9.085803e+001	-2.538467e+001
9.097243e+001	-3.327414e+001
9.112384e+001	-3.891264e+001
9.146079e+001	-3.326950e+001
9.170497e+001	-3.326718e+001
9.200478e+001	-2.988212e+001
9.215626e+001	-3.551705e+001
9.240043e+001	-3.551473e+001
9.258893e+001	-3.889867e+001
9.285166e+001	-3.776819e+001
9.305877e+001	-4.002041e+001
9.321021e+001	-4.565711e+001
9.352858e+001	-4.114392e+001
9.388405e+001	-3.437438e+001
9.397986e+001	-4.339382e+001
9.444659e+001	-2.985885e+001
9.480203e+001	-2.309110e+001
9.499058e+001	-2.647149e+001
9.529039e+001	-2.308645e+001
9.525640e+001	-3.999946e+001
9.589002e+001	-1.631636e+001
9.565202e+001	-4.563386e+001
9.606315e+001	-3.547983e+001
9.640004e+001	-2.984023e+001
9.681111e+001	-1.968977e+001
9.688840e+001	-2.983557e+001
9.709547e+001	-3.208958e+001
9.741384e+001	-2.757637e+001
9.736129e+001	-4.561757e+001
9.775383e+001	-3.659347e+001
9.816493e+001	-2.644123e+001
9.865015e+001	-1.178167e+001
9.828238e+001	-4.899096e+001
9.878622e+001	-3.319968e+001
9.941977e+001	-9.520124e+000
9.973814e+001	-5.006931e+000
9.946309e+001	-3.657718e+001
9.950328e+001	-4.897933e+001
9.984020e+001	-4.333796e+001
1.001215e+002	-4.108108e+001
1.006809e+002	-2.190886e+001
1.004615e+002	-5.009641e+001
1.012620e+002	-1.626517e+001
1.013207e+002	-2.753914e+001
1.011569e+002	-5.234398e+001
1.015124e+002	-4.557800e+001
1.017195e+002	-4.783022e+001
1.020007e+002	-4.557334e+001
1.024860e+002	-3.091022e+001
1.024149e+002	-5.007779e+001
1.027147e+002	-4.669274e+001
1.031073e+002	-3.767043e+001
1.032402e+002	-4.443354e+001
1.037255e+002	-2.977041e+001
1.038212e+002	-3.879162e+001
1.042138e+002	-2.976577e+001
1.045878e+002	-2.187161e+001
1.042200e+002	-5.907915e+001
1.045569e+002	-5.343955e+001
1.048197e+002	-5.230906e+001
1.052307e+002	-4.216037e+001
1.055120e+002	-3.990171e+001
1.056078e+002	-4.892115e+001
1.057778e+002	-5.342791e+001
1.061147e+002	-4.778833e+001
1.063774e+002	-4.665784e+001
1.065845e+002	-4.891183e+001
1.065691e+002	-6.469492e+001
1.071285e+002	-4.552447e+001
1.073542e+002	-4.664853e+001
1.074500e+002	-5.566618e+001
1.076756e+002	-5.679201e+001
1.081052e+002	-4.551516e+001
1.079229e+002	-7.144638e+001
1.085009e+002	-5.114777e+001
1.088749e+002	-4.325185e+001
1.089707e+002	-5.226949e+001
1.090480e+002	-6.241532e+001
1.094405e+002	-5.339301e+001
1.094993e+002	-6.466698e+001
1.094839e+002	-8.045006e+001
1.099691e+002	-6.578872e+001
1.103616e+002	-5.676641e+001
1.107542e+002	-4.774410e+001
1.106831e+002	-6.690989e+001
1.110385e+002	-6.014214e+001
1.112642e+002	-6.126798e+001
1.114527e+002	-6.464837e+001
1.117896e+002	-5.900700e+001
1.118113e+002	-7.253552e+001
1.126674e+002	-3.532157e+001
1.124851e+002	-6.125635e+001
1.127107e+002	-6.238039e+001
1.128622e+002	-6.801711e+001
1.130507e+002	-7.139751e+001
1.129612e+002	-9.168968e+001
1.136318e+002	-6.575381e+001
1.136535e+002	-7.928234e+001
1.140646e+002	-6.913187e+001
1.143829e+002	-6.462043e+001
1.145900e+002	-6.687267e+001
1.148342e+002	-6.687033e+001
1.152267e+002	-5.784802e+001
1.159345e+002	-2.965406e+001
1.162899e+002	-2.288629e+001
1.163672e+002	-3.303211e+001
1.165929e+002	-3.415794e+001
1.168556e+002	-3.302746e+001
1.170627e+002	-3.527968e+001
1.174181e+002	-2.851370e+001
1.178477e+002	-1.723506e+001
1.180363e+002	-2.061546e+001
1.183361e+002	-1.723042e+001
1.184505e+002	-2.512168e+001
1.185649e+002	-3.301116e+001
1.191799e+002	-1.045801e+001
1.189605e+002	-3.864733e+001
1.196683e+002	-1.045334e+001
1.194303e+002	-3.976907e+001
1.196003e+002	-4.427762e+001
1.201412e+002	-2.623178e+001
1.202926e+002	-3.186848e+001
1.205183e+002	-3.299254e+001
1.206697e+002	-3.863104e+001
1.209139e+002	-3.862871e+001
1.212323e+002	-3.411373e+001
1.215507e+002	-2.960052e+001
1.215908e+002	-4.200445e+001
1.218165e+002	-4.312851e+001
1.223945e+002	-2.282811e+001
1.226015e+002	-2.508212e+001
1.226603e+002	-3.635610e+001
1.230528e+002	-2.733201e+001
1.229817e+002	-4.649958e+001
1.232259e+002	-4.649725e+001
1.235628e+002	-4.085766e+001
1.238255e+002	-3.972716e+001
1.242552e+002	-2.844854e+001
1.246292e+002	-2.055262e+001
1.246137e+002	-3.633746e+001
1.247095e+002	-4.535690e+001
1.246941e+002	-6.113998e+001
1.250310e+002	-5.549861e+001
1.251454e+002	-6.338987e+001
1.255379e+002	-5.436756e+001
1.259675e+002	-4.308894e+001
1.257481e+002	-7.127647e+001
1.265857e+002	-3.518891e+001
1.267742e+002	-3.857286e+001
1.267588e+002	-5.435594e+001
1.272070e+002	-4.195091e+001
1.271916e+002	-5.773399e+001
1.276026e+002	-4.758352e+001
1.277912e+002	-5.096391e+001
1.283135e+002	-3.404623e+001
1.283722e+002	-4.532200e+001
1.285979e+002	-4.644604e+001
1.287679e+002	-5.095459e+001
1.287154e+002	-6.899222e+001
1.288483e+002	-7.575533e+001
1.297044e+002	-3.854492e+001
1.298744e+002	-4.305170e+001
1.298219e+002	-6.109110e+001
1.303628e+002	-4.304704e+001
1.305884e+002	-4.417289e+001
1.307955e+002	-4.642511e+001
1.306503e+002	-7.010176e+001
1.311541e+002	-5.431405e+001
1.313797e+002	-5.543809e+001
1.317723e+002	-4.641580e+001
1.320906e+002	-4.190436e+001
1.320010e+002	-6.219654e+001
1.322823e+002	-5.993967e+001
1.324894e+002	-6.219189e+001
1.325110e+002	-7.572041e+001
1.327552e+002	-7.571808e+001
1.333702e+002	-5.316492e+001
1.335403e+002	-5.767349e+001
1.338215e+002	-5.541482e+001
1.338432e+002	-6.894335e+001
1.341059e+002	-6.781464e+001
1.345170e+002	-5.766417e+001
1.347055e+002	-6.104456e+001
1.350424e+002	-5.540319e+001
1.350456e+002	-7.005988e+001
1.352156e+002	-7.456666e+001
1.356823e+002	-6.103525e+001
1.358152e+002	-6.779836e+001
1.360965e+002	-6.553968e+001
1.363406e+002	-6.553737e+001
1.369000e+002	-4.636691e+001
1.373853e+002	-3.170558e+001
1.371659e+002	-5.989313e+001
1.370021e+002	-8.469617e+001
1.373947e+002	-7.567388e+001
1.383620e+002	-3.169627e+001
1.383280e+002	-4.860929e+001
1.387206e+002	-3.958521e+001
1.390946e+002	-3.168929e+001
1.390050e+002	-5.198323e+001
1.393047e+002	-4.859997e+001
1.404761e+002	7.782081e+000
1.407574e+002	1.004073e+001
1.408532e+002	1.021313e+000
1.409120e+002	-1.025087e+001
1.409522e+002	-2.265124e+001
1.415672e+002	-9.806989e-002
1.414034e+002	-2.490290e+001
1.417218e+002	-2.038971e+001
1.424110e+002	6.674309e+000
1.423214e+002	-1.361962e+001
1.427696e+002	-1.214598e+000
1.431250e+002	5.553136e+000
1.435175e+002	1.457545e+001
1.437061e+002	1.119505e+001
1.435053e+002	-1.586253e+001
1.438607e+002	-9.096553e+000
1.441234e+002	-7.966075e+000
1.444418e+002	-3.452865e+000
1.447045e+002	-2.324141e+000
1.446149e+002	-2.261633e+001
1.449889e+002	-1.472218e+001
1.455668e+002	5.576411e+000
1.459779e+002	1.572688e+001
1.459810e+002	1.070185e+000
1.461139e+002	-5.692904e+000
1.463767e+002	-4.562409e+000
1.465652e+002	-7.942801e+000
1.471061e+002	1.010125e+001
1.471648e+002	-1.172710e+000
1.472607e+002	-1.019036e+001
1.475419e+002	-7.933477e+000
1.475451e+002	-2.258840e+001
1.482899e+002	7.856566e+000
1.484228e+002	1.093459e+000
1.487597e+002	6.734826e+000
1.485218e+002	-2.257909e+001
1.489329e+002	-1.242862e+001
1.493810e+002	-2.360145e-002
1.499033e+002	1.689050e+001
1.501660e+002	1.802098e+001
1.502990e+002	1.125789e+001
1.503021e+002	-3.397009e+000
1.502867e+002	-1.918008e+001
1.508832e+002	2.244890e+000
1.511830e+002	5.629927e+000
1.515384e+002	1.239769e+001
1.513747e+002	-1.240535e+001
1.518413e+002	1.126040e+000
1.517147e+002	-2.142245e+001
1.521443e+002	-1.014383e+001
1.523143e+002	-1.465237e+001
1.527068e+002	-5.630065e+000
1.529881e+002	-3.371413e+000
1.533621e+002	4.522723e+000
1.535877e+002	3.398661e+000
1.532570e+002	-3.155430e+001
1.541873e+002	1.016873e+001
1.541904e+002	-4.487940e+000
1.544903e+002	-1.102886e+000
1.550497e+002	1.806753e+001
1.548117e+002	-1.124638e+001
1.553155e+002	4.541336e+000
1.554299e+002	-3.348138e+000
1.560078e+002	1.694868e+001
1.560480e+002	4.548320e+000
1.563108e+002	5.678816e+000
1.564622e+002	4.386567e-002
1.566508e+002	-3.336492e+000
1.568394e+002	-6.716884e+000
1.570094e+002	-1.122543e+001
1.571608e+002	-1.686037e+001
1.576646e+002	-1.072645e+000
1.580571e+002	7.949647e+000
1.578748e+002	-1.798156e+001
1.584157e+002	6.249568e-002
1.590122e+002	2.148749e+001
1.587557e+002	-8.954601e+000
1.587588e+002	-2.360950e+001
1.589845e+002	-2.473534e+001
1.598035e+002	1.022227e+001
1.598993e+002	1.202848e+000
1.598283e+002	-1.796294e+001
1.602950e+002	-4.429745e+000
1.604094e+002	-1.231924e+001
1.608946e+002	2.340311e+000
1.610461e+002	-3.294605e+000
1.616055e+002	1.587583e+001
1.615344e+002	-3.289943e+000
1.618528e+002	1.221461e+000
1.619300e+002	-8.924342e+000
1.621742e+002	-8.922003e+000
1.625482e+002	-1.026096e+000
1.628666e+002	3.487098e+000
1.629439e+002	-6.658706e+000
1.630397e+002	-1.567635e+001
1.635620e+002	1.237752e+000
1.634353e+002	-2.131074e+001
1.641431e+002	6.881440e+000
1.641648e+002	-6.647060e+000
1.645573e+002	2.375232e+000
1.648757e+002	6.888425e+000
1.652126e+002	1.252802e+001
1.654567e+002	1.253034e+001
1.656453e+002	9.149966e+000
1.661120e+002	2.268315e+001
1.664489e+002	2.832274e+001
1.664520e+002	1.366605e+001
1.663809e+002	-5.499740e+000
1.666622e+002	-3.241071e+000
1.670918e+002	8.035761e+000
1.674287e+002	1.367536e+001
1.673020e+002	-8.873131e+000
1.673237e+002	-2.239989e+001
1.681427e+002	1.255594e+001
1.682200e+002	2.410135e+000
1.686682e+002	1.481516e+001
1.683746e+002	-1.788147e+001
1.687671e+002	-8.859180e+000
1.690669e+002	-5.474126e+000
1.695151e+002	6.932652e+000
1.693884e+002	-1.561584e+001
1.694842e+002	-2.463527e+001
1.701735e+002	2.428748e+000
1.702507e+002	-7.717039e+000
1.706989e+002	4.687951e+000
1.712769e+002	2.498656e+001
1.710946e+002	-9.446430e-001
1.717281e+002	2.273666e+001
1.713975e+002	-1.221451e+001
1.716046e+002	-1.446852e+001
1.720342e+002	-3.189877e+000
1.723340e+002	1.951420e-001
1.725411e+002	-2.058831e+000
1.729707e+002	9.219773e+000
1.730666e+002	2.021261e-001
1.733107e+002	2.044485e-001
1.735734e+002	1.333172e+000
1.735766e+002	-1.332173e+001
1.739505e+002	-5.427577e+000
1.741206e+002	-9.934354e+000
1.747541e+002	1.374516e+001
1.748500e+002	4.727516e+000
1.749829e+002	-2.035556e+000
1.750602e+002	-1.217961e+001
1.756011e+002	5.862673e+000
1.758638e+002	6.993152e+000
1.759040e+002	-5.408965e+000
1.763151e+002	4.741484e+000
1.768003e+002	1.940284e+001
1.764326e+002	-1.780468e+001
1.769920e+002	1.365753e+000
1.773103e+002	5.878964e+000
1.770909e+002	-2.230680e+001
1.774649e+002	-1.441266e+001
1.778574e+002	-5.390352e+000
1.780831e+002	-6.514414e+000
1.783458e+002	-5.385690e+000
1.787383e+002	3.638374e+000
1.789825e+002	3.640696e+000
1.791711e+002	2.603041e-001
1.793225e+002	-5.376383e+000
1.796409e+002	-8.631732e-001
1.797182e+002	-1.100899e+001
1.801663e+002	1.396012e+000
1.803734e+002	-8.562063e-001
1.803951e+002	-1.438472e+001
1.807876e+002	-5.362415e+000
1.811987e+002	4.788033e+000
1.818508e+002	2.959751e+001
1.816685e+002	3.666293e+000
1.812822e+002	-3.466759e+001
1.822495e+002	9.308210e+000
1.821414e+002	-1.211210e+001
1.825710e+002	-8.352540e-001
1.827966e+002	-1.961088e+000
1.832262e+002	9.317534e+000
1.832665e+002	-3.082828e+000
1.835477e+002	-8.259477e-001
1.835323e+002	-1.660902e+001
1.840917e+002	2.561411e+000
1.841875e+002	-6.456219e+000
1.843019e+002	-1.434748e+001
1.846388e+002	-8.707904e+000
1.855134e+002	2.963243e+001
1.854609e+002	1.159303e+001
1.852786e+002	-1.433817e+001
1.858751e+002	7.088572e+000
1.860822e+002	4.834582e+000
1.861966e+002	-3.054892e+000
1.865705e+002	4.839227e+000
1.865181e+002	-1.319837e+001
1.870404e+002	3.717504e+000
1.871918e+002	-1.919201e+000
1.872691e+002	-1.206323e+001
1.876987e+002	-7.863825e-001
1.879244e+002	-1.912216e+000
1.882798e+002	4.855517e+000
1.886908e+002	1.500598e+001
1.886569e+002	-1.905232e+000
1.887342e+002	-1.204926e+001
1.890340e+002	-8.665999e+000
1.895007e+002	4.867163e+000
1.896892e+002	1.486771e+000
1.897665e+002	-8.659033e+000
1.902888e+002	8.256861e+000
1.902734e+002	-7.526214e+000
1.902394e+002	-2.443745e+001
1.907432e+002	-8.649709e+000
1.910245e+002	-6.391057e+000
1.913799e+002	3.766771e-001
1.916797e+002	3.761714e+000
1.916272e+002	-1.427767e+001
1.922237e+002	7.149090e+000
1.922639e+002	-5.253044e+000
1.921929e+002	-2.441883e+001
1.929377e+002	6.027900e+000
1.933673e+002	1.730475e+001
1.934261e+002	6.032562e+000
1.933550e+002	-1.313321e+001
1.936178e+002	-1.200273e+001
1.937507e+002	-1.876582e+001
1.943286e+002	1.530998e+000
1.945171e+002	-1.849377e+000
1.949097e+002	7.174687e+000
1.953393e+002	1.845154e+001
1.951940e+002	-5.225107e+000
1.955124e+002	-7.119141e-001
1.959049e+002	8.310378e+000
1.960193e+002	4.208868e-001
1.962635e+002	4.232263e-001
1.966931e+002	1.170008e+001
1.966962e+002	-2.954826e+000
1.966252e+002	-2.212062e+001
1.969620e+002	-1.648102e+001
1.972433e+002	-1.422414e+001
1.976358e+002	-5.201832e+000
1.979356e+002	-1.816796e+000
1.981983e+002	-6.863000e-001
1.984054e+002	-2.938536e+000
1.984271e+002	-1.646705e+001
1.986342e+002	-1.871929e+001
1.992121e+002	1.577530e+000
1.992894e+002	-8.568256e+000
1.995336e+002	-8.565934e+000
1.999632e+002	2.712688e+000
2.002630e+002	6.097724e+000
2.005257e+002	7.228220e+000
2.002878e+002	-2.208570e+001
2.007360e+002	-9.680689e+000
2.007205e+002	-2.546376e+001
2.009091e+002	-2.884416e+001
2.015798e+002	-2.908277e+000
2.017127e+002	-9.671383e+000
2.022164e+002	6.116337e+000
2.023123e+002	-2.901293e+000
2.028531e+002	1.514097e+001
2.032827e+002	2.641961e+001
2.032117e+002	7.253817e+000
2.033075e+002	-1.765602e+000
2.037186e+002	8.384846e+000
2.035178e+002	-1.867274e+001
2.034096e+002	-4.009663e+001
2.043955e+002	5.009116e+000
2.046397e+002	5.011455e+000
2.045315e+002	-1.640888e+001
2.045161e+002	-3.219195e+001
2.049457e+002	-2.091510e+001
2.054310e+002	-6.253748e+000
2.058977e+002	7.279414e+000
2.059007e+002	-7.377260e+000
2.059966e+002	-1.639491e+001
2.066673e+002	9.540939e+000
2.070041e+002	1.518053e+001
2.069887e+002	-6.025251e-001
2.071031e+002	-8.493788e+000
2.078479e+002	2.195295e+001
2.079067e+002	1.068074e+001
2.078912e+002	-5.104089e+000
2.080613e+002	-9.610866e+000
2.081756e+002	-1.750213e+001
2.087721e+002	3.924619e+000
2.087938e+002	-9.603882e+000
2.090380e+002	-9.601559e+000
2.096901e+002	1.520613e+001
2.097859e+002	6.188483e+000
2.099003e+002	-1.702762e+000
2.097922e+002	-2.312311e+001
2.104072e+002	-5.699441e-001
2.105587e+002	-6.204877e+000
2.104505e+002	-2.762700e+001
2.112139e+002	3.947893e+000
2.111800e+002	-1.296332e+001
2.117208e+002	5.078940e+000
2.118537e+002	-1.684149e+000
2.120237e+002	-6.190909e+000
2.122679e+002	-6.188587e+000
2.125306e+002	-5.059880e+000
2.123669e+002	-2.986292e+001
2.127965e+002	-1.858430e+001
2.130778e+002	-1.632742e+001
2.133405e+002	-1.519693e+001
2.139184e+002	5.099892e+000
2.138103e+002	-1.632044e+001
2.141843e+002	-8.426304e+000
2.143914e+002	-1.067852e+001
2.146541e+002	-9.548026e+000
2.152135e+002	9.622391e+000
2.153650e+002	3.987458e+000
2.155164e+002	-1.649229e+000
2.157421e+002	-2.773291e+000
2.158750e+002	-9.536398e+000
2.159894e+002	-1.742766e+001
2.162892e+002	-1.404262e+001
2.166446e+002	-7.274855e+000
2.167775e+002	-1.403796e+001
2.169105e+002	-2.080107e+001
2.172103e+002	-1.741601e+001
2.177140e+002	-1.628294e+000
2.177542e+002	-1.402865e+001
2.180355e+002	-1.177000e+001
2.184837e+002	6.350030e-001
2.183199e+002	-2.416981e+001
2.186197e+002	-2.078478e+001
2.189010e+002	-1.852611e+001
2.190339e+002	-2.528922e+001
2.197416e+002	2.901190e+000
2.202083e+002	1.643437e+001
2.202671e+002	5.160392e+000
2.206967e+002	1.643903e+001
2.204402e+002	-1.400306e+001
2.205361e+002	-2.302071e+001
2.209842e+002	-1.061568e+001
2.211357e+002	-1.625062e+001
2.215467e+002	-6.100150e+000
2.218094e+002	-4.971443e+000
2.221093e+002	-1.586389e+000
2.222607e+002	-7.221339e+000
2.225235e+002	-6.090844e+000
2.227120e+002	-9.471235e+000
2.230860e+002	-1.577083e+000
2.234599e+002	6.318807e+000
2.235929e+002	-4.442647e-001
2.240039e+002	9.706184e+000
2.240812e+002	-4.396201e-001
2.241771e+002	-9.457267e+000
2.246808e+002	6.330453e+000
2.248323e+002	6.955204e-001
2.252619e+002	1.197237e+001
2.252465e+002	-3.810688e+000
2.256761e+002	7.467916e+000
2.254011e+002	-2.410231e+001
2.257009e+002	-2.071728e+001
2.261676e+002	-7.184097e+000
2.266714e+002	8.603624e+000
2.270082e+002	1.424322e+001
2.267889e+002	-1.394254e+001
2.270701e+002	-1.168389e+001
2.274812e+002	-1.535195e+000
2.275399e+002	-1.280740e+001
2.278768e+002	-7.167806e+000
2.280654e+002	-1.054820e+001
2.283652e+002	-7.163144e+000
2.287763e+002	2.987304e+000
2.287052e+002	-1.617847e+001
2.287083e+002	-3.083516e+001
2.294532e+002	-3.884090e-001
2.296417e+002	-3.768801e+000
2.296263e+002	-1.955188e+001
2.304824e+002	1.765851e+001
2.304670e+002	1.875421e+000
2.306184e+002	-3.759495e+000
2.306957e+002	-1.390530e+001
2.314962e+002	1.992415e+001
2.312953e+002	-7.135225e+000
2.315581e+002	-6.004729e+000
2.316168e+002	-1.727871e+001
2.319166e+002	-1.389367e+001
2.326800e+002	1.767945e+001
2.325719e+002	-3.740865e+000
2.327604e+002	-7.121257e+000
2.329675e+002	-9.373475e+000
2.331931e+002	-1.049933e+001
2.337711e+002	9.799282e+000
2.336630e+002	-1.162105e+001
2.341296e+002	1.910341e+000
2.341142e+002	-1.387272e+001
2.344697e+002	-7.104966e+000
2.347509e+002	-4.848086e+000
2.349580e+002	-7.100322e+000
2.352578e+002	-3.715268e+000
2.353908e+002	-1.047837e+001
2.353939e+002	-2.513329e+001
2.359904e+002	-3.708284e+000
2.360677e+002	-1.385410e+001
2.364787e+002	-3.703639e+000
2.365560e+002	-1.384944e+001
2.371154e+002	5.320975e+000
2.369331e+002	-2.061023e+001
2.376409e+002	7.581966e+000
2.377182e+002	-2.563837e+000
2.380921e+002	5.330281e+000
2.379469e+002	-1.834459e+001
2.383580e+002	-8.195897e+000
2.381015e+002	-3.863799e+001
2.389205e+002	-3.680365e+000
2.391091e+002	-7.060756e+000
2.396499e+002	1.098329e+001
2.398570e+002	8.729286e+000
