    nm         	pN
0.000000e+000	5.617860e+002
2.235722e-001	5.607780e+002
9.707167e-002	5.426160e+002
-7.063283e-002	5.224349e+002
-9.417107e-002	5.093181e+002
-2.000787e-001	4.921652e+002
-7.946880e-002	4.861119e+002
6.173290e-002	4.810677e+002
1.760287e-002	4.669419e+002
-1.295087e-001	4.477699e+002
-1.530464e-001	4.346532e+002
-5.302996e-002	4.275909e+002
-1.177529e-001	4.124560e+002
-1.618835e-001	3.983302e+002
-2.068122e-002	3.932860e+002
1.411128e-001	3.892508e+002
2.617222e-001	3.831975e+002
2.999440e-001	3.731071e+002
2.764057e-001	3.599904e+002
1.087199e-001	3.398102e+002
1.675522e-001	3.307298e+002
2.881616e-001	3.246765e+002
2.646233e-001	3.115598e+002
1.792893e-001	2.954149e+002
1.351593e-001	2.812892e+002
1.528058e-001	2.701906e+002
2.322310e-001	2.621192e+002
2.086922e-001	2.490024e+002
4.098826e-002	2.288214e+002
7.922820e-002	2.187319e+002
7.628231e-002	2.066242e+002
2.380769e-001	2.025890e+002
3.586863e-001	1.965357e+002
4.998885e-001	1.914915e+002
9.705706e-001	2.025923e+002
1.214736e+000	2.025934e+002
1.252975e+000	1.925038e+002
1.167659e+000	1.763599e+002
1.370639e+000	1.743429e+002
1.511841e+000	1.692987e+002
1.550063e+000	1.592082e+002
1.526524e+000	1.460915e+002
1.544171e+000	1.349929e+002
1.808929e+000	1.360031e+002
2.238426e+000	1.450857e+002
2.482591e+000	1.450868e+002
2.541423e+000	1.360063e+002
2.888550e+000	1.410528e+002
3.132715e+000	1.410538e+002
3.047399e+000	1.249099e+002
2.900306e+000	1.057388e+002
2.773787e+000	8.757590e+001
3.141507e+000	9.363137e+001
3.076784e+000	7.849651e+001
3.053246e+000	6.537979e+001
3.585705e+000	7.950776e+001
3.912241e+000	8.354509e+001
3.991665e+000	7.547369e+001
4.338792e+000	8.052008e+001
4.438809e+000	7.345774e+001
4.785937e+000	7.850413e+001
4.803583e+000	6.740553e+001
4.697676e+000	5.025257e+001
4.694729e+000	3.814490e+001
4.877116e+000	3.511881e+001
4.977134e+000	2.805645e+001
5.221299e+000	2.805754e+001
5.547833e+000	3.209489e+001
5.894961e+000	3.714129e+001
6.262681e+000	4.319676e+001
6.568623e+000	4.622503e+001
6.318549e+000	2.200772e+001
6.706879e+000	2.907315e+001
6.868656e+000	2.503709e+001
7.545283e+000	4.622939e+001
7.418781e+000	2.806735e+001
7.745316e+000	3.210468e+001
7.742352e+000	1.999613e+001
8.068887e+000	2.403348e+001
7.983571e+000	7.889564e+000
8.083588e+000	8.272197e-001
8.018866e+000	-1.430762e+001
8.304215e+000	-1.228841e+001
8.610157e+000	-9.260134e+000
8.895507e+000	-7.240921e+000
8.954339e+000	-1.632139e+001
9.033763e+000	-2.439280e+001
9.504446e+000	-1.329202e+001
9.316167e+000	-3.448125e+001
9.169056e+000	-5.365323e+001
9.433813e+000	-5.264309e+001
9.513238e+000	-6.071450e+001
1.008690e+001	-4.456751e+001
1.020749e+001	-5.062169e+001
1.049284e+001	-4.860248e+001
1.053108e+001	-5.869202e+001
1.058991e+001	-6.777248e+001
1.083408e+001	-6.777140e+001
1.105765e+001	-6.877937e+001
1.099293e+001	-8.391422e+001
1.154598e+001	-6.877720e+001
1.273742e+001	-2.235833e+001
1.289921e+001	-2.639350e+001
1.349345e+001	-9.238349e+000
1.365525e+001	-1.327351e+001
1.332282e+001	-4.152617e+001
1.366995e+001	-3.647977e+001
1.397589e+001	-3.345148e+001
1.417887e+001	-3.546853e+001
1.407294e+001	-5.262240e+001
1.423474e+001	-5.665754e+001
1.470542e+001	-4.555677e+001
1.449655e+001	-6.775507e+001
1.486427e+001	-6.169960e+001
1.463481e+001	-8.490695e+001
1.481719e+001	-8.793304e+001
1.528788e+001	-7.683227e+001
1.518197e+001	-9.398524e+001
1.581739e+001	-7.481196e+001
1.591741e+001	-8.187432e+001
1.622335e+001	-7.884603e+001
1.640574e+001	-8.187213e+001
1.656753e+001	-8.590730e+001
1.670873e+001	-9.095152e+001
1.709705e+001	-8.388699e+001
1.762950e+001	-6.975902e+001
1.682343e+001	-1.212210e+002
1.770598e+001	-8.993811e+001
1.755889e+001	-1.091092e+002
1.776187e+001	-1.111262e+002
1.771772e+001	-1.252529e+002
1.798248e+001	-1.242428e+002
1.830901e+001	-1.202054e+002
1.857377e+001	-1.191953e+002
1.881794e+001	-1.191942e+002
1.902092e+001	-1.212112e+002
1.895619e+001	-1.363461e+002
1.872673e+001	-1.595534e+002
1.895030e+001	-1.605614e+002
1.923565e+001	-1.585422e+002
1.968574e+001	-1.484505e+002
1.966220e+001	-1.615672e+002
1.998874e+001	-1.575299e+002
2.025349e+001	-1.565197e+002
2.045647e+001	-1.585367e+002
2.028879e+001	-1.787169e+002
2.100658e+001	-1.555074e+002
2.174497e+001	-1.312888e+002
2.305996e+001	-7.881554e+001
2.433377e+001	-2.836044e+001
2.437201e+001	-3.844998e+001
2.473973e+001	-3.239451e+001
2.504567e+001	-2.936624e+001
2.518687e+001	-3.441046e+001
2.510154e+001	-5.055525e+001
2.513978e+001	-6.064479e+001
2.618707e+001	-2.128938e+001
2.612235e+001	-3.642422e+001
2.632533e+001	-3.844127e+001
2.679601e+001	-2.734048e+001
2.671069e+001	-4.348440e+001
2.703723e+001	-3.944706e+001
2.738436e+001	-3.440065e+001
2.779326e+001	-2.632706e+001
2.768735e+001	-4.348004e+001
2.807566e+001	-3.641551e+001
2.819628e+001	-4.246880e+001
2.872873e+001	-2.834084e+001
2.876697e+001	-3.843037e+001
2.894936e+001	-4.145647e+001
2.944064e+001	-2.934662e+001
2.968480e+001	-2.934555e+001
2.935236e+001	-5.759909e+001
2.941119e+001	-6.667957e+001
3.031433e+001	-3.438758e+001
3.018781e+001	-5.255051e+001
3.098799e+001	-2.530384e+001
3.104683e+001	-3.438432e+001
3.096149e+001	-5.052911e+001
3.149397e+001	-3.640027e+001
3.144982e+001	-5.052694e+001
3.148806e+001	-6.061648e+001
3.249417e+001	-2.327919e+001
3.212054e+001	-5.355086e+001
3.267361e+001	-3.841295e+001
3.273242e+001	-4.749431e+001
3.272948e+001	-5.960197e+001
3.291186e+001	-6.262808e+001
3.301188e+001	-6.969042e+001
3.329723e+001	-6.767121e+001
3.341784e+001	-7.372449e+001
3.372378e+001	-7.069621e+001
3.384439e+001	-7.674950e+001
3.427389e+001	-6.766685e+001
3.431213e+001	-7.775639e+001
3.478281e+001	-6.665560e+001
3.492401e+001	-7.169983e+001
3.527114e+001	-6.665343e+001
3.516523e+001	-8.380641e+001
3.540940e+001	-8.380532e+001
3.557119e+001	-8.784048e+001
3.614484e+001	-7.169439e+001
3.612130e+001	-8.481111e+001
3.595362e+001	-1.049913e+002
3.623897e+001	-1.029721e+002
3.627720e+001	-1.130616e+002
3.648018e+001	-1.150786e+002
3.668314e+001	-1.170966e+002
3.713325e+001	-1.070040e+002
3.702733e+001	-1.241578e+002
3.718912e+001	-1.281930e+002
3.743328e+001	-1.281919e+002
3.782160e+001	-1.211274e+002
3.761273e+001	-1.433256e+002
3.822756e+001	-1.251614e+002
4.011916e+001	-4.443357e+001
4.036333e+001	-4.443248e+001
4.033977e+001	-5.755009e+001
4.048097e+001	-6.259431e+001
4.072514e+001	-6.259322e+001
4.142235e+001	-4.039186e+001
4.152235e+001	-4.745510e+001
4.191068e+001	-4.038969e+001
4.182535e+001	-5.653449e+001
4.202833e+001	-5.855152e+001
4.216953e+001	-6.359575e+001
4.288734e+001	-4.038533e+001
4.304914e+001	-4.442050e+001
4.312854e+001	-5.249279e+001
4.364043e+001	-3.937301e+001
4.402874e+001	-3.230848e+001
4.414935e+001	-3.836176e+001
4.418757e+001	-4.845218e+001
4.459650e+001	-4.037771e+001
4.486125e+001	-3.936756e+001
4.475533e+001	-5.652141e+001
4.506127e+001	-5.349314e+001
4.528484e+001	-5.450112e+001
4.536427e+001	-6.257253e+001
4.560843e+001	-6.257143e+001
4.644980e+001	-3.330666e+001
4.611735e+001	-6.156020e+001
4.673220e+001	-4.339510e+001
4.703814e+001	-4.036681e+001
4.738527e+001	-3.532042e+001
4.727934e+001	-5.247427e+001
4.803834e+001	-2.724574e+001
4.723227e+001	-7.870773e+001
4.815599e+001	-4.540757e+001
4.840015e+001	-4.540648e+001
4.864431e+001	-4.540540e+001
4.835307e+001	-7.163994e+001
4.867961e+001	-6.760260e+001
4.906792e+001	-6.053807e+001
4.947682e+001	-5.246448e+001
4.984455e+001	-4.640901e+001
4.998575e+001	-5.145323e+001
4.985925e+001	-6.961527e+001
5.035052e+001	-5.750544e+001
5.020343e+001	-7.667654e+001
5.067411e+001	-6.557575e+001
5.079472e+001	-7.162904e+001
5.089474e+001	-7.869139e+001
5.136542e+001	-6.759061e+001
5.156840e+001	-6.960765e+001
5.162723e+001	-7.868813e+001
5.160370e+001	-9.180485e+001
5.188904e+001	-8.978564e+001
5.256565e+001	-6.859423e+001
5.235678e+001	-9.079251e+001
5.255976e+001	-9.280955e+001
5.259800e+001	-1.028991e+002
5.273920e+001	-1.079433e+002
5.323048e+001	-9.583347e+001
5.310398e+001	-1.139955e+002
5.361584e+001	-1.008766e+002
5.363349e+001	-1.119752e+002
5.389825e+001	-1.109651e+002
5.445130e+001	-9.582804e+001
5.467487e+001	-9.683600e+001
5.467193e+001	-1.089437e+002
5.501905e+001	-1.038973e+002
5.526322e+001	-1.038962e+002
5.558976e+001	-9.985883e+001
5.560740e+001	-1.109574e+002
5.616045e+001	-9.582040e+001
5.656936e+001	-8.774681e+001
5.767841e+001	-4.536509e+001
5.816970e+001	-3.325437e+001
5.812555e+001	-4.738104e+001
5.869922e+001	-3.123406e+001
5.881983e+001	-3.728736e+001
5.947584e+001	-1.710502e+001
5.972001e+001	-1.710393e+001
5.955232e+001	-3.728408e+001
6.047604e+001	-3.983941e+000
6.024658e+001	-2.719128e+001
6.044956e+001	-2.920832e+001
6.092024e+001	-1.810755e+001
6.062900e+001	-4.434209e+001
6.120264e+001	-2.819600e+001
6.136444e+001	-3.223114e+001
6.156742e+001	-3.424819e+001
6.172921e+001	-3.828335e+001
6.191160e+001	-4.130946e+001
6.217635e+001	-4.029930e+001
6.293534e+001	-1.507164e+001
6.301476e+001	-2.314306e+001
6.305299e+001	-3.323259e+001
6.272055e+001	-6.148615e+001
6.325301e+001	-4.735818e+001
6.362075e+001	-4.130182e+001
6.421499e+001	-2.414667e+001
6.435619e+001	-2.919089e+001
6.427086e+001	-4.533570e+001
6.465919e+001	-3.827028e+001
6.494454e+001	-3.625107e+001
6.514752e+001	-3.826811e+001
6.561820e+001	-2.716732e+001
6.555348e+001	-4.230218e+001
6.571526e+001	-4.633822e+001
6.628891e+001	-3.019124e+001
6.616240e+001	-4.835417e+001
6.663310e+001	-3.725251e+001
6.704200e+001	-2.917892e+001
6.767743e+001	-1.000565e+001
6.738618e+001	-3.624018e+001
6.740381e+001	-4.733966e+001
6.746264e+001	-5.642014e+001
6.822164e+001	-3.119160e+001
6.830106e+001	-3.926301e+001
6.819513e+001	-5.641687e+001
6.864523e+001	-4.632515e+001
6.890998e+001	-4.531501e+001
6.913356e+001	-4.632298e+001
6.923358e+001	-5.338532e+001
6.995138e+001	-3.017490e+001
7.003081e+001	-3.824633e+001
7.023379e+001	-4.026335e+001
7.031320e+001	-4.833567e+001
7.088686e+001	-3.218869e+001
7.069856e+001	-5.337879e+001
7.075739e+001	-6.245927e+001
7.116630e+001	-5.438568e+001
7.180174e+001	-3.521151e+001
7.202532e+001	-3.621949e+001
7.198116e+001	-5.034616e+001
7.234890e+001	-4.428980e+001
7.290195e+001	-2.915277e+001
7.273425e+001	-4.933383e+001
7.285486e+001	-5.538713e+001
7.338734e+001	-4.125826e+001
7.346674e+001	-4.933056e+001
7.362854e+001	-5.336573e+001
7.358441e+001	-6.749151e+001
7.436400e+001	-4.125391e+001
7.444341e+001	-4.932620e+001
7.495529e+001	-3.620642e+001
7.454047e+001	-6.849622e+001
7.490819e+001	-6.244075e+001
7.533770e+001	-5.335810e+001
7.582899e+001	-4.124738e+001
7.592899e+001	-4.831062e+001
7.576130e+001	-6.849078e+001
7.639672e+001	-4.931749e+001
7.616726e+001	-7.252485e+001
7.672031e+001	-5.738782e+001
7.663500e+001	-7.353174e+001
7.700272e+001	-6.747626e+001
7.687621e+001	-8.563830e+001
7.779993e+001	-5.233814e+001
7.781758e+001	-6.343674e+001
7.779404e+001	-7.655348e+001
7.828532e+001	-6.444363e+001
7.857066e+001	-6.242442e+001
7.848535e+001	-7.856833e+001
7.910018e+001	-6.040411e+001
7.872657e+001	-9.067491e+001
7.989740e+001	-4.526599e+001
7.954438e+001	-7.452772e+001
7.995328e+001	-6.645413e+001
8.015626e+001	-6.847117e+001
8.017391e+001	-7.956977e+001
8.052104e+001	-7.452337e+001
8.082698e+001	-7.149509e+001
8.070048e+001	-8.965713e+001
8.092405e+001	-9.066509e+001
8.116822e+001	-9.066402e+001
8.139179e+001	-9.167198e+001
8.204780e+001	-7.148964e+001
8.171538e+001	-9.974231e+001
8.214487e+001	-9.065966e+001
8.240963e+001	-8.964951e+001
8.236550e+001	-1.037753e+002
8.242434e+001	-1.128558e+002
8.277146e+001	-1.078094e+002
8.311859e+001	-1.027630e+002
8.354809e+001	-9.368031e+001
8.360692e+001	-1.027608e+002
8.335684e+001	-1.269781e+002
8.353923e+001	-1.300042e+002
8.411289e+001	-1.138572e+002
8.458358e+001	-1.027564e+002
8.462182e+001	-1.128460e+002
8.521605e+001	-9.569082e+001
8.515133e+001	-1.108257e+002
8.516896e+001	-1.219252e+002
8.537194e+001	-1.239422e+002
8.576025e+001	-1.168777e+002
8.629273e+001	-1.027488e+002
8.585732e+001	-1.360477e+002
8.628682e+001	-1.269650e+002
8.616032e+001	-1.451270e+002
8.708405e+001	-1.118260e+002
8.708109e+001	-1.239346e+002
8.660452e+001	-1.592507e+002
8.740468e+001	-1.320049e+002
8.931686e+001	-5.026883e+001
8.954043e+001	-5.127681e+001
8.957867e+001	-6.136636e+001
8.992580e+001	-5.631995e+001
8.986108e+001	-7.145480e+001
9.062006e+001	-4.622714e+001
9.028763e+001	-7.447981e+001
9.057297e+001	-7.246060e+001
9.106425e+001	-6.035075e+001
9.126723e+001	-6.236779e+001
9.210859e+001	-3.310300e+001
9.187912e+001	-5.631123e+001
9.234980e+001	-4.521046e+001
9.226448e+001	-6.135437e+001
9.232331e+001	-7.043484e+001
9.283518e+001	-5.731593e+001
9.330586e+001	-4.621516e+001
9.315877e+001	-6.538626e+001
9.365004e+001	-5.327643e+001
9.344117e+001	-7.547471e+001
9.399422e+001	-6.033768e+001
9.415602e+001	-6.437284e+001
9.425604e+001	-7.143518e+001
9.485028e+001	-5.428004e+001
9.513563e+001	-5.226082e+001
9.511209e+001	-6.537754e+001
9.529447e+001	-6.840365e+001
9.580634e+001	-5.528474e+001
9.613288e+001	-5.124741e+001
9.600637e+001	-6.940944e+001
9.641528e+001	-6.133585e+001
9.639174e+001	-7.445258e+001
9.632702e+001	-8.958743e+001
9.673592e+001	-8.151384e+001
9.681535e+001	-8.958525e+001
9.730662e+001	-7.747541e+001
9.783908e+001	-6.334745e+001
9.798029e+001	-6.839167e+001
9.836860e+001	-6.132714e+001
9.865395e+001	-5.930793e+001
9.873337e+001	-6.737935e+001
9.860688e+001	-8.554139e+001
9.889222e+001	-8.352217e+001
9.913639e+001	-8.352108e+001
9.946292e+001	-7.948373e+001
9.948057e+001	-9.058233e+001
1.003013e+002	-6.232748e+001
1.005661e+002	-6.131735e+001
1.002954e+002	-8.654282e+001
1.003749e+002	-9.461423e+001
1.008867e+002	-8.149532e+001
1.011721e+002	-7.947611e+001
1.010250e+002	-9.864720e+001
1.012691e+002	-9.864613e+001
1.016163e+002	-9.359972e+001
1.018604e+002	-9.359862e+001
1.021664e+002	-9.057035e+001
1.024105e+002	-9.056927e+001
1.026753e+002	-8.955912e+001
1.025900e+002	-1.057030e+002
1.031430e+002	-9.056599e+001
1.035725e+002	-8.148334e+001
1.034254e+002	-1.006544e+002
1.033195e+002	-1.178083e+002
1.033166e+002	-1.299160e+002
1.040344e+002	-1.067056e+002
1.041756e+002	-1.117498e+002
1.046257e+002	-1.016581e+002
1.045403e+002	-1.178029e+002
1.049699e+002	-1.087193e+002
1.053170e+002	-1.036729e+002
1.052522e+002	-1.188087e+002
1.057229e+002	-1.077070e+002
1.061113e+002	-1.006425e+002
1.076322e+002	-3.807862e+001
1.076704e+002	-4.816903e+001
1.077910e+002	-5.422232e+001
1.081793e+002	-4.715779e+001
1.085059e+002	-4.311956e+001
1.083176e+002	-6.430968e+001
1.088706e+002	-4.917265e+001
1.090530e+002	-5.219875e+001
1.090295e+002	-6.531547e+001
1.094178e+002	-5.825095e+001
1.094354e+002	-6.934954e+001
1.098855e+002	-5.925783e+001
1.103150e+002	-5.017518e+001
1.103739e+002	-5.925566e+001
1.107622e+002	-5.219113e+001
1.105739e+002	-7.338034e+001
1.109828e+002	-6.530675e+001
1.112064e+002	-6.631474e+001
1.118006e+002	-4.915959e+001
1.116123e+002	-7.034881e+001
1.118771e+002	-6.933865e+001
1.120389e+002	-7.337382e+001
1.122419e+002	-7.539086e+001
1.126508e+002	-6.731727e+001
1.126684e+002	-7.841587e+001
1.131803e+002	-6.529696e+001
1.133009e+002	-7.135025e+001
1.138539e+002	-5.621322e+001
1.136451e+002	-7.841151e+001
1.139716e+002	-7.437417e+001
1.142158e+002	-7.437308e+001
1.139863e+002	-9.758042e+001
1.144364e+002	-8.748871e+001
1.152777e+002	-5.822481e+001
1.152748e+002	-7.033248e+001
1.156219e+002	-6.528606e+001
1.161750e+002	-5.014905e+001
1.168104e+002	-3.097488e+001
1.173635e+002	-1.583785e+001
1.179989e+002	3.335406e+000
1.178724e+002	-1.482662e+001
1.183019e+002	-5.743966e+000
1.185461e+002	-5.742872e+000
1.182136e+002	-3.399553e+001
1.187461e+002	-1.986756e+001
1.192580e+002	-6.748668e+000
1.197492e+002	5.361163e+000
1.197257e+002	-7.755543e+000
1.199081e+002	-1.078165e+001
1.198433e+002	-2.591650e+001
1.202111e+002	-1.986103e+001
1.206818e+002	-8.760262e+000
1.206376e+002	-2.288604e+001
1.212525e+002	-4.721834e+000
1.207759e+002	-4.003793e+001
1.210406e+002	-3.902777e+001
1.217790e+002	-1.480919e+001
1.219202e+002	-1.985341e+001
1.222674e+002	-1.480700e+001
1.224703e+002	-1.682404e+001
1.231264e+002	3.358284e+000
1.230616e+002	-1.177656e+001
1.234499e+002	-4.712027e+000
1.231587e+002	-3.094656e+001
1.237118e+002	-1.580953e+001
1.243884e+002	5.381855e+000
1.245296e+002	3.376313e-001
1.244854e+002	-1.378815e+001
1.245648e+002	-2.185955e+001
1.250355e+002	-1.075878e+001
1.254650e+002	-1.676132e+000
1.257092e+002	-1.675039e+000
1.257063e+002	-1.378270e+001
1.257033e+002	-2.589036e+001
1.261946e+002	-1.378051e+001
1.266447e+002	-3.688802e+000
1.266417e+002	-1.579646e+001
1.269271e+002	-1.377725e+001
1.272330e+002	-1.074898e+001
1.268594e+002	-4.101977e+001
1.276184e+002	-1.579211e+001
1.278214e+002	-1.780915e+001
1.283744e+002	-2.672121e+000
1.282273e+002	-2.184322e+001
1.290481e+002	6.411607e+000
1.295188e+002	1.751238e+001
1.290422e+002	-1.780370e+001
1.291422e+002	-2.486606e+001
1.292834e+002	-2.991028e+001
1.300630e+002	-3.673561e+000
1.301630e+002	-1.073590e+001
1.302424e+002	-1.880732e+001
1.304042e+002	-2.284249e+001
1.308543e+002	-1.275076e+001
1.312014e+002	-7.704367e+000
1.313014e+002	-1.476671e+001
1.315456e+002	-1.476562e+001
1.320163e+002	-3.664847e+000
1.321575e+002	-8.709070e+000
1.327723e+002	9.455122e+000
1.326046e+002	-1.072502e+001
1.328282e+002	-1.173299e+001
1.335048e+002	9.458402e+000
1.336872e+002	6.432299e+000
1.333960e+002	-1.980222e+001
1.342991e+002	1.248885e+001
1.342550e+002	-1.636919e+000
1.339019e+002	-3.089865e+001
1.341461e+002	-3.089756e+001
1.350492e+002	1.393526e+000
1.346962e+002	-2.786819e+001
1.351669e+002	-1.676742e+001
1.354523e+002	-1.474820e+001
1.359023e+002	-4.656479e+000
1.358376e+002	-1.979134e+001
1.359170e+002	-2.786274e+001
1.363877e+002	-1.676197e+001
1.365907e+002	-1.877901e+001
1.367937e+002	-2.079604e+001
1.368319e+002	-3.088558e+001
1.374467e+002	-1.272136e+001
1.377115e+002	-1.171122e+001
1.381822e+002	-6.104305e-001
1.383852e+002	-2.627473e+000
1.380733e+002	-2.987107e+001
1.388323e+002	-4.643423e+000
1.390147e+002	-7.669511e+000
1.388264e+002	-2.885874e+001
1.396060e+002	-2.622023e+000
1.392118e+002	-3.390187e+001
1.401767e+002	1.416389e+000
1.403385e+002	-2.618759e+000
1.407474e+002	5.454816e+000
1.405591e+002	-1.573439e+001
1.405150e+002	-2.986018e+001
1.409651e+002	-1.976846e+001
1.413740e+002	-1.169487e+001
1.412475e+002	-2.985691e+001
1.417182e+002	-1.875613e+001
1.421888e+002	-7.655362e+000
1.424330e+002	-7.654269e+000
1.426772e+002	-7.653176e+000
1.429625e+002	-5.633962e+000
1.425271e+002	-3.893193e+001
1.426889e+002	-4.296710e+001
1.431390e+002	-3.287539e+001
1.437333e+002	-1.572024e+001
1.442451e+002	-2.601331e+000
1.440157e+002	-2.580869e+001
1.444246e+002	-1.773509e+001
1.449982e+002	-1.589007e+000
1.452012e+002	-3.606034e+000
1.453836e+002	-6.632138e+000
1.454630e+002	-1.470354e+001
1.461808e+002	8.505968e+000
1.456424e+002	-2.983731e+001
1.461131e+002	-1.873653e+001
1.465220e+002	-1.066294e+001
1.466426e+002	-1.671623e+001
1.469692e+002	-1.267889e+001
1.470692e+002	-1.974124e+001
1.475193e+002	-9.649526e+000
1.476605e+002	-1.469375e+001
1.479870e+002	-1.065640e+001
1.479017e+002	-2.680032e+001
1.480017e+002	-3.386266e+001
1.486371e+002	-1.468939e+001
1.488401e+002	-1.670642e+001
1.490431e+002	-1.872346e+001
1.493696e+002	-1.468613e+001
1.495520e+002	-1.771222e+001
1.497550e+002	-1.972926e+001
1.504522e+002	2.471190e+000
1.500992e+002	-2.679051e+001
1.505493e+002	-1.669880e+001
1.513288e+002	9.537891e+000
1.514906e+002	5.502743e+000
1.509729e+002	-3.183147e+001
1.518760e+002	4.595973e-001
1.519966e+002	-5.593671e+000
1.520554e+002	-1.467415e+001
1.525261e+002	-3.573364e+000
1.527909e+002	-2.563211e+000
1.524585e+002	-3.081588e+001
1.533204e+002	-5.429197e-001
1.533998e+002	-8.614324e+000
1.532322e+002	-2.879448e+001
1.537234e+002	-1.668465e+001
1.540705e+002	-1.163824e+001
1.539646e+002	-2.879122e+001
1.542706e+002	-2.576294e+001
1.548030e+002	-1.163498e+001
1.546765e+002	-2.979702e+001
1.552914e+002	-1.163281e+001
1.561533e+002	1.864016e+001
1.556561e+002	-1.768500e+001
1.559209e+002	-1.667484e+001
1.560209e+002	-2.373719e+001
1.562445e+002	-2.474517e+001
1.565916e+002	-1.969876e+001
1.572270e+002	-5.254916e-001
1.574506e+002	-1.533459e+000
1.579007e+002	8.558237e+000
1.578154e+002	-7.585665e+000
1.579154e+002	-1.464801e+001
1.581596e+002	-1.464692e+001
1.582184e+002	-2.372740e+001
1.593480e+002	1.966336e+001
1.587067e+002	-2.372521e+001
1.591568e+002	-1.363350e+001
1.596687e+002	-5.145913e-001
1.597687e+002	-7.576950e+000
1.596010e+002	-2.775711e+001
1.604218e+002	4.977174e-001
1.603982e+002	-1.261899e+001
1.602306e+002	-3.279915e+001
1.609072e+002	-1.160776e+001
1.611925e+002	-9.588544e+000
1.613955e+002	-1.160557e+001
1.615161e+002	-1.765885e+001
1.615337e+002	-2.875745e+001
1.614690e+002	-4.389231e+001
1.624339e+002	-8.574033e+000
1.628222e+002	-1.509503e+000
1.625310e+002	-2.774404e+001
1.629399e+002	-1.967045e+001
1.630399e+002	-2.673279e+001
1.632841e+002	-2.673171e+001
1.638989e+002	-8.567490e+000
1.647608e+002	2.170546e+001
1.643049e+002	-1.260156e+001
1.644255e+002	-1.865486e+001
1.650609e+002	5.184095e-001
1.651403e+002	-7.552979e+000
1.650344e+002	-2.470596e+001
1.652168e+002	-2.773206e+001
1.652962e+002	-3.580346e+001
1.657463e+002	-2.571175e+001
1.659905e+002	-2.571066e+001
1.668112e+002	2.544151e+000
1.669730e+002	-1.490981e+000
1.672378e+002	-4.808436e-001
1.670701e+002	-2.066100e+001
1.671907e+002	-2.671429e+001
1.676820e+002	-1.460444e+001
1.679879e+002	-1.157616e+001
1.682321e+002	-1.157509e+001
1.685174e+002	-9.555858e+000
1.684527e+002	-2.469071e+001
1.687999e+002	-1.964431e+001
1.695588e+002	5.583325e+000
1.690823e+002	-2.973277e+001
1.694912e+002	-2.165918e+001
1.701472e+002	-1.476833e+000
1.704119e+002	-4.666794e-001
1.704502e+002	-1.055622e+001
1.705296e+002	-1.862762e+001
1.711238e+002	-1.472476e+000
1.715739e+002	8.619220e+000
1.715504e+002	-4.497486e+000
1.716710e+002	-1.055077e+001
1.720593e+002	-3.486239e+000
1.721387e+002	-1.155766e+001
1.726300e+002	5.521726e-001
1.726065e+002	-1.256453e+001
1.730360e+002	-3.481882e+000
1.728683e+002	-2.366205e+001
1.734831e+002	-5.497832e+000
1.735625e+002	-1.356925e+001
1.737037e+002	-1.861348e+001
1.742980e+002	-1.458312e+000
1.744804e+002	-4.484415e+000
1.745804e+002	-1.154676e+001
1.742685e+002	-3.879037e+001
1.747186e+002	-2.869864e+001
1.750864e+002	-2.264319e+001
1.759071e+002	5.611638e+000
1.755541e+002	-2.365006e+001
1.758394e+002	-2.163085e+001
1.761660e+002	-1.759351e+001
1.769661e+002	9.652251e+000
1.766749e+002	-1.658227e+001
1.769191e+002	-1.658119e+001
1.770603e+002	-2.162541e+001
1.775927e+002	-7.497446e+000
1.777545e+002	-1.153261e+001
1.779987e+002	-1.153152e+001
1.783252e+002	-7.494182e+000
1.784664e+002	-1.253841e+001
1.788136e+002	-7.491997e+000
1.787076e+002	-2.464497e+001
1.793430e+002	-5.471690e+000
1.798137e+002	5.629066e+000
1.794607e+002	-2.363265e+001
1.802197e+002	1.594996e+000
1.804227e+002	-4.220314e-001
1.804197e+002	-1.252969e+001
1.807051e+002	-1.051048e+001
1.807639e+002	-1.959094e+001
1.806168e+002	-3.876206e+001
1.810463e+002	-2.967939e+001
1.815375e+002	-1.756956e+001
1.820906e+002	-2.432531e+000
1.818611e+002	-2.563988e+001
1.825995e+002	-1.421284e+000
1.824730e+002	-1.958332e+001
1.822641e+002	-4.178162e+001
1.830849e+002	-1.352677e+001
1.832467e+002	-1.756194e+001
1.837585e+002	-4.443031e+000
1.840027e+002	-4.441937e+000
1.839586e+002	-1.856773e+001
1.845528e+002	-1.412570e+000
1.846528e+002	-8.474930e+000
1.845263e+002	-2.663697e+001
1.851617e+002	-7.463683e+000
1.849323e+002	-3.067104e+001
1.858972e+002	4.647226e+000
1.859766e+002	-3.424163e+000
1.858089e+002	-2.360434e+001
1.858471e+002	-3.369386e+001
1.865237e+002	-1.250246e+001
1.863766e+002	-3.167357e+001
1.868267e+002	-2.158184e+001
1.873386e+002	-8.462952e+000
1.876651e+002	-4.425602e+000
1.881770e+002	8.693274e+000
1.881740e+002	-3.414371e+000
1.879446e+002	-2.662171e+001
1.886830e+002	-2.403125e+000
1.889271e+002	-2.402032e+000
1.887594e+002	-2.258221e+001
1.891271e+002	-1.652673e+001
1.893713e+002	-1.652564e+001
1.895537e+002	-1.955175e+001
1.898184e+002	-1.854159e+001
1.900008e+002	-2.156769e+001
1.901214e+002	-2.762098e+001
1.908392e+002	-4.411453e+000
1.906715e+002	-2.459161e+001
1.907921e+002	-3.064490e+001
1.912628e+002	-1.954412e+001
1.917541e+002	-7.434277e+000
1.918335e+002	-1.550570e+001
1.921806e+002	-1.045929e+001
1.926513e+002	6.414686e-001
1.925454e+002	-1.651149e+001
1.929955e+002	-6.419767e+000
1.932191e+002	-7.427749e+000
1.934632e+002	-7.426657e+000
1.934809e+002	-1.852526e+001
1.936221e+002	-2.356948e+001
1.940927e+002	-1.246871e+001
1.943369e+002	-1.246762e+001
1.945605e+002	-1.347558e+001
1.949900e+002	-4.392932e+000
1.953371e+002	6.534466e-001
1.953753e+002	-9.436078e+000
1.955165e+002	-1.448030e+001
1.956577e+002	-1.952452e+001
1.960254e+002	-1.346905e+001
1.956312e+002	-4.474980e+001
1.958960e+002	-4.373875e+001
1.969638e+002	-3.375158e+000
1.973110e+002	1.671221e+000
1.973286e+002	-9.427364e+000
1.976345e+002	-6.399075e+000
1.978993e+002	-5.388937e+000
1.979375e+002	-1.547846e+001
1.983670e+002	-6.395811e+000
1.985494e+002	-9.421914e+000
1.989789e+002	-3.392632e-001
1.988112e+002	-2.051942e+001
1.996732e+002	9.753525e+000
1.992378e+002	-2.354443e+001
1.995231e+002	-2.152522e+001
1.999732e+002	-1.143351e+001
2.002174e+002	-1.143241e+001
2.004409e+002	-1.244040e+001
2.008292e+002	-5.375866e+000
2.011970e+002	6.795888e-001
2.013587e+002	-3.355559e+000
2.012322e+002	-2.151760e+001
2.017441e+002	-8.398690e+000
2.018853e+002	-1.344291e+001
2.023148e+002	-4.360262e+000
2.029090e+002	1.279487e+001
2.020000e+002	-4.371153e+001
2.029443e+002	-9.402315e+000
2.031473e+002	-1.141934e+001
2.031237e+002	-2.453608e+001
2.035121e+002	-1.747155e+001
2.036944e+002	-2.049764e+001
2.039386e+002	-2.049656e+001
2.044505e+002	-7.377651e+000
2.047564e+002	-4.349377e+000
2.049182e+002	-8.384540e+000
2.050800e+002	-1.241970e+001
2.054271e+002	-7.373294e+000
2.054653e+002	-1.746283e+001
2.059978e+002	-3.334867e+000
2.062214e+002	-4.342834e+000
2.065067e+002	-2.323621e+000
2.066685e+002	-6.358784e+000
2.069127e+002	-6.357706e+000
2.068685e+002	-2.048349e+001
2.070715e+002	-2.250051e+001
2.072333e+002	-2.653568e+001
2.077658e+002	-1.240773e+001
2.081129e+002	-7.361316e+000
2.085218e+002	7.122588e-001
2.085394e+002	-1.038633e+001
2.089483e+002	-2.312736e+000
2.090484e+002	-9.375080e+000
2.092307e+002	-1.240118e+001
2.095779e+002	-7.354789e+000
2.100074e+002	1.727847e+000
2.100868e+002	-6.343542e+000
2.102486e+002	-1.037870e+001
2.098750e+002	-4.064950e+001
2.107575e+002	-9.367459e+000
2.113311e+002	6.778614e+000
2.111223e+002	-1.541967e+001
2.117371e+002	2.744544e+000
2.115488e+002	-1.844467e+001
2.122872e+002	5.773910e+000
2.121401e+002	-1.339717e+001
2.124254e+002	-1.137796e+001
2.126078e+002	-1.440406e+001
2.128726e+002	-1.339391e+001
2.136110e+002	1.082466e+001
2.134227e+002	-1.036454e+001
2.138110e+002	-3.300026e+000
2.142817e+002	7.800745e+000
2.138875e+002	-2.347909e+001
2.141110e+002	-2.448706e+001
2.144582e+002	-1.944066e+001
2.146817e+002	-2.044863e+001
2.149671e+002	-1.842942e+001
2.153554e+002	-1.136490e+001
2.153525e+002	-2.347256e+001
2.158025e+002	-1.338084e+001
2.161497e+002	-8.334443e+000
2.162909e+002	-1.337867e+001
2.163085e+002	-2.447727e+001
2.163056e+002	-3.658493e+001
2.170028e+002	-1.438446e+001
2.172469e+002	-1.438337e+001
2.179647e+002	8.826140e+000
2.177764e+002	-1.236306e+001
2.173822e+002	-4.364291e+001
2.177499e+002	-3.758746e+001
2.181588e+002	-2.951387e+001
2.188355e+002	-8.322464e+000
2.185236e+002	-3.556606e+001
2.190149e+002	-2.345623e+001
2.191561e+002	-2.850045e+001
2.196680e+002	-1.538154e+001
2.199739e+002	-1.235327e+001
2.196209e+002	-4.161499e+001
2.201122e+002	-2.950516e+001
2.204387e+002	-2.546780e+001
2.209094e+002	-1.436703e+001
2.214418e+002	-2.390670e-001
2.211506e+002	-2.647360e+001
2.217242e+002	-1.032751e+001
2.221331e+002	-2.253924e+000
2.224185e+002	-2.347099e-001
2.225185e+002	-7.297069e+000
2.227215e+002	-9.314096e+000
2.222243e+002	-4.564016e+001
2.229627e+002	-2.142068e+001
2.231451e+002	-2.444677e+001
2.237805e+002	-5.273499e+000
2.242100e+002	3.809137e+000
2.242276e+002	-7.289433e+000
2.246571e+002	1.793202e+000
2.246954e+002	-8.296322e+000
2.246718e+002	-2.141304e+001
2.249778e+002	-1.838477e+001
2.254073e+002	-9.302119e+000
2.252190e+002	-3.049135e+001
2.261221e+002	1.799730e+000
2.261809e+002	-7.280734e+000
2.261574e+002	-2.039745e+001
2.263810e+002	-2.140542e+001
2.269752e+002	-4.250274e+000
2.270752e+002	-1.131262e+001
2.275871e+002	1.806258e+000
2.275224e+002	-1.332857e+001
2.278283e+002	-1.030029e+001
2.275577e+002	-3.552577e+001
2.285843e+002	2.819691e+000
2.283755e+002	-1.937859e+001
2.282695e+002	-3.653157e+001
2.286784e+002	-2.845797e+001
2.293345e+002	-8.275630e+000
2.293933e+002	-1.735611e+001
2.294521e+002	-2.643658e+001
2.297993e+002	-2.139018e+001
2.301876e+002	-1.432565e+001
2.304935e+002	-1.129738e+001
2.306141e+002	-1.735066e+001
2.309406e+002	-1.331333e+001
2.309995e+002	-2.239379e+001
2.314908e+002	-1.028396e+001
2.312819e+002	-3.248224e+001
2.318349e+002	-1.734521e+001
2.319967e+002	-2.138037e+001
2.324056e+002	-1.330678e+001
2.322997e+002	-3.045976e+001
2.324821e+002	-3.348586e+001
2.327263e+002	-3.348477e+001
2.333823e+002	-1.330243e+001
2.335852e+002	-1.531947e+001
2.339942e+002	-7.245878e+000
2.341971e+002	-9.262921e+000
2.345031e+002	-6.234632e+000
2.343354e+002	-2.641480e+001
2.349090e+002	-1.026872e+001
2.350708e+002	-1.430386e+001
2.353150e+002	-1.430279e+001
2.348590e+002	-4.861071e+001
2.354327e+002	-3.246373e+001
2.360269e+002	-1.530858e+001
2.359210e+002	-3.246154e+001
2.364534e+002	-1.833359e+001
2.370888e+002	8.396750e-001
2.369829e+002	-1.631329e+001
2.371653e+002	-1.933939e+001
2.374918e+002	-1.530204e+001
2.381479e+002	4.880288e+000
2.381243e+002	-8.236432e+000
