    nm         	pN
0.000000e+000	4.684377e+002
1.222020e-001	4.684427e+002
3.292368e-002	4.603662e+002
-1.797149e-001	4.475756e+002
-2.337493e-001	4.408459e+002
-2.525346e-001	4.354632e+002
-1.832014e-001	4.334479e+002
-1.667371e-001	4.294122e+002
-2.383963e-001	4.220090e+002
-3.629171e-001	4.125857e+002
-4.521946e-001	4.045093e+002
-3.828615e-001	4.024939e+002
-3.840285e-001	3.977845e+002
-4.556812e-001	3.903815e+002
-3.863487e-001	3.883662e+002
-3.698843e-001	3.843305e+002
-3.710499e-001	3.796211e+002
-3.545855e-001	3.755855e+002
-3.733709e-001	3.702028e+002
-3.569116e-001	3.661669e+002
-3.580721e-001	3.614578e+002
-4.649745e-001	3.527078e+002
-5.366272e-001	3.453048e+002
-5.025445e-001	3.419424e+002
-3.979631e-001	3.412740e+002
-3.638796e-001	3.379117e+002
-4.707820e-001	3.291617e+002
-4.190744e-001	3.264728e+002
-4.026093e-001	3.224372e+002
-4.742628e-001	3.150342e+002
-3.520630e-001	3.150391e+002
-3.003547e-001	3.123502e+002
-4.777493e-001	3.009064e+002
-5.846518e-001	2.921564e+002
-6.386796e-001	2.854270e+002
-5.341039e-001	2.847584e+002
-3.237863e-001	2.881307e+002
-1.310936e-001	2.908294e+002
-9.700941e-002	2.874671e+002
-2.391558e-001	2.773702e+002
-3.813007e-001	2.672735e+002
-4.000860e-001	2.618908e+002
-3.483785e-001	2.592019e+002
-3.319199e-001	2.551660e+002
-4.564407e-001	2.457428e+002
-5.633431e-001	2.369928e+002
-6.173775e-001	2.302631e+002
-7.066485e-001	2.221868e+002
-6.373219e-001	2.201712e+002
-5.327404e-001	2.195029e+002
-3.929215e-001	2.201811e+002
-6.231843e-001	2.067170e+002
-7.300802e-001	1.979672e+002
-6.959974e-001	1.946049e+002
-5.209289e-001	1.966301e+002
-1.872502e-001	2.047165e+002
-2.236597e-001	1.986603e+002
-3.129373e-001	1.905838e+002
-2.259800e-001	1.892420e+002
-1.742724e-001	1.865531e+002
-1.401889e-001	1.831907e+002
-5.323162e-002	1.818489e+002
-1.601341e-001	1.730989e+002
-2.846556e-001	1.636756e+002
-1.977048e-001	1.623335e+002
-1.107475e-001	1.609916e+002
-2.528989e-001	1.508946e+002
-4.126687e-001	1.401243e+002
-4.490724e-001	1.340684e+002
-6.440926e-001	1.219511e+002
-7.333702e-001	1.138746e+002
-7.873980e-001	1.071451e+002
-5.594614e-001	1.111907e+002
-4.548799e-001	1.105223e+002
-4.031716e-001	1.078335e+002
-3.690889e-001	1.044711e+002
-3.702486e-001	9.976191e+001
-4.771511e-001	9.101191e+001
-4.254435e-001	8.832304e+001
-4.266040e-001	8.361387e+001
-5.335057e-001	7.486388e+001
-6.580330e-001	6.544038e+001
-6.239437e-001	6.207822e+001
-4.841241e-001	6.275646e+001
-3.442995e-001	6.343490e+001
-2.749670e-001	6.141954e+001
-1.175233e-001	6.277127e+001
1.632872e-001	6.883734e+001
1.445026e-001	6.345465e+001
1.962102e-001	6.076580e+001
5.651385e-001	7.019917e+001
8.106994e-001	7.491821e+001
8.271580e-001	7.088233e+001
8.788655e-001	6.819346e+001
1.001066e+000	6.819840e+001
1.017531e+000	6.416274e+001
9.458777e-001	5.675976e+001
1.173814e+000	6.080531e+001
1.472250e+000	6.754488e+001
1.453464e+000	6.216219e+001
1.540416e+000	6.082013e+001
1.556880e+000	5.678446e+001
1.344242e+000	4.399387e+001
9.906123e-001	2.581543e+001
8.660915e-001	1.639216e+001
1.023535e+000	1.774389e+001
1.286721e+000	2.313645e+001
1.074083e+000	1.034586e+001
9.495622e-001	9.225730e-001
1.036513e+000	-4.194867e-001
1.052977e+000	-4.455151e+000
1.298539e+000	2.638870e-001
1.367871e+000	-1.751466e+000
1.331462e+000	-7.807646e+000
1.347926e+000	-1.184331e+001
1.399633e+000	-1.453218e+001
1.557078e+000	-1.318044e+001
1.873131e+000	-5.767595e+000
2.259678e+000	4.339062e+000
2.399503e+000	5.017508e+000
2.310227e+000	-3.058963e+000
2.203330e+000	-1.180874e+001
2.431267e+000	-7.763198e+000
2.394857e+000	-1.381938e+001
2.323204e+000	-2.122235e+001
2.445404e+000	-2.121741e+001
2.514738e+000	-2.323278e+001
2.372591e+000	-3.332956e+001
2.530036e+000	-3.197783e+001
2.740353e+000	-2.860557e+001
3.021163e+000	-2.253951e+001
3.231475e+000	-1.916748e+001
3.494661e+000	-1.377492e+001
3.634486e+000	-1.309647e+001
3.703818e+000	-1.511184e+001
4.037497e+000	-7.025470e+000
4.459287e+000	4.427968e+000
4.845840e+000	1.453486e+001
4.756562e+000	6.458370e+000
4.702529e+000	-2.713088e-001
4.859978e+000	1.080636e+000
5.070290e+000	4.452667e+000
5.157247e+000	3.110812e+000
5.208954e+000	4.219503e-001
5.436891e+000	4.467489e+000
5.717701e+000	1.053354e+001
5.892770e+000	1.255879e+001
6.085464e+000	1.525754e+001
6.137171e+000	1.256867e+001
6.171260e+000	9.206513e+000
6.187719e+000	5.170634e+000
6.168934e+000	-2.120376e-001
6.326384e+000	1.139907e+000
6.342843e+000	-2.895962e+000
6.535535e+000	-1.972147e-001
6.692986e+000	1.154730e+000
6.920922e+000	5.200269e+000
7.184108e+000	1.059283e+001
7.235816e+000	7.903954e+000
7.234655e+000	3.194781e+000
7.127753e+000	-5.555198e+000
7.161842e+000	-8.917353e+000
7.354536e+000	-6.218606e+000
7.829193e+000	7.255143e+000
8.303857e+000	2.072912e+001
8.584667e+000	2.679518e+001
8.460147e+000	1.737191e+001
8.229884e+000	3.907811e+000
7.911503e+000	-1.292360e+001
8.033704e+000	-1.291866e+001
8.226396e+000	-1.021991e+001
8.066627e+000	-2.099020e+001
8.135960e+000	-2.300557e+001
8.504881e+000	-1.357241e+001
8.926677e+000	-2.118734e+000
9.225107e+000	4.620605e+000
9.100586e+000	-4.802658e+000
9.081800e+000	-1.018534e+001
9.045392e+000	-1.624152e+001
9.255709e+000	-1.286926e+001
9.536519e+000	-6.803208e+000
9.693964e+000	-5.451469e+000
9.798545e+000	-6.119814e+000
9.991239e+000	-3.421067e+000
9.937204e+000	-1.015077e+001
1.000654e+001	-1.216612e+001
9.987752e+000	-1.754880e+001
1.000421e+001	-2.158468e+001
1.033789e+001	-1.349832e+001
1.046009e+001	-1.349338e+001
1.065278e+001	-1.079463e+001
1.105695e+001	-1.446364e-002
1.128490e+001	4.031291e+000
1.114275e+001	-6.065481e+000
1.082437e+001	-2.289690e+001
1.059411e+001	-3.636100e+001
1.064581e+001	-3.904987e+001
1.103236e+001	-2.894320e+001
1.111932e+001	-3.028506e+001
1.117103e+001	-3.297393e+001
1.139896e+001	-2.892839e+001
1.166215e+001	-2.353583e+001
1.176672e+001	-2.420441e+001
1.210040e+001	-1.611804e+001
1.231072e+001	-1.274578e+001
1.218620e+001	-2.216906e+001
1.207930e+001	-3.091906e+001
1.199002e+001	-3.899554e+001
1.154828e+001	-6.054107e+001
1.142376e+001	-6.996434e+001
1.193367e+001	-5.514356e+001
1.217923e+001	-5.042452e+001
1.260102e+001	-3.897084e+001
1.272322e+001	-3.896590e+001
1.249296e+001	-5.243000e+001
1.268565e+001	-4.973125e+001
1.296646e+001	-4.366519e+001
1.324727e+001	-3.759935e+001
1.326373e+001	-4.163501e+001
1.329782e+001	-4.499738e+001
1.349051e+001	-4.229864e+001
1.385944e+001	-3.286526e+001
1.403451e+001	-3.084002e+001
1.396285e+001	-3.824300e+001
1.410267e+001	-3.756478e+001
1.406627e+001	-4.362074e+001
1.425896e+001	-4.092199e+001
1.424018e+001	-4.630466e+001
1.418614e+001	-5.303435e+001
1.416736e+001	-5.841704e+001
1.443054e+001	-5.302448e+001
1.467611e+001	-4.830543e+001
1.472781e+001	-5.099430e+001
1.497338e+001	-4.627503e+001
1.534230e+001	-3.684187e+001
1.541163e+001	-3.885723e+001
1.526949e+001	-4.895402e+001
1.540931e+001	-4.827580e+001
1.542577e+001	-5.231146e+001
1.530125e+001	-6.173474e+001
1.537058e+001	-6.375032e+001
1.575713e+001	-5.364343e+001
1.616130e+001	-4.286348e+001
1.623063e+001	-4.487884e+001
1.589463e+001	-6.238354e+001
1.598158e+001	-6.372562e+001
1.608616e+001	-6.439397e+001
1.626123e+001	-6.236873e+001
1.650679e+001	-5.764968e+001
1.675235e+001	-5.293064e+001
1.675119e+001	-5.763980e+001
1.673241e+001	-6.302248e+001
1.706609e+001	-5.493611e+001
1.713542e+001	-5.695147e+001
1.734574e+001	-5.357922e+001
1.783802e+001	-3.943195e+001
1.781923e+001	-4.481463e+001
1.757135e+001	-5.895202e+001
1.762306e+001	-6.164089e+001
1.822109e+001	-4.345280e+001
1.855476e+001	-3.536644e+001
1.814827e+001	-5.556516e+001
1.770653e+001	-7.711069e+001
1.786398e+001	-7.575874e+001
1.860299e+001	-5.218303e+001
1.877805e+001	-5.015779e+001
1.902361e+001	-4.543875e+001
1.928680e+001	-4.004619e+001
1.909179e+001	-5.216327e+001
1.907300e+001	-5.754595e+001
1.921283e+001	-5.686751e+001
1.929978e+001	-5.820958e+001
1.915763e+001	-6.830637e+001
1.894499e+001	-8.109696e+001
1.926105e+001	-7.368410e+001
1.934801e+001	-7.502596e+001
1.959357e+001	-7.030691e+001
1.952191e+001	-7.771011e+001
1.937976e+001	-8.780690e+001
1.955484e+001	-8.578144e+001
1.981802e+001	-8.038888e+001
2.016932e+001	-7.162923e+001
2.037964e+001	-6.825697e+001
2.044897e+001	-7.027234e+001
2.060641e+001	-6.892061e+001
2.037615e+001	-8.238470e+001
2.018113e+001	-9.450202e+001
2.037383e+001	-9.180304e+001
2.083088e+001	-7.900235e+001
2.105881e+001	-7.495681e+001
2.100478e+001	-8.168650e+001
2.140895e+001	-7.090632e+001
2.140779e+001	-7.561549e+001
2.135376e+001	-8.234519e+001
2.147596e+001	-8.234025e+001
2.154529e+001	-8.435538e+001
2.142076e+001	-9.377911e+001
2.131387e+001	-1.025289e+002
2.194713e+001	-8.299399e+001
2.238655e+001	-7.086681e+001
2.219153e+001	-8.298412e+001
2.215512e+001	-8.904030e+001
2.225971e+001	-8.970843e+001
2.222330e+001	-9.576461e+001
2.208116e+001	-1.058614e+002
2.206237e+001	-1.112441e+002
2.206121e+001	-1.159532e+002
2.239488e+001	-1.078671e+002
2.255234e+001	-1.065151e+002
2.267454e+001	-1.065102e+002
2.313157e+001	-9.370996e+001
2.283081e+001	-1.098679e+002
2.237146e+001	-1.320865e+002
2.254652e+001	-1.300614e+002
2.266872e+001	-1.300565e+002
2.275567e+001	-1.313986e+002
2.314223e+001	-1.212915e+002
2.354640e+001	-1.105113e+002
2.386245e+001	-1.030987e+002
2.394940e+001	-1.044407e+002
2.370152e+001	-1.185781e+002
2.399996e+001	-1.118386e+002
2.399880e+001	-1.165477e+002
2.390951e+001	-1.246244e+002
2.380261e+001	-1.333742e+002
2.351949e+001	-1.488586e+002
2.374742e+001	-1.448131e+002
2.429258e+001	-1.286453e+002
2.448527e+001	-1.259467e+002
2.451935e+001	-1.293089e+002
2.446532e+001	-1.360386e+002
2.478138e+001	-1.286255e+002
2.493883e+001	-1.272736e+002
2.520202e+001	-1.218810e+002
2.534184e+001	-1.212025e+002
2.528781e+001	-1.279322e+002
2.509279e+001	-1.400496e+002
2.525024e+001	-1.386976e+002
2.554867e+001	-1.319580e+002
2.561800e+001	-1.339736e+002
2.517626e+001	-1.555191e+002
2.524559e+001	-1.575347e+002
2.533255e+001	-1.588764e+002
2.548999e+001	-1.575248e+002
2.561219e+001	-1.575199e+002
2.575201e+001	-1.568415e+002
2.606807e+001	-1.494284e+002
2.611977e+001	-1.521175e+002
2.587189e+001	-1.662549e+002
2.576499e+001	-1.750046e+002
2.592243e+001	-1.736531e+002
2.620324e+001	-1.675871e+002
2.644880e+001	-1.628680e+002
2.662388e+001	-1.608425e+002
2.678133e+001	-1.594906e+002
2.692115e+001	-1.588121e+002
2.684950e+001	-1.662153e+002
2.679546e+001	-1.729450e+002
2.690004e+001	-1.736136e+002
2.661690e+001	-1.890980e+002
2.688009e+001	-1.837055e+002
2.733714e+001	-1.709047e+002
2.751221e+001	-1.688793e+002
2.752866e+001	-1.729154e+002
2.758038e+001	-1.756040e+002
2.757922e+001	-1.803132e+002
2.754281e+001	-1.863694e+002
2.759451e+001	-1.890585e+002
2.784007e+001	-1.843394e+002
2.796227e+001	-1.843345e+002
2.810210e+001	-1.836560e+002
2.827717e+001	-1.816306e+002
2.820551e+001	-1.890338e+002
2.801050e+001	-2.011507e+002
2.836180e+001	-1.923910e+002
2.883646e+001	-1.789172e+002
2.888817e+001	-1.816059e+002
2.864029e+001	-1.957433e+002
2.862151e+001	-2.011260e+002
2.876132e+001	-2.004480e+002
2.863680e+001	-2.098712e+002
2.888236e+001	-2.051522e+002
2.911031e+001	-2.011062e+002
2.917963e+001	-2.031218e+002
2.946045e+001	-1.970557e+002
2.961789e+001	-1.957038e+002
2.951099e+001	-2.044540e+002
2.963319e+001	-2.044490e+002
2.968490e+001	-2.071377e+002
2.964849e+001	-2.131939e+002
2.978832e+001	-2.125154e+002
2.987527e+001	-2.138575e+002
3.029706e+001	-2.024038e+002
3.066599e+001	-1.929707e+002
3.032998e+001	-2.104756e+002
3.013497e+001	-2.225925e+002
3.039816e+001	-2.171999e+002
3.073183e+001	-2.091137e+002
3.095977e+001	-2.050682e+002
3.087050e+001	-2.131445e+002
3.056974e+001	-2.293024e+002
3.076243e+001	-2.266038e+002
3.091988e+001	-2.252519e+002
3.105970e+001	-2.245735e+002
3.093518e+001	-2.339967e+002
3.082828e+001	-2.427470e+002
3.119721e+001	-2.333133e+002
3.151326e+001	-2.259007e+002
3.152972e+001	-2.299364e+002
3.154618e+001	-2.339720e+002
3.184462e+001	-2.272325e+002
3.233690e+001	-2.130852e+002
3.274107e+001	-2.023050e+002
3.295139e+001	-1.989330e+002
3.316171e+001	-1.955605e+002
3.309005e+001	-2.029637e+002
3.324750e+001	-2.016118e+002
3.345781e+001	-1.982397e+002
3.331567e+001	-2.083365e+002
3.308541e+001	-2.218004e+002
3.313711e+001	-2.244895e+002
3.361177e+001	-2.110157e+002
3.420980e+001	-1.928274e+002
3.434963e+001	-1.921490e+002
3.422511e+001	-2.015722e+002
3.420632e+001	-2.069549e+002
3.397605e+001	-2.204192e+002
3.388678e+001	-2.284955e+002
3.388562e+001	-2.332047e+002
3.413118e+001	-2.284856e+002
3.428863e+001	-2.271337e+002
3.444607e+001	-2.257822e+002
3.460352e+001	-2.244302e+002
3.509580e+001	-2.102830e+002
3.527088e+001	-2.082575e+002
3.548119e+001	-2.048855e+002
3.574437e+001	-1.994929e+002
3.614855e+001	-1.887127e+002
3.655272e+001	-1.779326e+002
3.662205e+001	-1.799477e+002
3.690286e+001	-1.738816e+002
3.693694e+001	-1.772442e+002
3.677717e+001	-1.880145e+002
3.682889e+001	-1.907032e+002
3.714493e+001	-1.832905e+002
3.739050e+001	-1.785715e+002
3.781229e+001	-1.671178e+002
3.826933e+001	-1.543171e+002
3.818005e+001	-1.623938e+002
3.830225e+001	-1.623889e+002
3.868880e+001	-1.522822e+002
3.861715e+001	-1.596850e+002
3.835165e+001	-1.744959e+002
3.822711e+001	-1.839196e+002
3.804973e+001	-1.953630e+002
3.803094e+001	-2.007456e+002
3.806502e+001	-2.041082e+002
3.816960e+001	-2.047768e+002
3.837992e+001	-2.014043e+002
3.859023e+001	-1.980323e+002
3.899440e+001	-1.872521e+002
3.931046e+001	-1.798390e+002
3.962651e+001	-1.724264e+002
3.950199e+001	-1.818497e+002
3.920124e+001	-1.980076e+002
3.960541e+001	-1.872274e+002
4.009769e+001	-1.730801e+002
3.981456e+001	-1.885645e+002
3.981340e+001	-1.932737e+002
4.023519e+001	-1.818200e+002
4.033977e+001	-1.824886e+002
4.023287e+001	-1.912384e+002
4.030220e+001	-1.932540e+002
4.019530e+001	-2.020037e+002
4.022938e+001	-2.053663e+002
4.047495e+001	-2.006468e+002
4.052666e+001	-2.033359e+002
4.024352e+001	-2.188203e+002
4.020712e+001	-2.248765e+002
4.052318e+001	-2.174635e+002
4.046914e+001	-2.241931e+002
4.050323e+001	-2.275553e+002
4.103076e+001	-2.120610e+002
4.147017e+001	-1.999342e+002
4.141615e+001	-2.066635e+002
4.150310e+001	-2.080056e+002
4.178391e+001	-2.019395e+002
4.176513e+001	-2.073222e+002
4.206356e+001	-2.005826e+002
4.269683e+001	-1.810478e+002
4.269567e+001	-1.857569e+002
4.257115e+001	-1.951802e+002
4.271096e+001	-1.945022e+002
4.290366e+001	-1.918032e+002
4.314922e+001	-1.870842e+002
4.305995e+001	-1.951604e+002
4.314690e+001	-1.965025e+002
4.328673e+001	-1.958241e+002
4.340893e+001	-1.958191e+002
4.370735e+001	-1.890800e+002
4.419964e+001	-1.749323e+002
4.425135e+001	-1.776214e+002
4.393297e+001	-1.944528e+002
4.403756e+001	-1.951209e+002
4.428312e+001	-1.904019e+002
4.415858e+001	-1.998256e+002
4.417505e+001	-2.038613e+002
4.436775e+001	-2.011623e+002
4.463093e+001	-1.957697e+002
4.471788e+001	-1.971118e+002
4.439950e+001	-2.139432e+002
4.425736e+001	-2.240400e+002
4.478489e+001	-2.085457e+002
4.548865e+001	-1.863168e+002
4.566373e+001	-1.842913e+002
4.545108e+001	-1.970822e+002
4.573190e+001	-1.910161e+002
4.622418e+001	-1.768688e+002
4.659310e+001	-1.674357e+002
4.660957e+001	-1.714714e+002
4.652030e+001	-1.795476e+002
4.653675e+001	-1.835837e+002
4.664134e+001	-1.842518e+002
4.653443e+001	-1.930020e+002
4.625129e+001	-2.084865e+002
4.644399e+001	-2.057875e+002
4.649570e+001	-2.084766e+002
4.652978e+001	-2.118387e+002
4.666961e+001	-2.111603e+002
4.723238e+001	-1.943194e+002
4.770705e+001	-1.808452e+002
4.765301e+001	-1.875749e+002
4.736988e+001	-2.030593e+002
4.779168e+001	-1.916057e+002
4.902414e+001	-1.491733e+002
4.993938e+001	-1.188632e+002
5.053741e+001	-1.006749e+002
5.067723e+001	-9.999642e+001
5.099328e+001	-9.258379e+001
5.127409e+001	-8.651772e+001
5.122006e+001	-9.324742e+001
5.104268e+001	-1.046908e+002
5.084766e+001	-1.168081e+002
5.077599e+001	-1.242113e+002
5.091582e+001	-1.235328e+002
5.133762e+001	-1.120791e+002
5.186515e+001	-9.658487e+001
5.200497e+001	-9.590642e+001
5.214480e+001	-9.522798e+001
5.224938e+001	-9.589655e+001
5.210723e+001	-1.059933e+002
5.240566e+001	-9.925376e+001
5.247499e+001	-1.012693e+002
5.213899e+001	-1.187743e+002
5.201447e+001	-1.281975e+002
5.215429e+001	-1.275191e+002
5.224124e+001	-1.288612e+002
5.255730e+001	-1.214481e+002
5.308484e+001	-1.059538e+002
5.322466e+001	-1.052754e+002
5.287103e+001	-1.234538e+002
5.286987e+001	-1.281630e+002
5.327404e+001	-1.173828e+002
5.336099e+001	-1.187249e+002
5.351844e+001	-1.173729e+002
5.392261e+001	-1.065927e+002
5.356898e+001	-1.247712e+002
5.316249e+001	-1.449697e+002
5.330232e+001	-1.442912e+002
5.384747e+001	-1.281235e+002
5.402255e+001	-1.260980e+002
5.384515e+001	-1.375418e+002
5.366776e+001	-1.489856e+002
5.356086e+001	-1.577354e+002
5.373592e+001	-1.557103e+002
5.414010e+001	-1.449302e+002
5.465000e+001	-1.301094e+002
5.508943e+001	-1.179822e+002
5.517638e+001	-1.193243e+002
5.494612e+001	-1.327882e+002
5.487446e+001	-1.401914e+002
5.517289e+001	-1.334518e+002
5.573568e+001	-1.166105e+002
5.615747e+001	-1.051568e+002
5.649115e+001	-9.707068e+001
5.687769e+001	-8.696403e+001
5.703514e+001	-8.561207e+001
5.726308e+001	-8.156653e+001
5.682134e+001	-1.031120e+002
5.680255e+001	-1.084947e+002
5.724197e+001	-9.636754e+001
5.736417e+001	-9.636260e+001
5.746875e+001	-9.703117e+001
5.774956e+001	-9.096510e+001
5.808324e+001	-8.287852e+001
5.859315e+001	-6.805775e+001
5.862723e+001	-7.142013e+001
5.848508e+001	-8.151713e+001
5.853679e+001	-8.420578e+001
5.839465e+001	-9.430256e+001
5.849923e+001	-9.497114e+001
5.879766e+001	-8.823156e+001
5.930757e+001	-7.341079e+001
5.964124e+001	-6.532443e+001
5.960484e+001	-7.138060e+001
5.974466e+001	-7.070216e+001
5.991973e+001	-6.867692e+001
6.000668e+001	-7.001900e+001
5.975880e+001	-8.415638e+001
5.958141e+001	-9.560018e+001
5.959787e+001	-9.963585e+001
6.000204e+001	-8.885567e+001
6.028285e+001	-8.278962e+001
6.008784e+001	-9.490692e+001
6.017478e+001	-9.624899e+001
6.064946e+001	-8.277479e+001
6.093025e+001	-7.670918e+001
6.078811e+001	-8.680596e+001
6.055785e+001	-1.002698e+002
6.057432e+001	-1.043055e+002
6.126046e+001	-8.275010e+001
6.166462e+001	-7.197015e+001
6.141673e+001	-8.610775e+001
6.109835e+001	-1.029392e+002
6.129105e+001	-1.002402e+002
6.137800e+001	-1.015823e+002
6.128873e+001	-1.096585e+002
6.111134e+001	-1.211024e+002
6.098681e+001	-1.305256e+002
6.102089e+001	-1.338882e+002
6.146031e+001	-1.217610e+002
6.186448e+001	-1.109809e+002
6.235677e+001	-9.683360e+001
6.265520e+001	-9.009402e+001
6.267167e+001	-9.412968e+001
6.274099e+001	-9.614527e+001
6.300418e+001	-9.075272e+001
6.305589e+001	-9.344137e+001
6.312522e+001	-9.545694e+001
6.337078e+001	-9.073790e+001
6.363397e+001	-8.534534e+001
6.357993e+001	-9.207503e+001
6.366690e+001	-9.341666e+001
6.357762e+001	-1.014934e+002
6.295964e+001	-1.297735e+002
6.269413e+001	-1.445844e+002
6.290445e+001	-1.412119e+002
6.327338e+001	-1.317788e+002
6.353656e+001	-1.263862e+002
6.358827e+001	-1.290753e+002
6.372809e+001	-1.283969e+002
6.406177e+001	-1.203103e+002
6.450118e+001	-1.081836e+002
6.481724e+001	-1.007705e+002
6.520379e+001	-9.066380e+001
6.532599e+001	-9.065886e+001
6.493713e+001	-1.101839e+002
6.507695e+001	-1.095054e+002
6.549873e+001	-9.805218e+001
6.565618e+001	-9.670023e+001
6.556691e+001	-1.047765e+002
6.556575e+001	-1.094857e+002
6.579369e+001	-1.054401e+002
6.586301e+001	-1.074557e+002
6.582660e+001	-1.135119e+002
6.556110e+001	-1.283228e+002
6.552469e+001	-1.343790e+002
6.577024e+001	-1.296599e+002
6.608631e+001	-1.222468e+002
6.608515e+001	-1.269560e+002
6.610161e+001	-1.309917e+002
6.632955e+001	-1.269461e+002
6.638125e+001	-1.296352e+002
6.659157e+001	-1.262628e+002
6.666090e+001	-1.282783e+002
6.683597e+001	-1.262529e+002
6.713441e+001	-1.195133e+002
6.727422e+001	-1.188353e+002
6.727306e+001	-1.235445e+002
6.725428e+001	-1.289271e+002
6.730599e+001	-1.316158e+002
6.716385e+001	-1.417126e+002
6.718030e+001	-1.457487e+002
6.776071e+001	-1.282339e+002
6.828824e+001	-1.127396e+002
6.814609e+001	-1.228364e+002
6.842690e+001	-1.167703e+002
6.872533e+001	-1.100307e+002
6.874181e+001	-1.140664e+002
6.835293e+001	-1.335919e+002
6.822840e+001	-1.430151e+002
6.854446e+001	-1.356021e+002
6.824371e+001	-1.517600e+002
6.815442e+001	-1.598367e+002
6.855859e+001	-1.490565e+002
6.876891e+001	-1.456845e+002
6.894398e+001	-1.436590e+002
6.918954e+001	-1.389400e+002
6.947035e+001	-1.328739e+002
6.953968e+001	-1.348895e+002
6.945041e+001	-1.429658e+002
6.971359e+001	-1.375732e+002
7.015301e+001	-1.254460e+002
7.025759e+001	-1.261146e+002
7.013307e+001	-1.355378e+002
7.041387e+001	-1.294722e+002
7.037747e+001	-1.355280e+002
7.083450e+001	-1.227277e+002
7.141491e+001	-1.052129e+002
7.173096e+001	-9.780028e+001
7.209989e+001	-8.836668e+001
7.238070e+001	-8.230061e+001
7.255576e+001	-8.027560e+001
7.283658e+001	-7.420953e+001
7.264155e+001	-8.632684e+001
7.260515e+001	-9.238302e+001
7.265686e+001	-9.507167e+001
7.284955e+001	-9.237315e+001
7.305987e+001	-8.900067e+001
7.318207e+001	-8.899573e+001
7.325140e+001	-9.101132e+001
7.354983e+001	-8.427174e+001
7.386589e+001	-7.685867e+001
7.400570e+001	-7.618067e+001
7.377545e+001	-8.964454e+001
7.354518e+001	-1.031089e+002
7.354402e+001	-1.078180e+002
7.401869e+001	-9.434384e+001
7.424663e+001	-9.029829e+001
7.422784e+001	-9.568097e+001
7.410332e+001	-1.051042e+002
7.403166e+001	-1.125075e+002
7.408337e+001	-1.151961e+002
7.436419e+001	-1.091300e+002
7.473311e+001	-9.969688e+001
7.476719e+001	-1.030595e+002
7.495989e+001	-1.003605e+002
7.545216e+001	-8.621324e+001
7.594446e+001	-7.206553e+001
7.615477e+001	-6.869350e+001
7.587164e+001	-8.417790e+001
7.565900e+001	-9.696872e+001
7.616892e+001	-8.214750e+001
7.644972e+001	-7.608188e+001
7.634282e+001	-8.483165e+001
7.646502e+001	-8.482671e+001
7.644623e+001	-9.020938e+001
7.632171e+001	-9.963266e+001
7.644391e+001	-9.962773e+001
7.698907e+001	-8.345993e+001
7.728751e+001	-7.672037e+001
7.709249e+001	-8.883768e+001
7.689746e+001	-1.009550e+002
7.689631e+001	-1.056642e+002
7.717712e+001	-9.959809e+001
7.749316e+001	-9.218545e+001
7.772111e+001	-8.813947e+001
7.789617e+001	-8.611445e+001
7.800075e+001	-8.678302e+001
7.777049e+001	-1.002469e+002
7.768122e+001	-1.083232e+002
7.792679e+001	-1.036041e+002
7.818997e+001	-9.821156e+001
7.845316e+001	-9.281901e+001
7.868110e+001	-8.877346e+001
7.897953e+001	-8.203389e+001
7.897836e+001	-8.674351e+001
7.904769e+001	-8.875865e+001
7.915227e+001	-8.942722e+001
7.927447e+001	-8.942227e+001
7.930856e+001	-9.278443e+001
7.914879e+001	-1.035547e+002
7.905950e+001	-1.116314e+002
7.900547e+001	-1.183611e+002
7.925104e+001	-1.136416e+002
7.947898e+001	-1.095961e+002
7.954831e+001	-1.116117e+002
7.974101e+001	-1.089127e+002
7.984558e+001	-1.095813e+002
7.993253e+001	-1.109233e+002
7.963178e+001	-1.270812e+002
7.956012e+001	-1.344845e+002
7.966471e+001	-1.351526e+002
7.991027e+001	-1.304335e+002
8.047305e+001	-1.135922e+002
8.073624e+001	-1.081997e+002
8.087605e+001	-1.075217e+002
8.080440e+001	-1.149244e+002
8.078562e+001	-1.203071e+002
8.127790e+001	-1.061598e+002
8.150584e+001	-1.021143e+002
8.131083e+001	-1.142312e+002
8.148589e+001	-1.122061e+002
8.137899e+001	-1.209559e+002
8.144832e+001	-1.229715e+002
8.157052e+001	-1.229666e+002
8.171035e+001	-1.222881e+002
8.183255e+001	-1.222832e+002
8.179614e+001	-1.283394e+002
8.168924e+001	-1.370891e+002
8.175857e+001	-1.391047e+002
8.198651e+001	-1.350587e+002
8.232019e+001	-1.269726e+002
8.265388e+001	-1.188860e+002
8.256459e+001	-1.269627e+002
8.266917e+001	-1.276313e+002
8.284424e+001	-1.256058e+002
8.289594e+001	-1.282949e+002
8.321200e+001	-1.208818e+002
8.351044e+001	-1.141423e+002
8.328017e+001	-1.276066e+002
8.297941e+001	-1.437645e+002
8.303113e+001	-1.464531e+002
8.345292e+001	-1.349995e+002
8.362799e+001	-1.329744e+002
8.369732e+001	-1.349896e+002
8.376665e+001	-1.370052e+002
8.397696e+001	-1.336331e+002
8.413441e+001	-1.322812e+002
8.422136e+001	-1.336233e+002
8.429070e+001	-1.356384e+002
8.434240e+001	-1.383275e+002
8.398879e+001	-1.565055e+002
8.358228e+001	-1.767044e+002
8.363400e+001	-1.793931e+002
8.417916e+001	-1.632253e+002
8.461857e+001	-1.510981e+002
8.477601e+001	-1.497466e+002
8.496871e+001	-1.470476e+002
8.530238e+001	-1.389615e+002
8.579467e+001	-1.248138e+002
8.584638e+001	-1.275029e+002
8.580997e+001	-1.335590e+002
8.565020e+001	-1.443293e+002
8.549043e+001	-1.550996e+002
8.540115e+001	-1.631759e+002
8.561147e+001	-1.598039e+002
8.594515e+001	-1.517173e+002
8.634932e+001	-1.409371e+002
8.638340e+001	-1.442997e+002
8.592405e+001	-1.665183e+002
8.608149e+001	-1.651668e+002
8.653853e+001	-1.523661e+002
8.685458e+001	-1.449534e+002
8.695917e+001	-1.456216e+002
8.711660e+001	-1.442701e+002
8.730930e+001	-1.415711e+002
8.734338e+001	-1.449337e+002
8.718361e+001	-1.557040e+002
8.730581e+001	-1.556990e+002
8.760425e+001	-1.489595e+002
8.769120e+001	-1.503015e+002
8.779578e+001	-1.509697e+002
8.825282e+001	-1.381694e+002
8.883323e+001	-1.206546e+002
8.971321e+001	-9.169152e+001
8.990592e+001	-8.899255e+001
8.967564e+001	-1.024569e+002
9.009744e+001	-9.100319e+001
9.048399e+001	-8.089653e+001
9.081767e+001	-7.280994e+001
9.101036e+001	-7.011119e+001
9.083298e+001	-8.155478e+001
9.049697e+001	-9.905969e+001
9.033720e+001	-1.098300e+002
9.056514e+001	-1.057845e+002
9.082832e+001	-1.003919e+002
9.114438e+001	-9.297882e+001
9.131944e+001	-9.095380e+001
9.158263e+001	-8.556125e+001
9.158147e+001	-9.027042e+001
9.149220e+001	-9.834667e+001
9.156152e+001	-1.003623e+002
9.193045e+001	-9.092910e+001
9.189404e+001	-9.698529e+001
9.176952e+001	-1.064086e+002
9.189172e+001	-1.064036e+002
9.224303e+001	-9.764353e+001
9.259433e+001	-8.888388e+001
9.269890e+001	-8.955245e+001
9.275062e+001	-9.224110e+001
9.241461e+001	-1.097460e+002
9.223722e+001	-1.211898e+002
9.262376e+001	-1.110832e+002
9.297506e+001	-1.023235e+002
9.300915e+001	-1.056857e+002
9.316660e+001	-1.043337e+002
9.335928e+001	-1.016352e+002
9.346386e+001	-1.023037e+002
9.360369e+001	-1.016253e+002
9.379639e+001	-9.892634e+001
9.404194e+001	-9.420729e+001
9.386455e+001	-1.056511e+002
9.361667e+001	-1.197885e+002
9.370362e+001	-1.211306e+002
9.421353e+001	-1.063098e+002
9.449434e+001	-1.002437e+002
9.481040e+001	-9.283064e+001
9.489735e+001	-9.417272e+001
9.498430e+001	-9.551479e+001
9.522986e+001	-9.079574e+001
9.540494e+001	-8.877028e+001
9.522754e+001	-1.002141e+002
9.492678e+001	-1.163720e+002
9.492562e+001	-1.210812e+002
9.508307e+001	-1.197292e+002
9.534626e+001	-1.143366e+002
9.564469e+001	-1.075971e+002
9.587264e+001	-1.035515e+002
9.625918e+001	-9.344488e+001
9.639901e+001	-9.276643e+001
9.687366e+001	-7.929267e+001
9.747169e+001	-6.110436e+001
9.794635e+001	-4.763060e+001
9.859725e+001	-2.742200e+001
9.910716e+001	-1.260122e+001
9.905313e+001	-1.933069e+001
9.887574e+001	-3.077449e+001
9.905080e+001	-2.874925e+001
9.901440e+001	-3.480521e+001
9.936570e+001	-2.604556e+001
9.975225e+001	-1.593868e+001
9.987445e+001	-1.593374e+001
9.971468e+001	-2.670403e+001
9.964302e+001	-3.410723e+001
9.997670e+001	-2.602087e+001
1.003456e+002	-1.658749e+001
1.003268e+002	-2.197017e+001
1.004490e+002	-2.196522e+001
1.003774e+002	-2.936820e+001
1.002000e+002	-4.081200e+001
1.001988e+002	-4.552117e+001
1.004268e+002	-4.147564e+001
1.007957e+002	-3.204225e+001
1.009884e+002	-2.934351e+001
1.007581e+002	-4.280760e+001
1.005631e+002	-5.492491e+001
1.008968e+002	-4.683855e+001
1.012657e+002	-3.740517e+001
1.015818e+002	-2.999232e+001
1.016511e+002	-3.200768e+001
1.019319e+002	-2.594184e+001
1.023361e+002	-1.516166e+001
1.022644e+002	-2.256465e+001
1.022633e+002	-2.727381e+001
1.022445e+002	-3.265649e+001
1.025782e+002	-2.457012e+001
1.028413e+002	-1.917757e+001
1.029283e+002	-2.051965e+001
1.028214e+002	-2.926941e+001
1.027674e+002	-3.599911e+001
1.032068e+002	-2.387192e+001
1.031528e+002	-3.060161e+001
1.031868e+002	-3.396399e+001
1.037672e+002	-1.644918e+001
1.037308e+002	-2.250537e+001
1.037473e+002	-2.654103e+001
1.040457e+002	-1.980168e+001
1.042032e+002	-1.844973e+001
1.041668e+002	-2.450591e+001
1.042185e+002	-2.719479e+001
1.045345e+002	-1.978193e+001
1.047977e+002	-1.438937e+001
1.045322e+002	-2.920026e+001
1.044782e+002	-3.592995e+001
1.045651e+002	-3.727181e+001
1.047754e+002	-3.389978e+001
1.047919e+002	-3.793544e+001
1.050198e+002	-3.388990e+001
1.052302e+002	-3.051765e+001
1.055462e+002	-2.310479e+001
1.061442e+002	-4.916478e+000
1.063193e+002	-2.891240e+000
1.061419e+002	-1.433504e+001
1.067223e+002	3.179753e+000
1.067388e+002	-8.561162e-001
1.065966e+002	-1.095291e+001
1.066660e+002	-1.296826e+001
1.066119e+002	-1.969796e+001
1.064169e+002	-3.181504e+001
1.062043e+002	-4.460586e+001
1.062560e+002	-4.729472e+001
1.066778e+002	-3.584105e+001
1.070820e+002	-2.506088e+001
1.073628e+002	-1.899482e+001
1.076788e+002	-1.158196e+001
1.079244e+002	-6.862910e+000
1.076060e+002	-2.369410e+001
1.072524e+002	-4.187254e+001
1.074627e+002	-3.850028e+001
1.077964e+002	-3.041392e+001
1.080243e+002	-2.636815e+001
1.081818e+002	-2.501642e+001
1.079515e+002	-3.848052e+001
1.081442e+002	-3.578178e+001
1.082664e+002	-3.577684e+001
1.084591e+002	-3.307809e+001
1.086165e+002	-3.172614e+001
1.085625e+002	-3.845583e+001
1.085437e+002	-4.383851e+001
1.089126e+002	-3.440512e+001
1.094930e+002	-1.689055e+001
1.096329e+002	-1.621210e+001
1.095260e+002	-2.496209e+001
1.091723e+002	-4.314030e+001
1.093298e+002	-4.178857e+001
1.102274e+002	-1.215174e+001
1.106844e+002	6.489443e-001
1.107362e+002	-2.039917e+000
1.107350e+002	-6.749306e+000
1.107162e+002	-1.213198e+001
1.106445e+002	-1.953496e+001
1.108020e+002	-1.818300e+001
1.111709e+002	-8.749846e+000
1.113284e+002	-7.397890e+000
1.111862e+002	-1.749490e+001
1.109912e+002	-2.961199e+001
1.110253e+002	-3.297436e+001
1.113413e+002	-2.556150e+001
1.114635e+002	-2.555657e+001
1.113390e+002	-3.497985e+001
1.115846e+002	-3.026080e+001
1.117420e+002	-2.890885e+001
1.118466e+002	-2.957741e+001
1.119512e+002	-3.024598e+001
1.121086e+002	-2.889402e+001
1.122485e+002	-2.821580e+001
1.125998e+002	-1.945593e+001
1.128101e+002	-1.608367e+001
1.125622e+002	-3.022128e+001
1.124553e+002	-3.897127e+001
1.125599e+002	-3.963961e+001
1.126116e+002	-4.232849e+001
1.129276e+002	-3.491563e+001
1.132789e+002	-2.615577e+001
1.135069e+002	-2.211023e+001
1.133471e+002	-3.288052e+001
1.133283e+002	-3.826319e+001
1.133272e+002	-4.297236e+001
1.134846e+002	-4.162063e+001
1.134834e+002	-4.632979e+001
1.135528e+002	-4.834516e+001
1.138512e+002	-4.160581e+001
1.141496e+002	-3.486625e+001
1.143423e+002	-3.216749e+001
1.144645e+002	-3.216255e+001
1.146748e+002	-2.879029e+001
1.147442e+002	-3.080588e+001
1.149897e+002	-2.608661e+001
1.150238e+002	-2.944899e+001
1.151460e+002	-2.944405e+001
1.154092e+002	-2.405150e+001
1.155843e+002	-2.202626e+001
1.157065e+002	-2.202131e+001
1.158815e+002	-1.999607e+001
1.156689e+002	-3.278666e+001
1.154915e+002	-4.423047e+001
1.155961e+002	-4.489882e+001
1.160531e+002	-3.209834e+001
1.162106e+002	-3.074661e+001
1.159979e+002	-4.353720e+001
1.161554e+002	-4.218525e+001
1.167887e+002	-2.265037e+001
1.171576e+002	-1.321699e+001
1.170331e+002	-2.264048e+001
1.169967e+002	-2.869645e+001
1.173127e+002	-2.128359e+001
1.174878e+002	-1.925835e+001
1.179624e+002	-5.784379e+000
1.182256e+002	-3.918220e-001
1.182245e+002	-5.100995e+000
1.179061e+002	-2.193240e+001
1.177463e+002	-3.270271e+001
1.179743e+002	-2.865694e+001
1.184489e+002	-1.518295e+001
1.186416e+002	-1.248421e+001
1.188696e+002	-8.438667e+000
1.190094e+002	-7.760221e+000
1.189553e+002	-1.448991e+001
1.187603e+002	-2.660700e+001
1.186887e+002	-3.400998e+001
1.188461e+002	-3.265824e+001
1.190741e+002	-2.861248e+001
1.189672e+002	-3.736247e+001
1.192832e+002	-2.994962e+001
1.197755e+002	-1.580213e+001
1.199858e+002	-1.242987e+001
1.200375e+002	-1.511874e+001
1.199659e+002	-2.252194e+001
1.202643e+002	-1.578238e+001
1.207390e+002	-2.308393e+000
1.207554e+002	-6.344283e+000
1.207014e+002	-1.307375e+001
1.206826e+002	-1.845643e+001
1.209106e+002	-1.441089e+001
1.208389e+002	-2.181386e+001
1.205910e+002	-3.595147e+001
1.210128e+002	-2.449779e+001
1.213465e+002	-1.641143e+001
1.214334e+002	-1.775328e+001
1.214499e+002	-2.178916e+001
1.214664e+002	-2.582483e+001
1.216943e+002	-2.177929e+001
1.217460e+002	-2.446816e+001
1.214276e+002	-4.129957e+001
1.217789e+002	-3.253970e+001
1.221655e+002	-2.243304e+001
1.219352e+002	-3.589714e+001
1.217754e+002	-4.666743e+001
1.219858e+002	-4.329517e+001
1.223371e+002	-3.453531e+001
1.227236e+002	-2.442864e+001
1.233393e+002	-5.567044e+000
1.236729e+002	2.519312e+000
1.234603e+002	-1.027128e+001
1.232300e+002	-2.373538e+001
1.234580e+002	-1.968983e+001
1.240208e+002	-2.848537e+000
1.242135e+002	-1.497895e-001
1.240008e+002	-1.294039e+001
1.235415e+002	-3.515942e+001
1.234874e+002	-4.188889e+001
1.237859e+002	-3.514954e+001
1.245072e+002	-1.224712e+001
1.246823e+002	-1.022188e+001
1.245049e+002	-2.166568e+001
1.240632e+002	-4.321120e+001
1.238858e+002	-5.465478e+001
1.242547e+002	-4.522163e+001
1.246060e+002	-3.646175e+001
1.250102e+002	-2.568159e+001
1.253086e+002	-1.894224e+001
1.258185e+002	-4.121245e+000
1.258174e+002	-8.830633e+000
1.256047e+002	-2.162122e+001
1.257269e+002	-2.161629e+001
1.257434e+002	-2.565195e+001
1.256189e+002	-3.507545e+001
1.253357e+002	-5.055985e+001
1.252288e+002	-5.930984e+001
1.255801e+002	-5.054997e+001
1.260548e+002	-3.707599e+001
1.263885e+002	-2.898962e+001
1.264225e+002	-3.235200e+001
1.264214e+002	-3.706118e+001
1.265788e+002	-3.570944e+001
1.266658e+002	-3.705129e+001
1.265941e+002	-4.445427e+001
1.269278e+002	-3.636791e+001
1.272439e+002	-2.895505e+001
1.274189e+002	-2.692981e+001
1.276469e+002	-2.288405e+001
1.278043e+002	-2.153232e+001
1.280851e+002	-1.546625e+001
1.282426e+002	-1.411452e+001
1.282943e+002	-1.680339e+001
1.283284e+002	-2.016555e+001
1.283801e+002	-2.285441e+001
1.288195e+002	-1.072745e+001
1.292413e+002	7.262206e-001
1.295397e+002	7.465569e+000
1.296443e+002	6.796998e+000
1.297313e+002	5.455144e+000
1.296949e+002	-6.010264e-001
1.294822e+002	-1.339163e+001
1.294458e+002	-1.944781e+001
1.293389e+002	-2.819757e+001
1.289677e+002	-4.704929e+001
1.289489e+002	-5.243197e+001
1.297760e+002	-2.548895e+001
1.301449e+002	-1.605579e+001
1.302319e+002	-1.739765e+001
1.301250e+002	-2.614764e+001
1.303353e+002	-2.277539e+001
1.306513e+002	-1.536253e+001
1.308440e+002	-1.266379e+001
1.307548e+002	-2.074027e+001
1.307007e+002	-2.746996e+001
1.305762e+002	-3.689324e+001
1.307160e+002	-3.621479e+001
1.310145e+002	-2.947544e+001
1.309076e+002	-3.822543e+001
1.307478e+002	-4.899550e+001
1.311520e+002	-3.821556e+001
1.314856e+002	-3.012919e+001
1.317312e+002	-2.540992e+001
1.319415e+002	-2.203789e+001
1.320990e+002	-2.068593e+001
1.322740e+002	-1.866069e+001
1.325372e+002	-1.326814e+001
1.325537e+002	-1.730380e+001
1.325349e+002	-2.268647e+001
1.328510e+002	-1.527363e+001
1.329027e+002	-1.796249e+001
1.326019e+002	-3.412040e+001
1.330413e+002	-2.199343e+001
1.333221e+002	-1.592737e+001
1.329685e+002	-3.410558e+001
1.325973e+002	-5.295729e+001
1.327371e+002	-5.227885e+001
1.333351e+002	-3.409076e+001
1.339508e+002	-1.522917e+001
1.344959e+002	9.386072e-001
1.349177e+002	1.239207e+001
1.346698e+002	-1.745307e+000
1.344396e+002	-1.520941e+001
1.344032e+002	-2.126560e+001
1.347192e+002	-1.385274e+001
1.349472e+002	-9.806975e+000
1.347698e+002	-2.125077e+001
1.349624e+002	-1.855203e+001
1.351199e+002	-1.720007e+001
1.350482e+002	-2.460327e+001
1.350471e+002	-2.931244e+001
1.352574e+002	-2.594019e+001
1.353267e+002	-2.795555e+001
1.353608e+002	-3.131792e+001
1.356592e+002	-2.457857e+001
1.359401e+002	-1.851252e+001
1.360270e+002	-1.985437e+001
1.364664e+002	-7.727403e+000
1.367472e+002	-1.661338e+000
1.368166e+002	-3.676701e+000
1.364277e+002	-2.320193e+001
1.363032e+002	-3.262543e+001
1.363901e+002	-3.396728e+001
1.370410e+002	-1.375890e+001
1.378505e+002	1.251061e+001
1.376026e+002	-1.626764e+000
1.369494e+002	-3.125371e+001
1.372655e+002	-2.384085e+001
1.377401e+002	-1.036688e+001
1.376156e+002	-1.979015e+001
1.376144e+002	-2.449955e+001
1.377543e+002	-2.382110e+001
1.379998e+002	-1.910206e+001
1.381220e+002	-1.909711e+001
1.381737e+002	-2.178598e+001
1.382783e+002	-2.245433e+001
1.383829e+002	-2.312290e+001
1.386637e+002	-1.705683e+001
1.386097e+002	-2.378652e+001
1.384675e+002	-3.388331e+001
1.386602e+002	-3.118457e+001
1.391173e+002	-1.838409e+001
1.392923e+002	-1.635885e+001
1.393617e+002	-1.837421e+001
1.392195e+002	-2.847099e+001
1.393946e+002	-2.644576e+001
1.394463e+002	-2.913463e+001
1.394275e+002	-3.451730e+001
1.397436e+002	-2.710444e+001
1.399010e+002	-2.575249e+001
1.400937e+002	-2.305374e+001
1.402335e+002	-2.237529e+001
1.403381e+002	-2.304387e+001
1.407775e+002	-1.091690e+001
1.411288e+002	-2.157033e+000
1.415154e+002	7.949624e+000
1.415847e+002	5.934260e+000
1.412663e+002	-1.089715e+001
1.408422e+002	-3.176916e+001
1.409115e+002	-3.378452e+001
1.413862e+002	-2.031054e+001
1.415789e+002	-1.761180e+001
1.414368e+002	-2.770858e+001
1.414003e+002	-3.376476e+001
1.417869e+002	-2.365810e+001
1.419972e+002	-2.028585e+001
1.419608e+002	-2.634203e+001
1.418891e+002	-3.374501e+001
1.417646e+002	-4.316851e+001
1.418692e+002	-4.383685e+001
1.421676e+002	-3.709751e+001
1.427657e+002	-1.890942e+001
1.430817e+002	-1.149634e+001
1.430629e+002	-1.687902e+001
1.429032e+002	-2.764931e+001
1.429196e+002	-3.168519e+001
1.431476e+002	-2.763943e+001
1.438337e+002	-6.084030e+000
1.443260e+002	8.063229e+000
1.441310e+002	-4.053844e+000
1.437774e+002	-2.223205e+001
1.437233e+002	-2.896175e+001
1.437045e+002	-3.434442e+001
1.438091e+002	-3.501300e+001
1.439313e+002	-3.500806e+001
1.443179e+002	-2.490117e+001
1.449159e+002	-6.713080e+000
1.451967e+002	-6.470144e-001
1.453365e+002	3.119589e-002
1.455116e+002	2.056660e+000
1.457572e+002	6.775708e+000
1.456502e+002	-1.974272e+000
1.453495e+002	-1.813218e+001
1.458594e+002	-3.311188e+000
1.462283e+002	6.121960e+000
1.459804e+002	-8.015639e+000
1.454858e+002	-3.158147e+001
1.454847e+002	-3.629063e+001
1.455540e+002	-3.830599e+001
1.457996e+002	-3.358695e+001
1.460099e+002	-3.021469e+001
1.460440e+002	-3.357707e+001
1.466420e+002	-1.538899e+001
1.470990e+002	-2.588509e+000
1.470098e+002	-1.066499e+001
1.467619e+002	-2.480238e+001
1.467431e+002	-3.018506e+001
1.473059e+002	-1.334399e+001
1.478158e+002	1.476995e+000
1.478499e+002	-1.885365e+000
1.475667e+002	-1.736977e+001
1.474070e+002	-2.814006e+001
1.478816e+002	-1.466608e+001
1.483210e+002	-2.539113e+000
1.481613e+002	-1.330941e+001
1.482658e+002	-1.397776e+001
1.482999e+002	-1.734013e+001
1.483869e+002	-1.868221e+001
1.485796e+002	-1.598346e+001
1.486313e+002	-1.867232e+001
1.488945e+002	-1.327978e+001
1.491400e+002	-8.560505e+000
1.492975e+002	-7.208775e+000
1.492434e+002	-1.393824e+001
1.492775e+002	-1.730062e+001
1.491706e+002	-2.605061e+001
1.489404e+002	-3.951471e+001
1.489392e+002	-4.422388e+001
1.487794e+002	-5.499417e+001
1.493422e+002	-3.815288e+001
1.497111e+002	-2.871972e+001
1.495866e+002	-3.814299e+001
1.497793e+002	-3.544425e+001
1.503597e+002	-1.792967e+001
1.505348e+002	-1.590443e+001
1.504103e+002	-2.532771e+001
1.506030e+002	-2.262896e+001
1.506899e+002	-2.397104e+001
1.507769e+002	-2.531289e+001
1.509872e+002	-2.194064e+001
1.514442e+002	-9.140159e+000
1.517603e+002	-1.727312e+000
1.519001e+002	-1.048866e+000
1.517227e+002	-1.249266e+001
1.518273e+002	-1.316123e+001
1.521962e+002	-3.727852e+000
1.524241e+002	3.176766e-001
1.524230e+002	-4.391475e+000
1.524571e+002	-7.753857e+000
1.524559e+002	-1.246303e+001
1.526839e+002	-8.417264e+000
1.528061e+002	-8.412327e+000
1.524172e+002	-2.793754e+001
1.522574e+002	-3.870784e+001
1.525030e+002	-3.398879e+001
1.530305e+002	-1.849451e+001
1.536109e+002	-9.797089e-001
1.536274e+002	-5.015599e+000
1.531151e+002	-2.925493e+001
1.529201e+002	-4.137201e+001
1.530599e+002	-4.069356e+001
1.534465e+002	-3.058689e+001
1.539388e+002	-1.643941e+001
1.539729e+002	-1.980179e+001
1.537602e+002	-3.259238e+001
1.537943e+002	-3.595475e+001
1.538108e+002	-3.999064e+001
1.539154e+002	-4.065899e+001
1.542138e+002	-3.391964e+001
1.544770e+002	-2.852709e+001
1.543877e+002	-3.660356e+001
1.546156e+002	-3.255781e+001
1.547907e+002	-3.053257e+001
1.550363e+002	-2.581352e+001
1.553523e+002	-1.840067e+001
1.553159e+002	-2.445662e+001
1.554205e+002	-2.512519e+001
1.558423e+002	-1.367152e+001
1.562288e+002	-3.564851e+000
1.562805e+002	-6.253723e+000
1.565085e+002	-2.208184e+000
1.566483e+002	-1.529738e+000
1.565943e+002	-8.259201e+000
1.564521e+002	-1.835621e+001
1.561866e+002	-3.316710e+001
1.565203e+002	-2.508074e+001
1.570126e+002	-1.093325e+001
1.571700e+002	-9.581520e+000
1.570984e+002	-1.698450e+001
1.567624e+002	-3.448942e+001
1.569727e+002	-3.111716e+001
1.574650e+002	-1.696968e+001
1.579396e+002	-3.495705e+000
1.582204e+002	2.570350e+000
1.578844e+002	-1.493457e+001
1.577423e+002	-2.503135e+001
1.580760e+002	-1.694498e+001
1.582158e+002	-1.626653e+001
1.582499e+002	-1.962892e+001
1.584073e+002	-1.827718e+001
1.585648e+002	-1.692522e+001
1.585460e+002	-2.230790e+001
1.587739e+002	-1.826236e+001
1.585965e+002	-2.970594e+001
1.583310e+002	-4.451706e+001
1.586118e+002	-3.845099e+001
1.588926e+002	-3.238494e+001
1.593497e+002	-1.958446e+001
1.594719e+002	-1.957952e+001
1.595765e+002	-2.024809e+001
1.595929e+002	-2.428375e+001
1.595213e+002	-3.168694e+001
1.594320e+002	-3.976344e+001
1.595894e+002	-3.841148e+001
1.596764e+002	-3.975355e+001
1.599220e+002	-3.503428e+001
1.600794e+002	-3.368256e+001
1.598668e+002	-4.647315e+001
1.596894e+002	-5.791695e+001
1.601288e+002	-4.578975e+001
1.609207e+002	-2.019376e+001
1.613425e+002	-8.740074e+000
1.612356e+002	-1.749006e+001
1.610934e+002	-2.758685e+001
1.610922e+002	-3.229602e+001
1.612321e+002	-3.161780e+001
1.616539e+002	-2.016412e+001
1.621109e+002	-7.363646e+000
1.620216e+002	-1.544013e+001
1.614037e+002	-4.372007e+001
1.616140e+002	-4.034781e+001
1.623706e+002	-1.609860e+001
1.628453e+002	-2.624622e+000
1.624035e+002	-2.417014e+001
1.619970e+002	-4.436888e+001
1.618020e+002	-5.648596e+001
1.616775e+002	-6.590946e+001
1.622755e+002	-4.772115e+001
1.626797e+002	-3.694120e+001
1.629429e+002	-3.154865e+001
1.632413e+002	-2.480908e+001
1.637160e+002	-1.133510e+001
1.638382e+002	-1.133015e+001
1.637665e+002	-1.873314e+001
1.637301e+002	-2.478932e+001
1.640638e+002	-1.670296e+001
1.644680e+002	-5.922784e+000
1.644316e+002	-1.197896e+001
1.643951e+002	-1.803515e+001
1.644645e+002	-2.005052e+001
1.648158e+002	-1.129064e+001
1.648499e+002	-1.465302e+001
1.647606e+002	-2.272950e+001
1.650061e+002	-1.801046e+001
1.648816e+002	-2.743373e+001
1.648628e+002	-3.281641e+001
1.649322e+002	-3.483177e+001
1.653363e+002	-2.405160e+001
1.654585e+002	-2.404666e+001
1.652812e+002	-3.549046e+001
1.652447e+002	-4.154664e+001
1.653317e+002	-4.288849e+001
1.657711e+002	-3.076154e+001
1.659638e+002	-2.806279e+001
1.664561e+002	-1.391530e+001
1.664726e+002	-1.795119e+001
1.662247e+002	-3.208857e+001
1.663469e+002	-3.208363e+001
1.663281e+002	-3.746630e+001
1.662740e+002	-4.419600e+001
1.665372e+002	-3.880345e+001
1.670471e+002	-2.398245e+001
1.676452e+002	-5.794356e+000
1.679612e+002	1.618480e+000
1.675900e+002	-1.723322e+001
1.675183e+002	-2.463620e+001
1.674819e+002	-3.069238e+001
1.675160e+002	-3.405476e+001
1.674796e+002	-4.011072e+001
1.675137e+002	-4.347310e+001
1.675654e+002	-4.616197e+001
1.677933e+002	-4.211643e+001
1.681094e+002	-3.470335e+001
1.685312e+002	-2.324989e+001
1.686886e+002	-2.189793e+001
1.686170e+002	-2.930092e+001
1.688625e+002	-2.458187e+001
1.689847e+002	-2.457693e+001
1.689483e+002	-3.063311e+001
1.692291e+002	-2.456704e+001
1.694747e+002	-1.984800e+001
1.694559e+002	-2.523068e+001
1.694371e+002	-3.061335e+001
1.696474e+002	-2.724109e+001
1.697873e+002	-2.656265e+001
1.699271e+002	-2.588443e+001
1.703665e+002	-1.375724e+001
1.708764e+002	1.063524e+000
1.705933e+002	-1.442087e+001
1.704864e+002	-2.317087e+001
1.703090e+002	-3.461444e+001
1.703607e+002	-3.730331e+001
1.706768e+002	-2.989045e+001
1.710809e+002	-1.911028e+001
1.712031e+002	-1.910534e+001
1.713077e+002	-1.977391e+001
1.714299e+002	-1.976897e+001
1.713054e+002	-2.919225e+001
1.714628e+002	-2.784052e+001
1.719551e+002	-1.369303e+001
1.722888e+002	-5.606668e+000
1.720585e+002	-1.907077e+001
1.720045e+002	-2.580046e+001
1.721443e+002	-2.512201e+001
1.723546e+002	-2.174975e+001
1.729879e+002	-2.214651e+000
1.731806e+002	4.840854e-001
1.727565e+002	-2.038815e+001
1.728787e+002	-2.038320e+001
1.732476e+002	-1.094983e+001
1.729645e+002	-2.643423e+001
1.729986e+002	-2.979660e+001
1.733499e+002	-2.103673e+001
1.735602e+002	-1.766470e+001
1.739291e+002	-8.231321e+000
1.739279e+002	-1.294049e+001
1.737682e+002	-2.371079e+001
1.740137e+002	-1.899174e+001
1.740654e+002	-2.168061e+001
1.742405e+002	-1.965537e+001
1.744861e+002	-1.493632e+001
1.743439e+002	-2.503310e+001
1.742194e+002	-3.445638e+001
1.739363e+002	-4.994078e+001
1.741466e+002	-4.656875e+001
1.749913e+002	-1.895223e+001
1.755013e+002	-4.131448e+000
1.759759e+002	9.342516e+000
1.761334e+002	1.069447e+001
1.762379e+002	1.002590e+001
1.762720e+002	6.663530e+000
1.760594e+002	-6.127051e+000
1.760230e+002	-1.218324e+001
1.760747e+002	-1.487210e+001
1.760911e+002	-1.890777e+001
1.759843e+002	-2.765776e+001
1.763532e+002	-1.822438e+001
1.768278e+002	-4.750398e+000
1.770381e+002	-1.378368e+000
1.770546e+002	-5.414032e+000
1.772297e+002	-3.388793e+000
1.769289e+002	-1.954670e+001
1.767515e+002	-3.099050e+001
1.772262e+002	-1.751652e+001
1.774541e+002	-1.347076e+001
1.775235e+002	-1.548612e+001
1.774342e+002	-2.356261e+001
1.777326e+002	-1.682326e+001
1.780663e+002	-8.736891e+000
1.781885e+002	-8.731954e+000
1.782402e+002	-1.142083e+001
1.782743e+002	-1.478320e+001
1.783436e+002	-1.679856e+001
1.781662e+002	-2.824236e+001
1.781298e+002	-3.429832e+001
1.783578e+002	-3.025279e+001
1.786738e+002	-2.283993e+001
1.791132e+002	-1.071274e+001
1.792354e+002	-1.070780e+001
1.790580e+002	-2.215159e+001
1.790216e+002	-2.820779e+001
1.794611e+002	-1.608059e+001
1.796714e+002	-1.270835e+001
1.795116e+002	-2.347864e+001
1.793518e+002	-3.424893e+001
1.795974e+002	-2.952988e+001
1.797020e+002	-3.019845e+001
1.798242e+002	-3.019350e+001
1.801755e+002	-2.143364e+001
1.800862e+002	-2.951012e+001
1.798207e+002	-4.432124e+001
1.800310e+002	-4.094898e+001
1.806114e+002	-2.343418e+001
1.806631e+002	-2.612305e+001
1.808206e+002	-2.477132e+001
1.808899e+002	-2.678667e+001
1.813293e+002	-1.465972e+001
1.814515e+002	-1.465478e+001
1.815913e+002	-1.397633e+001
1.817488e+002	-1.262438e+001
1.819062e+002	-1.127264e+001
1.820989e+002	-8.573891e+000
1.819039e+002	-2.069098e+001
1.815855e+002	-3.752239e+001
1.819016e+002	-3.010954e+001
1.823058e+002	-1.932937e+001
1.824632e+002	-1.797741e+001
1.822682e+002	-3.009472e+001
1.821613e+002	-3.884471e+001
1.823540e+002	-3.614596e+001
1.830577e+002	-1.391705e+001
1.835148e+002	-1.116585e+000
1.831611e+002	-1.929479e+001
1.830190e+002	-2.939158e+001
1.831765e+002	-2.803985e+001
1.832458e+002	-3.005521e+001
1.833504e+002	-3.072377e+001
1.832258e+002	-4.014706e+001
1.833128e+002	-4.148912e+001
1.836112e+002	-3.474956e+001
1.838744e+002	-2.935700e+001
1.838909e+002	-3.339288e+001
1.842774e+002	-2.328600e+001
1.845935e+002	-1.587314e+001
1.849272e+002	-7.786777e+000
1.848555e+002	-1.518976e+001
1.849072e+002	-1.787863e+001
1.852761e+002	-8.445473e+000
1.854512e+002	-6.420235e+000
1.856087e+002	-5.068280e+000
1.859952e+002	5.038377e+000
1.863817e+002	1.514504e+001
1.865568e+002	1.717028e+001
1.865028e+002	1.044081e+001
1.860963e+002	-9.757692e+000
1.857779e+002	-2.658910e+001
1.857415e+002	-3.264529e+001
1.861104e+002	-2.321191e+001
1.863560e+002	-1.849286e+001
1.866720e+002	-1.108001e+001
1.868471e+002	-9.054763e+000
1.866521e+002	-2.117186e+001
1.868800e+002	-1.712632e+001
1.868965e+002	-2.116197e+001
1.870892e+002	-1.846322e+001
1.869118e+002	-2.990702e+001
1.871045e+002	-2.720828e+001
1.875263e+002	-1.575460e+001
1.875428e+002	-1.979048e+001
1.875416e+002	-2.449965e+001
1.879634e+002	-1.304598e+001
1.883852e+002	-1.592294e+000
1.881549e+002	-1.505639e+001
1.881009e+002	-2.178608e+001
1.884169e+002	-1.437324e+001
1.888211e+002	-3.593060e+000
1.888023e+002	-8.975742e+000
1.892065e+002	1.804424e+000
1.894344e+002	5.850189e+000
1.895038e+002	3.834826e+000
1.897493e+002	8.553874e+000
1.898010e+002	5.865002e+000
1.898175e+002	1.829122e+000
1.898692e+002	-8.597398e-001
1.897271e+002	-1.095652e+001
1.899902e+002	-5.563965e+000
1.901301e+002	-4.885518e+000
1.900232e+002	-1.363551e+001
1.901982e+002	-1.161027e+001
1.906376e+002	5.169033e-001
1.906717e+002	-2.845467e+000
1.907411e+002	-4.860821e+000
1.909514e+002	-1.488564e+000
1.908269e+002	-1.091207e+001
1.909491e+002	-1.090713e+001
1.912475e+002	-4.167561e+000
1.914402e+002	-1.468814e+000
1.914919e+002	-4.157676e+000
1.917551e+002	1.234860e+000
1.917539e+002	-3.474518e+000
1.919114e+002	-2.122563e+000
1.919807e+002	-4.137926e+000
1.922439e+002	1.254621e+000
1.926657e+002	1.270808e+001
1.928760e+002	1.608033e+001
1.927162e+002	5.310045e+000
1.926093e+002	-3.439945e+000
1.924143e+002	-1.555703e+001
1.924308e+002	-1.959291e+001
1.925354e+002	-2.026125e+001
1.924989e+002	-2.631744e+001
1.927445e+002	-2.159839e+001
1.929548e+002	-1.822614e+001
1.929537e+002	-2.293531e+001
1.932697e+002	-1.552245e+001
1.933919e+002	-1.551752e+001
1.936022e+002	-1.214526e+001
1.937949e+002	-9.446513e+000
1.939876e+002	-6.747766e+000
1.944799e+002	7.399492e+000
1.944435e+002	1.343528e+000
1.944600e+002	-2.692342e+000
1.947760e+002	4.720506e+000
1.948453e+002	2.705142e+000
1.946327e+002	-1.008544e+001
1.947020e+002	-1.210080e+001
1.953529e+002	8.107575e+000
1.956161e+002	1.350013e+001
1.952272e+002	-6.025087e+000
1.954376e+002	-2.652831e+000
1.957360e+002	4.086733e+000
1.956643e+002	-3.316455e+000
1.954164e+002	-1.745385e+001
1.955915e+002	-1.542860e+001
1.956961e+002	-1.609717e+001
1.957126e+002	-2.013283e+001
1.961520e+002	-8.005867e+000
1.966266e+002	5.468098e+000
1.967665e+002	6.146545e+000
1.965891e+002	-5.297244e+000
1.963412e+002	-1.943485e+001
1.966925e+002	-1.067498e+001
1.969733e+002	-4.608913e+000
1.967959e+002	-1.605271e+001
1.964423e+002	-3.423092e+001
1.968288e+002	-2.412427e+001
1.975326e+002	-1.895353e+000
1.976019e+002	-3.910716e+000
1.975655e+002	-9.966896e+000
1.976525e+002	-1.130898e+001
1.980214e+002	-1.875593e+000
1.981965e+002	1.496356e-001
1.981953e+002	-4.559527e+000
1.981765e+002	-9.942198e+000
1.979286e+002	-2.407981e+001
1.983152e+002	-1.397314e+001
1.988956e+002	3.541652e+000
1.988415e+002	-3.188037e+000
1.988051e+002	-9.243991e+000
1.989802e+002	-7.218753e+000
1.989967e+002	-1.125464e+001
1.989074e+002	-1.933112e+001
1.992587e+002	-1.057126e+001
1.998038e+002	5.596526e+000
1.999613e+002	6.948481e+000
1.998368e+002	-2.475007e+000
1.998180e+002	-7.857688e+000
1.995877e+002	-2.132179e+001
1.993046e+002	-3.680619e+001
1.994268e+002	-3.680125e+001
1.998133e+002	-2.669459e+001
2.001118e+002	-1.995502e+001
1.998815e+002	-3.341912e+001
2.000037e+002	-3.341417e+001
2.000554e+002	-3.610304e+001
2.001952e+002	-3.542483e+001
2.005994e+002	-2.464465e+001
2.007921e+002	-2.194590e+001
2.010553e+002	-1.655335e+001
2.013537e+002	-9.813781e+000
2.015993e+002	-5.094733e+000
2.016158e+002	-9.130387e+000
2.015441e+002	-1.653360e+001
2.018073e+002	-1.114104e+001
2.022115e+002	-3.608622e-001
2.021398e+002	-7.763844e+000
2.019977e+002	-1.786063e+001
2.023666e+002	-8.427468e+000
2.026121e+002	-3.708194e+000
2.025934e+002	-9.090876e+000
2.028389e+002	-4.371828e+000
2.035956e+002	1.987738e+001
2.038235e+002	2.392291e+001
2.033994e+002	3.050894e+000
2.031162e+002	-1.243350e+001
2.032208e+002	-1.310207e+001
2.035721e+002	-4.342192e+000
2.036238e+002	-7.031065e+000
2.035698e+002	-1.376075e+001
2.037801e+002	-1.038850e+001
2.039552e+002	-8.363260e+000
2.043065e+002	3.966056e-001
2.049045e+002	1.858469e+001
2.052734e+002	2.801807e+001
2.050784e+002	1.590076e+001
2.052711e+002	1.859950e+001
2.053757e+002	1.793094e+001
2.052512e+002	8.507660e+000
2.051795e+002	1.104688e+000
2.052841e+002	4.361163e-001
2.056706e+002	1.054278e+001
2.055285e+002	4.459914e-001
2.052101e+002	-1.638541e+001
2.052089e+002	-2.109458e+001
2.052254e+002	-2.513024e+001
2.054181e+002	-2.243150e+001
2.055932e+002	-2.040626e+001
2.057154e+002	-2.040131e+001
2.060491e+002	-1.231495e+001
2.065061e+002	4.855123e-001
2.065754e+002	-1.529841e+000
2.064509e+002	-1.095334e+001
2.065202e+002	-1.296870e+001
2.064838e+002	-1.902488e+001
2.067118e+002	-1.497912e+001
2.069221e+002	-1.160687e+001
2.067271e+002	-2.372417e+001
2.064616e+002	-3.853507e+001
2.065838e+002	-3.853012e+001
2.072523e+002	-1.764823e+001
2.079737e+002	5.253956e+000
2.078844e+002	-2.822525e+000
2.075836e+002	-1.898043e+001
2.077939e+002	-1.560818e+001
2.079161e+002	-1.560324e+001
2.079150e+002	-2.031240e+001
2.082839e+002	-1.087925e+001
2.085295e+002	-6.159982e+000
2.088455e+002	1.252865e+000
2.091263e+002	7.318931e+000
2.090547e+002	-8.425662e-002
2.087539e+002	-1.624217e+001
2.089642e+002	-1.286991e+001
2.092979e+002	-4.783554e+000
2.089971e+002	-2.094146e+001
2.087493e+002	-3.507907e+001
2.091182e+002	-2.564569e+001
2.095576e+002	-1.351872e+001
2.096798e+002	-1.351378e+001
2.096081e+002	-2.091677e+001
2.095893e+002	-2.629944e+001
2.096939e+002	-2.696801e+001
2.094989e+002	-3.908509e+001
2.097092e+002	-3.571284e+001
2.103425e+002	-1.617796e+001
2.105528e+002	-1.280570e+001
2.103402e+002	-2.559629e+001
2.103038e+002	-3.165248e+001
2.106727e+002	-2.221910e+001
2.109711e+002	-1.547975e+001
2.111814e+002	-1.210751e+001
2.114798e+002	-5.368156e+000
2.116902e+002	-1.995900e+000
2.117771e+002	-3.337755e+000
2.117055e+002	-1.074095e+001
2.117572e+002	-1.342981e+001
2.116855e+002	-2.083280e+001
2.117020e+002	-2.486846e+001
2.121766e+002	-1.139447e+001
2.120345e+002	-2.149148e+001
2.115927e+002	-4.303701e+001
2.115387e+002	-4.976648e+001
2.119076e+002	-4.033333e+001
2.123118e+002	-2.955315e+001
2.128393e+002	-1.405865e+001
2.131201e+002	-7.992810e+000
2.132071e+002	-9.334664e+000
2.135584e+002	-5.747886e-001
2.140331e+002	1.289895e+001
2.139614e+002	5.495978e+000
2.134668e+002	-1.806984e+001
2.134128e+002	-2.479930e+001
2.136759e+002	-1.940675e+001
2.137981e+002	-1.940181e+001
2.140437e+002	-1.468276e+001
2.141483e+002	-1.535133e+001
2.139709e+002	-2.679513e+001
2.142341e+002	-2.140258e+001
2.144091e+002	-1.937711e+001
2.143375e+002	-2.678032e+001
2.144949e+002	-2.542836e+001
2.149520e+002	-1.262789e+001
2.151094e+002	-1.127593e+001
2.154078e+002	-4.536584e+000
2.155829e+002	-2.511346e+000
2.153703e+002	-1.530194e+001
2.155277e+002	-1.394998e+001
2.160200e+002	1.972660e-001
2.161598e+002	8.757124e-001
2.158590e+002	-1.528219e+001
2.158403e+002	-2.066486e+001
2.158567e+002	-2.470052e+001
2.162433e+002	-1.459386e+001
2.166475e+002	-3.813690e+000
2.170164e+002	5.619458e+000
2.173677e+002	1.437933e+001
2.172960e+002	6.976351e+000
2.173477e+002	4.287479e+000
2.171879e+002	-6.482801e+000
2.170987e+002	-1.455928e+001
2.171151e+002	-1.859517e+001
2.169730e+002	-2.869195e+001
2.172538e+002	-2.262589e+001
2.175346e+002	-1.655982e+001
2.173748e+002	-2.733012e+001
2.174618e+002	-2.867219e+001
2.173901e+002	-3.607517e+001
2.173890e+002	-4.078434e+001
2.177050e+002	-3.337148e+001
2.181444e+002	-2.124452e+001
2.184252e+002	-1.517846e+001
2.187941e+002	-5.745084e+000
2.191631e+002	3.688064e+000
2.189504e+002	-9.102516e+000
2.188788e+002	-1.650550e+001
2.190715e+002	-1.380675e+001
2.190527e+002	-1.918942e+001
2.188753e+002	-3.063322e+001
2.191737e+002	-2.389387e+001
2.197013e+002	-8.399372e+000
2.197529e+002	-1.108824e+001
2.196813e+002	-1.849144e+001
2.199973e+002	-1.107837e+001
2.204720e+002	2.395606e+000
2.206471e+002	4.420844e+000
2.206107e+002	-1.635326e+000
2.203452e+002	-1.644623e+001
2.201325e+002	-2.923704e+001
2.203076e+002	-2.721158e+001
2.208351e+002	-1.171729e+001
2.210278e+002	-9.018547e+000
2.211324e+002	-9.687119e+000
2.214661e+002	-1.600753e+000
2.216588e+002	1.097984e+000
2.220453e+002	1.120464e+001
2.224319e+002	2.131131e+001
2.223073e+002	1.188804e+001
2.219008e+002	-8.310465e+000
2.217234e+002	-1.975426e+001
2.215108e+002	-3.254486e+001
2.217387e+002	-2.849932e+001
2.218433e+002	-2.916789e+001
2.217012e+002	-3.926467e+001
2.216824e+002	-4.464735e+001
2.219456e+002	-3.925479e+001
2.225612e+002	-2.039320e+001
2.233002e+002	3.182494e+000
2.236868e+002	1.328916e+001
2.237032e+002	9.253497e+000
2.235435e+002	-1.516783e+000
2.232427e+002	-1.767469e+001
2.234354e+002	-1.497595e+001
2.237338e+002	-8.236382e+000
2.238384e+002	-8.904943e+000
2.237844e+002	-1.563464e+001
2.242238e+002	-3.507448e+000
2.243812e+002	-2.155719e+000
2.241862e+002	-1.427280e+001
2.241146e+002	-2.167578e+001
2.242544e+002	-2.099755e+001
2.244295e+002	-1.897210e+001
2.245517e+002	-1.896715e+001
2.248677e+002	-1.155430e+001
2.249899e+002	-1.154936e+001
2.249182e+002	-1.895234e+001
2.248466e+002	-2.635554e+001
2.247926e+002	-3.308501e+001
2.249500e+002	-3.173327e+001
2.254247e+002	-1.825930e+001
2.258817e+002	-5.458603e+000
2.261625e+002	6.072266e-001
2.261085e+002	-6.122226e+000
2.259135e+002	-1.823953e+001
2.256832e+002	-3.170364e+001
2.256468e+002	-3.775960e+001
2.259628e+002	-3.034674e+001
2.263317e+002	-2.091359e+001
2.266478e+002	-1.350051e+001
2.266466e+002	-1.820990e+001
2.268393e+002	-1.551115e+001
2.272083e+002	-6.077778e+000
2.273657e+002	-4.726049e+000
2.271883e+002	-1.616962e+001
2.268876e+002	-3.232753e+001
2.270803e+002	-2.962879e+001
2.271320e+002	-3.231766e+001
2.274480e+002	-2.490480e+001
2.276583e+002	-2.153254e+001
2.277100e+002	-2.422140e+001
2.278322e+002	-2.421647e+001
2.283774e+002	-8.048683e+000
2.287111e+002	3.767322e-002
2.288685e+002	1.389403e+000
2.289379e+002	-6.259502e-001
2.291482e+002	2.746295e+000
2.290237e+002	-6.677193e+000
2.288639e+002	-1.744748e+001
2.290566e+002	-1.474874e+001
2.294255e+002	-5.315363e+000
2.294596e+002	-8.677733e+000
2.295465e+002	-1.001981e+001
2.297040e+002	-8.667858e+000
2.296499e+002	-1.539755e+001
2.294902e+002	-2.616785e+001
2.297533e+002	-2.077529e+001
2.305628e+002	5.494439e+000
2.306322e+002	3.478850e+000
2.304548e+002	-7.964714e+000
2.303831e+002	-1.536791e+001
2.307697e+002	-5.261029e+000
2.312091e+002	6.865928e+000
2.312784e+002	4.850565e+000
2.308719e+002	-1.534816e+001
2.309060e+002	-1.871032e+001
2.317155e+002	7.559188e+000
2.318201e+002	6.890627e+000
2.318718e+002	4.201754e+000
2.320469e+002	6.226993e+000
2.322572e+002	9.599248e+000
2.322913e+002	6.236868e+000
2.326073e+002	1.364973e+001
2.326767e+002	1.163436e+001
2.322525e+002	-9.237638e+000
2.320223e+002	-2.270174e+001
2.320916e+002	-2.471710e+001
2.321962e+002	-2.538567e+001
2.321422e+002	-3.211513e+001
2.323701e+002	-2.806960e+001
2.328624e+002	-1.392211e+001
2.330551e+002	-1.122337e+001
2.331420e+002	-1.256545e+001
2.330351e+002	-2.131521e+001
2.330516e+002	-2.535110e+001
2.328742e+002	-3.679490e+001
2.325382e+002	-5.429960e+001
2.326075e+002	-5.631496e+001
2.331350e+002	-4.082068e+001
2.331339e+002	-4.552985e+001
2.333266e+002	-4.283110e+001
2.335721e+002	-3.811206e+001
2.338882e+002	-3.069920e+001
2.340280e+002	-3.002075e+001
2.342383e+002	-2.664849e+001
2.345015e+002	-2.125594e+001
2.346413e+002	-2.057772e+001
2.349398e+002	-1.383814e+001
2.351148e+002	-1.181290e+001
2.350256e+002	-1.988939e+001
2.350068e+002	-2.527207e+001
2.352347e+002	-2.122630e+001
2.353922e+002	-1.987457e+001
2.353558e+002	-2.593075e+001
2.354780e+002	-2.592582e+001
2.356706e+002	-2.322707e+001
2.357576e+002	-2.456892e+001
2.360384e+002	-1.850286e+001
2.363016e+002	-1.311030e+001
2.368644e+002	3.730757e+000
2.375329e+002	2.461265e+001
2.373908e+002	1.451587e+001
2.369490e+002	-7.029648e+000
2.368069e+002	-1.712643e+001
2.369467e+002	-1.644798e+001
2.372275e+002	-1.038192e+001
2.375788e+002	-1.622279e+000
