    nm         	pN
0.000000e+000	5.176639e+002
1.042860e-001	5.167823e+002
1.020306e-001	5.106197e+002
8.201131e-002	5.035766e+002
-9.041544e-003	4.930126e+002
-1.129801e-002	4.868499e+002
-1.355336e-002	4.806874e+002
5.521586e-002	4.780453e+002
-3.123865e-004	4.692421e+002
-7.361078e-002	4.595581e+002
-4.035048e-002	4.551560e+002
-7.098024e-003	4.507535e+002
2.616283e-002	4.463513e+002
6.144066e-003	4.393083e+002
3.940436e-002	4.349061e+002
1.938560e-002	4.278631e+002
1.712969e-002	4.217005e+002
5.038158e-002	4.172979e+002
1.013969e-001	4.137758e+002
1.346578e-001	4.093737e+002
1.324019e-001	4.032111e+002
2.189339e-001	4.014495e+002
1.989146e-001	3.944065e+002
1.611330e-001	3.864829e+002
1.766399e-001	3.812008e+002
1.743745e-001	3.750377e+002
4.781329e-002	3.627136e+002
4.554843e-002	3.565506e+002
1.498434e-001	3.556694e+002
2.008587e-001	3.521474e+002
1.453226e-001	3.433438e+002
5.426919e-002	3.327797e+002
3.424986e-002	3.257366e+002
8.526461e-002	3.222145e+002
8.300927e-002	3.160520e+002
6.298995e-002	3.090089e+002
6.073404e-002	3.028463e+002
1.117494e-001	2.993242e+002
2.069594e-002	2.887601e+002
-8.811137e-002	2.773160e+002
-9.036784e-002	2.711534e+002
-5.711482e-002	2.667509e+002
-7.713415e-002	2.597078e+002
-7.939061e-002	2.535452e+002
-4.612920e-002	2.491431e+002
-4.839406e-002	2.429801e+002
-3.289663e-002	2.376974e+002
1.812709e-002	2.341758e+002
1.046597e-001	2.324142e+002
1.023949e-001	2.262512e+002
6.462163e-002	2.183281e+002
4.460231e-002	2.112850e+002
-1.093378e-002	2.024814e+002
2.232764e-002	1.980793e+002
2.007117e-002	1.919167e+002
-1.771102e-002	1.839932e+002
-2.213023e-003	1.787106e+002
3.104783e-002	1.743085e+002
-4.224216e-002	1.646249e+002
-6.226149e-002	1.575818e+002
-4.676293e-002	1.522992e+002
2.200629e-002	1.496572e+002
3.751268e-002	1.443750e+002
-5.354017e-002	1.338109e+002
-3.804217e-002	1.285284e+002
4.848991e-002	1.267668e+002
6.398791e-002	1.214842e+002
1.150032e-001	1.179621e+002
4.146375e-001	1.267635e+002
6.077205e-001	1.302834e+002
5.877017e-001	1.232403e+002
6.742338e-001	1.214787e+002
7.607664e-001	1.197172e+002
8.295446e-001	1.170756e+002
8.805594e-001	1.135535e+002
9.138113e-001	1.091509e+002
9.115554e-001	1.029883e+002
8.382654e-001	9.330472e+001
8.004922e-001	8.538161e+001
7.982267e-001	7.921856e+001
6.894194e-001	6.777446e+001
8.292227e-001	6.865340e+001
9.335183e-001	6.777229e+001
9.312617e-001	6.160968e+001
9.822770e-001	5.808759e+001
1.051046e+000	5.544554e+001
1.119824e+000	5.280393e+001
1.028772e+000	4.223985e+001
9.554805e-001	3.255626e+001
8.999444e-001	2.375268e+001
8.621723e-001	1.582959e+001
8.421530e-001	8.786513e+000
1.088507e+000	1.494693e+001
1.210556e+000	1.494584e+001
1.368123e+000	1.670524e+001
1.383621e+000	1.142267e+001
1.328084e+000	2.619095e+000
1.272558e+000	-6.184023e+000
1.217021e+000	-1.498760e+001
1.179249e+000	-2.291069e+001
1.301298e+000	-2.291178e+001
1.636440e+000	-1.235034e+001
1.811770e+000	-9.710463e+000
1.738470e+000	-1.939452e+001
1.647426e+000	-2.995813e+001
1.733958e+000	-3.171972e+001
1.820490e+000	-3.348131e+001
1.800472e+000	-4.052438e+001
1.851486e+000	-4.404647e+001
1.849231e+000	-5.020908e+001
2.006796e+000	-4.844967e+001
2.128846e+000	-4.845076e+001
2.339684e+000	-4.405084e+001
2.390699e+000	-4.757291e+001
2.246374e+000	-6.077751e+001
2.137567e+000	-7.222160e+001
2.082030e+000	-8.102517e+001
2.257351e+000	-7.838574e+001
2.521468e+000	-7.134485e+001
2.590246e+000	-7.398647e+001
2.587982e+000	-8.014951e+001
2.603488e+000	-8.543165e+001
2.903114e+000	-7.663069e+001
3.238266e+000	-6.606881e+001
3.431349e+000	-6.254892e+001
3.642187e+000	-5.814898e+001
3.657684e+000	-6.343157e+001
3.566640e+000	-7.399518e+001
3.440070e+000	-8.631976e+001
3.260229e+000	-1.012848e+002
3.435549e+000	-9.864541e+001
3.486564e+000	-1.021675e+002
3.502072e+000	-1.074496e+002
3.641874e+000	-1.065707e+002
3.728406e+000	-1.083323e+002
3.743905e+000	-1.136149e+002
4.008022e+000	-1.065740e+002
3.916969e+000	-1.171380e+002
3.630576e+000	-1.373846e+002
3.681592e+000	-1.409067e+002
3.785887e+000	-1.417878e+002
3.783621e+000	-1.479509e+002
3.958951e+000	-1.453110e+002
4.134272e+000	-1.426716e+002
4.185285e+000	-1.461936e+002
4.076479e+000	-1.576377e+002
4.038706e+000	-1.655608e+002
4.196272e+000	-1.638014e+002
4.442627e+000	-1.576410e+002
4.653473e+000	-1.532406e+002
4.775523e+000	-1.532417e+002
4.826537e+000	-1.567638e+002
4.788756e+000	-1.646873e+002
4.964084e+000	-1.620475e+002
5.086133e+000	-1.620486e+002
4.959564e+000	-1.743731e+002
4.850756e+000	-1.858172e+002
4.777466e+000	-1.955008e+002
4.881752e+000	-1.963824e+002
5.199141e+000	-1.867010e+002
5.427741e+000	-1.814206e+002
5.638587e+000	-1.770202e+002
5.902697e+000	-1.699798e+002
5.740618e+000	-1.840644e+002
5.756116e+000	-1.893470e+002
5.558511e+000	-2.051925e+002
5.556255e+000	-2.113551e+002
5.642788e+000	-2.131167e+002
5.551734e+000	-2.236808e+002
5.638266e+000	-2.254424e+002
5.920147e+000	-2.175210e+002
6.592697e+000	-1.902351e+002
7.087680e+000	-1.717507e+002
7.387306e+000	-1.629498e+002
7.704704e+000	-1.532679e+002
8.128644e+000	-1.383050e+002
9.067576e+000	-9.781513e+001
9.917712e+000	-6.172673e+001
1.012856e+001	-5.732635e+001
1.019733e+001	-5.996841e+001
1.019507e+001	-6.613101e+001
1.040591e+001	-6.173108e+001
1.035038e+001	-7.053421e+001
1.043691e+001	-7.229579e+001
1.059448e+001	-7.053640e+001
1.068101e+001	-7.229799e+001
1.117599e+001	-5.381408e+001
1.151114e+001	-4.325220e+001
1.157991e+001	-4.589426e+001
1.132903e+001	-6.438033e+001
1.111367e+001	-8.110591e+001
1.134227e+001	-7.582551e+001
1.178397e+001	-5.998259e+001
1.203033e+001	-5.382172e+001
1.243651e+001	-3.973928e+001
1.303803e+001	-1.597391e+001
1.342647e+001	-2.771058e+000
1.301576e+001	-2.917959e+001
1.288919e+001	-4.150415e+001
1.340192e+001	-2.213978e+001
1.368380e+001	-1.421886e+001
1.369929e+001	-1.950145e+001
1.367928e+001	-2.654408e+001
1.353495e+001	-3.974910e+001
1.353269e+001	-4.591172e+001
1.365474e+001	-4.591280e+001
1.398990e+001	-3.535092e+001
1.420073e+001	-3.095100e+001
1.430503e+001	-3.183211e+001
1.446259e+001	-3.007271e+001
1.458464e+001	-3.007380e+001
1.468893e+001	-3.095536e+001
1.461564e+001	-4.063896e+001
1.454235e+001	-5.032256e+001
1.471767e+001	-4.768312e+001
1.478645e+001	-5.032473e+001
1.462436e+001	-6.440979e+001
1.451555e+001	-7.585389e+001
1.454881e+001	-8.025644e+001
1.491948e+001	-6.793407e+001
1.544996e+001	-4.768966e+001
1.566081e+001	-4.328930e+001
1.580062e+001	-4.241037e+001
1.604697e+001	-3.624993e+001
1.613350e+001	-3.801152e+001
1.637986e+001	-3.185066e+001
1.635985e+001	-3.889374e+001
1.625104e+001	-5.033783e+001
1.635532e+001	-5.121940e+001
1.644186e+001	-5.298098e+001
1.649287e+001	-5.650306e+001
1.622424e+001	-7.586916e+001
1.615095e+001	-8.555277e+001
1.621972e+001	-8.819483e+001
1.650159e+001	-8.027391e+001
1.676571e+001	-7.323300e+001
1.674569e+001	-8.027608e+001
1.661913e+001	-9.260021e+001
1.665238e+001	-9.700276e+001
1.700530e+001	-8.556040e+001
1.725165e+001	-7.939998e+001
1.748025e+001	-7.411959e+001
1.749575e+001	-7.940216e+001
1.736918e+001	-9.172673e+001
1.731364e+001	-1.005303e+002
1.734691e+001	-1.049324e+002
1.741568e+001	-1.075740e+002
1.743118e+001	-1.128566e+002
1.755323e+001	-1.128577e+002
1.772855e+001	-1.102183e+002
1.817025e+001	-9.437488e+001
1.841661e+001	-8.821446e+001
1.862745e+001	-8.381453e+001
1.866071e+001	-8.821664e+001
1.901361e+001	-7.677473e+001
1.917118e+001	-7.501533e+001
1.948858e+001	-6.533347e+001
1.989475e+001	-5.125103e+001
1.991025e+001	-5.653362e+001
1.962386e+001	-7.678019e+001
1.937298e+001	-9.526627e+001
1.922866e+001	-1.084709e+002
1.956381e+001	-9.790897e+001
1.977465e+001	-9.350905e+001
1.973688e+001	-1.014321e+002
1.985892e+001	-1.014332e+002
2.024735e+001	-8.823083e+001
2.067129e+001	-7.326793e+001
2.049144e+001	-8.823302e+001
2.031160e+001	-1.031981e+002
2.036262e+001	-1.067202e+002
2.059122e+001	-1.014398e+002
2.080206e+001	-9.703986e+001
2.069325e+001	-1.084840e+002
2.058444e+001	-1.199280e+002
2.081304e+001	-1.146476e+002
2.125474e+001	-9.880472e+001
2.134127e+001	-1.005663e+002
2.144556e+001	-1.014474e+002
2.151433e+001	-1.040895e+002
2.154759e+001	-1.084916e+002
2.172292e+001	-1.058522e+002
2.204031e+001	-9.617030e+001
2.214460e+001	-9.705187e+001
2.180493e+001	-1.199389e+002
2.212232e+001	-1.102575e+002
2.270609e+001	-8.737219e+001
2.268608e+001	-9.441527e+001
2.243520e+001	-1.129013e+002
2.262828e+001	-1.093814e+002
2.335411e+001	-7.945453e+001
2.349392e+001	-7.857560e+001
2.331408e+001	-9.354068e+001
2.348940e+001	-9.090082e+001
2.377128e+001	-8.297990e+001
2.403539e+001	-7.593901e+001
2.424623e+001	-7.153907e+001
2.459914e+001	-6.009716e+001
2.489877e+001	-5.129577e+001
2.507410e+001	-4.865591e+001
2.510735e+001	-5.305846e+001
2.501630e+001	-6.362252e+001
2.474767e+001	-8.298862e+001
2.486972e+001	-8.298972e+001
2.534694e+001	-6.538585e+001
2.571760e+001	-5.306391e+001
2.544897e+001	-7.243001e+001
2.569532e+001	-6.626959e+001
2.615478e+001	-4.954619e+001
2.631235e+001	-4.778678e+001
2.639888e+001	-4.954837e+001
2.613025e+001	-6.891448e+001
2.623454e+001	-6.979604e+001
2.671176e+001	-5.219216e+001
2.722448e+001	-3.282824e+001
2.755964e+001	-2.226635e+001
2.764617e+001	-2.402794e+001
2.750184e+001	-3.723254e+001
2.730424e+001	-5.307810e+001
2.731974e+001	-5.836067e+001
2.749507e+001	-5.572080e+001
2.768815e+001	-5.220090e+001
2.800554e+001	-4.251948e+001
2.834069e+001	-3.195759e+001
2.849826e+001	-3.019819e+001
2.835393e+001	-4.340278e+001
2.856477e+001	-3.900286e+001
2.859803e+001	-4.340497e+001
2.845370e+001	-5.660999e+001
2.857575e+001	-5.661109e+001
2.846694e+001	-6.805519e+001
2.819831e+001	-8.742129e+001
2.812501e+001	-9.710533e+001
2.835361e+001	-9.182493e+001
2.883083e+001	-7.422106e+001
2.957442e+001	-4.341369e+001
2.983853e+001	-3.637324e+001
2.962318e+001	-5.309882e+001
2.972747e+001	-5.397995e+001
3.006262e+001	-4.341805e+001
3.038001e+001	-3.373665e+001
3.059085e+001	-2.933671e+001
3.051756e+001	-3.902031e+001
3.000031e+001	-7.070988e+001
2.971391e+001	-9.095646e+001
3.022664e+001	-7.159254e+001
3.098799e+001	-3.990515e+001
3.158952e+001	-1.613976e+001
3.132089e+001	-3.550586e+001
3.076812e+001	-6.895594e+001
3.062379e+001	-8.216098e+001
3.090567e+001	-7.423961e+001
3.122306e+001	-6.455819e+001
3.155821e+001	-5.399631e+001
3.171577e+001	-5.223690e+001
3.185558e+001	-5.135797e+001
3.208418e+001	-4.607757e+001
3.202864e+001	-5.488114e+001
3.204414e+001	-6.016373e+001
3.204188e+001	-6.632633e+001
3.228824e+001	-6.016591e+001
3.217943e+001	-7.161000e+001
3.194632e+001	-8.921561e+001
3.205060e+001	-9.009717e+001
3.211938e+001	-9.273878e+001
3.227695e+001	-9.097938e+001
3.291399e+001	-6.545349e+001
3.353327e+001	-4.080809e+001
3.353102e+001	-4.697069e+001
3.333341e+001	-6.281625e+001
3.324236e+001	-7.338032e+001
3.316907e+001	-8.306392e+001
3.341542e+001	-7.690350e+001
3.359075e+001	-7.426362e+001
3.373055e+001	-7.338469e+001
3.392364e+001	-6.986477e+001
3.416999e+001	-6.370435e+001
3.399015e+001	-7.866944e+001
3.379256e+001	-9.451456e+001
3.403891e+001	-8.835414e+001
3.430303e+001	-8.131323e+001
3.476248e+001	-6.458985e+001
3.534625e+001	-4.170492e+001
3.569916e+001	-3.026257e+001
3.566138e+001	-3.818611e+001
3.537498e+001	-5.843269e+001
3.558583e+001	-5.403231e+001
3.588547e+001	-4.523093e+001
3.577665e+001	-5.667547e+001
3.563233e+001	-6.988006e+001
3.577214e+001	-6.900067e+001
3.596522e+001	-6.548077e+001
3.605176e+001	-6.724236e+001
3.626259e+001	-6.284245e+001
3.617154e+001	-7.340650e+001
3.622256e+001	-7.692859e+001
3.636237e+001	-7.604922e+001
3.614701e+001	-9.277479e+001
3.614474e+001	-9.893784e+001
3.649766e+001	-8.749548e+001
3.663746e+001	-8.661655e+001
3.654641e+001	-9.718061e+001
3.666846e+001	-9.718171e+001
3.663068e+001	-1.051048e+002
3.659291e+001	-1.130279e+002
3.689254e+001	-1.042270e+002
3.719217e+001	-9.542558e+001
3.731422e+001	-9.542667e+001
3.763162e+001	-8.574481e+001
3.796676e+001	-7.518337e+001
3.775140e+001	-9.190895e+001
3.755381e+001	-1.077541e+002
3.760482e+001	-1.112762e+002
3.788669e+001	-1.033552e+002
3.797323e+001	-1.051168e+002
3.802424e+001	-1.086389e+002
3.811077e+001	-1.104005e+002
3.839264e+001	-1.024796e+002
3.865676e+001	-9.543868e+001
3.890312e+001	-8.927780e+001
3.888310e+001	-9.632087e+001
3.879205e+001	-1.068850e+002
3.884307e+001	-1.104070e+002
3.900063e+001	-1.086476e+002
3.883855e+001	-1.227327e+002
3.887181e+001	-1.271348e+002
3.911816e+001	-1.209744e+002
3.943556e+001	-1.112925e+002
3.962864e+001	-1.077726e+002
4.007034e+001	-9.192969e+001
4.038773e+001	-8.224827e+001
4.033220e+001	-9.105140e+001
4.018786e+001	-1.042564e+002
4.000802e+001	-1.192215e+002
4.002352e+001	-1.245041e+002
4.034092e+001	-1.148222e+002
4.055176e+001	-1.104223e+002
4.033640e+001	-1.271479e+002
4.024535e+001	-1.377120e+002
4.058050e+001	-1.271501e+002
4.079133e+001	-1.227502e+002
4.091338e+001	-1.227512e+002
4.119526e+001	-1.148299e+002
4.112196e+001	-1.245139e+002
4.099540e+001	-1.368380e+002
4.086883e+001	-1.491626e+002
4.107967e+001	-1.447627e+002
4.161016e+001	-1.245183e+002
4.141257e+001	-1.403634e+002
4.149910e+001	-1.421250e+002
4.163890e+001	-1.412460e+002
4.190302e+001	-1.342052e+002
4.197180e+001	-1.368468e+002
4.204056e+001	-1.394888e+002
4.198503e+001	-1.482924e+002
4.208933e+001	-1.491735e+002
4.233568e+001	-1.430131e+002
4.220912e+001	-1.553372e+002
4.234892e+001	-1.544583e+002
4.266631e+001	-1.447769e+002
4.277060e+001	-1.456580e+002
4.292817e+001	-1.438986e+002
4.299694e+001	-1.465406e+002
4.310123e+001	-1.474217e+002
4.313450e+001	-1.518239e+002
4.355844e+001	-1.368610e+002
4.384031e+001	-1.289400e+002
4.369598e+001	-1.421446e+002
4.346286e+001	-1.597507e+002
4.353164e+001	-1.623923e+002
4.393782e+001	-1.483099e+002
4.459262e+001	-1.219035e+002
4.501656e+001	-1.069406e+002
4.551154e+001	-8.845670e+001
4.563359e+001	-8.845779e+001
4.572012e+001	-9.021938e+001
4.632164e+001	-6.645400e+001
4.671007e+001	-5.325158e+001
4.638816e+001	-7.525866e+001
4.627935e+001	-8.670276e+001
4.649019e+001	-8.230282e+001
4.707396e+001	-5.941747e+001
4.742686e+001	-4.797555e+001
4.740684e+001	-5.501864e+001
4.752889e+001	-5.501972e+001
4.773974e+001	-5.061935e+001
4.777299e+001	-5.502190e+001
4.794832e+001	-5.238203e+001
4.819467e+001	-4.622161e+001
4.845879e+001	-3.918071e+001
4.813688e+001	-6.118779e+001
4.788601e+001	-7.967386e+001
4.818564e+001	-7.087247e+001
4.814786e+001	-7.879603e+001
4.818112e+001	-8.319814e+001
4.848076e+001	-7.439674e+001
4.835418e+001	-8.672130e+001
4.872485e+001	-7.439892e+001
4.930862e+001	-5.151400e+001
4.905774e+001	-7.000008e+001
4.859376e+001	-9.904914e+001
4.832513e+001	-1.184152e+002
4.844718e+001	-1.184163e+002
4.887112e+001	-1.034534e+002
4.897541e+001	-1.043350e+002
4.915074e+001	-1.016951e+002
4.934382e+001	-9.817521e+001
4.969673e+001	-8.673331e+001
4.997860e+001	-7.881239e+001
4.994083e+001	-8.673548e+001
4.970770e+001	-1.043415e+002
4.940356e+001	-1.254681e+002
4.936578e+001	-1.333912e+002
4.994955e+001	-1.105063e+002
5.053332e+001	-8.762097e+001
5.070864e+001	-8.498154e+001
5.047552e+001	-1.025876e+002
5.038447e+001	-1.131512e+002
5.055979e+001	-1.105118e+002
5.080615e+001	-1.043514e+002
5.098148e+001	-1.017115e+002
5.108576e+001	-1.025931e+002
5.124333e+001	-1.008336e+002
5.120556e+001	-1.087567e+002
5.099020e+001	-1.254823e+002
5.093466e+001	-1.342859e+002
5.125205e+001	-1.246045e+002
5.156945e+001	-1.149226e+002
5.153166e+001	-1.228462e+002
5.149389e+001	-1.307693e+002
5.181128e+001	-1.210878e+002
5.203988e+001	-1.158075e+002
5.196659e+001	-1.254910e+002
5.189330e+001	-1.351747e+002
5.224621e+001	-1.237327e+002
5.238601e+001	-1.228538e+002
5.238375e+001	-1.290164e+002
5.245253e+001	-1.316580e+002
5.261010e+001	-1.298986e+002
5.264335e+001	-1.343012e+002
5.285420e+001	-1.299008e+002
5.326038e+001	-1.158184e+002
5.320484e+001	-1.246219e+002
5.307828e+001	-1.369461e+002
5.309377e+001	-1.422286e+002
5.312703e+001	-1.466312e+002
5.314254e+001	-1.519133e+002
5.351319e+001	-1.395914e+002
5.383059e+001	-1.299095e+002
5.397039e+001	-1.290306e+002
5.414572e+001	-1.263912e+002
5.412570e+001	-1.334338e+002
5.383931e+001	-1.536804e+002
5.373050e+001	-1.651249e+002
5.399461e+001	-1.580840e+002
5.395684e+001	-1.660071e+002
5.427423e+001	-1.563257e+002
5.471593e+001	-1.404823e+002
5.483798e+001	-1.404834e+002
5.471141e+001	-1.528080e+002
5.463812e+001	-1.624916e+002
5.445828e+001	-1.774567e+002
5.489997e+001	-1.616137e+002
5.543047e+001	-1.413693e+002
5.571234e+001	-1.334480e+002
5.576336e+001	-1.369701e+002
5.531714e+001	-1.651391e+002
5.536815e+001	-1.686612e+002
5.547244e+001	-1.695423e+002
5.575432e+001	-1.616214e+002
5.580533e+001	-1.651435e+002
5.566101e+001	-1.783481e+002
5.576531e+001	-1.792292e+002
5.597614e+001	-1.748292e+002
5.627578e+001	-1.660278e+002
5.606042e+001	-1.827534e+002
5.595161e+001	-1.941975e+002
5.619797e+001	-1.880371e+002
5.632001e+001	-1.880382e+002
5.661965e+001	-1.792368e+002
5.667066e+001	-1.827589e+002
5.659737e+001	-1.924429e+002
5.654184e+001	-2.012461e+002
5.668164e+001	-2.003671e+002
5.676817e+001	-2.021287e+002
5.674815e+001	-2.091718e+002
5.687020e+001	-2.091729e+002
5.701002e+001	-2.082935e+002
5.739844e+001	-1.950911e+002
5.750273e+001	-1.959722e+002
5.748272e+001	-2.030153e+002
5.783562e+001	-1.915734e+002
5.799318e+001	-1.898140e+002
5.811523e+001	-1.898151e+002
5.807746e+001	-1.977382e+002
5.754245e+001	-2.303082e+002
5.754019e+001	-2.364708e+002
5.780430e+001	-2.294304e+002
5.803290e+001	-2.241500e+002
5.813720e+001	-2.250311e+002
5.818821e+001	-2.285532e+002
5.831026e+001	-2.285543e+002
5.813042e+001	-2.435193e+002
5.819919e+001	-2.461614e+002
5.860538e+001	-2.320785e+002
5.890501e+001	-2.232771e+002
5.877844e+001	-2.356017e+002
5.861635e+001	-2.496868e+002
5.872065e+001	-2.505679e+002
5.923338e+001	-2.312040e+002
5.958629e+001	-2.197616e+002
5.974385e+001	-2.180022e+002
5.995469e+001	-2.136023e+002
6.005899e+001	-2.144834e+002
6.034086e+001	-2.065625e+002
6.040963e+001	-2.092045e+002
6.049616e+001	-2.109661e+002
6.092011e+001	-1.960028e+002
6.121974e+001	-1.872018e+002
6.143058e+001	-1.828014e+002
6.141057e+001	-1.898445e+002
6.169243e+001	-1.819236e+002
6.236500e+001	-1.546372e+002
6.264687e+001	-1.467163e+002
6.264461e+001	-1.528789e+002
6.301528e+001	-1.405565e+002
6.315508e+001	-1.396776e+002
6.327713e+001	-1.396787e+002
6.357676e+001	-1.308773e+002
6.369881e+001	-1.308784e+002
6.378535e+001	-1.326400e+002
6.406722e+001	-1.247191e+002
6.433134e+001	-1.176782e+002
6.475528e+001	-1.027153e+002
6.509043e+001	-9.215338e+001
6.544334e+001	-8.071146e+001
6.576073e+001	-7.102959e+001
6.570519e+001	-7.983317e+001
6.575621e+001	-8.335525e+001
6.596705e+001	-7.895532e+001
6.566290e+001	-1.000819e+002
6.585599e+001	-9.656203e+001
6.610234e+001	-9.040161e+001
6.611783e+001	-9.568418e+001
6.634644e+001	-9.040378e+001
6.627315e+001	-1.000874e+002
6.619986e+001	-1.097710e+002
6.660603e+001	-9.568855e+001
6.683464e+001	-9.040815e+001
6.699220e+001	-8.864876e+001
6.714977e+001	-8.688934e+001
6.714751e+001	-9.305195e+001
6.687888e+001	-1.124185e+002
6.708972e+001	-1.080181e+002
6.808192e+001	-6.488773e+001
6.863018e+001	-4.376286e+001
6.862791e+001	-4.992591e+001
6.889203e+001	-4.288503e+001
6.908511e+001	-3.936511e+001
6.879872e+001	-5.961170e+001
6.876095e+001	-6.753479e+001
6.913161e+001	-5.521286e+001
6.927142e+001	-5.433347e+001
6.944674e+001	-5.169405e+001
6.942672e+001	-5.873713e+001
6.933568e+001	-6.930075e+001
6.974185e+001	-5.521832e+001
7.002373e+001	-4.729695e+001
7.014578e+001	-4.729804e+001
7.030335e+001	-4.553863e+001
7.053194e+001	-4.025867e+001
7.042313e+001	-5.170277e+001
7.033208e+001	-6.226684e+001
7.031207e+001	-6.930947e+001
7.020326e+001	-8.075401e+001
7.055617e+001	-6.931165e+001
7.106890e+001	-4.994774e+001
7.113768e+001	-5.258935e+001
7.079800e+001	-7.547690e+001
7.060041e+001	-9.132200e+001
7.088228e+001	-8.340108e+001
7.121743e+001	-7.283919e+001
7.132171e+001	-7.372076e+001
7.169238e+001	-6.139838e+001
7.202754e+001	-5.083649e+001
7.191872e+001	-6.228103e+001
7.214732e+001	-5.700063e+001
7.250024e+001	-4.555827e+001
7.258677e+001	-4.731986e+001
7.258451e+001	-5.348291e+001
7.247569e+001	-6.492701e+001
7.229585e+001	-7.989209e+001
7.259549e+001	-7.109070e+001
7.293063e+001	-6.052926e+001
7.317699e+001	-5.436840e+001
7.331680e+001	-5.348945e+001
7.335006e+001	-5.789156e+001
7.345434e+001	-5.877313e+001
7.366519e+001	-5.437277e+001
7.380500e+001	-5.349382e+001
7.399808e+001	-4.997392e+001
7.387150e+001	-6.229848e+001
7.390477e+001	-6.670059e+001
7.402681e+001	-6.670169e+001
7.404232e+001	-7.198427e+001
7.411109e+001	-7.462587e+001
7.426866e+001	-7.286648e+001
7.442623e+001	-7.110706e+001
7.453051e+001	-7.198863e+001
7.479463e+001	-6.494773e+001
7.486341e+001	-6.758936e+001
7.471908e+001	-8.079439e+001
7.475234e+001	-8.519650e+001
7.519404e+001	-6.935312e+001
7.561798e+001	-5.439022e+001
7.572226e+001	-5.527178e+001
7.575553e+001	-5.967389e+001
7.578878e+001	-6.407645e+001
7.591083e+001	-6.407753e+001
7.606840e+001	-6.231814e+001
7.606614e+001	-6.848073e+001
7.592181e+001	-8.168533e+001
7.609714e+001	-7.904589e+001
7.643229e+001	-6.848401e+001
7.673192e+001	-5.968263e+001
7.669415e+001	-6.760572e+001
7.656757e+001	-7.993028e+001
7.668962e+001	-7.993138e+001
7.686495e+001	-7.729195e+001
7.704028e+001	-7.465207e+001
7.716233e+001	-7.465316e+001
7.692920e+001	-9.225921e+001
7.685591e+001	-1.019428e+002
7.692469e+001	-1.045849e+002
7.713553e+001	-1.001845e+002
7.734636e+001	-9.578457e+001
7.777031e+001	-8.082167e+001
7.812322e+001	-6.937931e+001
7.804992e+001	-7.906336e+001
7.817197e+001	-7.906444e+001
7.834730e+001	-7.642457e+001
7.868245e+001	-6.586268e+001
7.875122e+001	-6.850474e+001
7.873120e+001	-7.554781e+001
7.911962e+001	-6.234541e+001
7.938375e+001	-5.530451e+001
7.957683e+001	-5.178461e+001
7.953905e+001	-5.970772e+001
7.943024e+001	-7.115181e+001
7.964108e+001	-6.675188e+001
7.979865e+001	-6.499248e+001
7.970760e+001	-7.555654e+001
7.979413e+001	-7.731813e+001
7.986291e+001	-7.995974e+001
8.003823e+001	-7.732032e+001
8.023131e+001	-7.380041e+001
8.035336e+001	-7.380151e+001
8.040438e+001	-7.732359e+001
8.065074e+001	-7.116272e+001
8.087934e+001	-6.588233e+001
8.125000e+001	-5.356039e+001
8.126550e+001	-5.884297e+001
8.094359e+001	-8.085004e+001
8.094133e+001	-8.701263e+001
8.102786e+001	-8.877422e+001
8.139853e+001	-7.645185e+001
8.173368e+001	-6.588995e+001
8.192676e+001	-6.237050e+001
8.215536e+001	-5.709010e+001
8.204655e+001	-6.853420e+001
8.158257e+001	-9.758325e+001
8.188221e+001	-8.878186e+001
8.212856e+001	-8.262144e+001
8.180665e+001	-1.046285e+002
8.189318e+001	-1.063901e+002
8.222833e+001	-9.582822e+001
8.243918e+001	-9.142784e+001
8.254347e+001	-9.230941e+001
8.257673e+001	-9.671152e+001
8.259223e+001	-1.019941e+002
8.264324e+001	-1.055162e+002
8.288960e+001	-9.935576e+001
8.333130e+001	-8.351238e+001
8.340007e+001	-8.615400e+001
8.339781e+001	-9.231704e+001
8.355538e+001	-9.055764e+001
8.319795e+001	-1.143252e+002
8.312466e+001	-1.240088e+002
8.342430e+001	-1.152074e+002
8.370617e+001	-1.072865e+002
8.404132e+001	-9.672461e+001
8.457181e+001	-7.648021e+001
8.465835e+001	-7.824180e+001
8.446074e+001	-9.408736e+001
8.468934e+001	-8.880696e+001
8.474036e+001	-9.232905e+001
8.470258e+001	-1.002521e+002
8.516204e+001	-8.352875e+001
8.524857e+001	-8.529034e+001
8.515752e+001	-9.585440e+001
8.531509e+001	-9.409500e+001
8.549041e+001	-9.145513e+001
8.568350e+001	-8.793523e+001
8.571675e+001	-9.233778e+001
8.551915e+001	-1.081829e+002
8.572999e+001	-1.037830e+002
8.599411e+001	-9.674207e+001
8.597409e+001	-1.037851e+002
8.577648e+001	-1.196307e+002
8.593405e+001	-1.178713e+002
8.603835e+001	-1.187524e+002
8.626694e+001	-1.134720e+002
8.660209e+001	-1.029106e+002
8.686621e+001	-9.586967e+001
8.721911e+001	-8.442777e+001
8.750099e+001	-7.650641e+001
8.751649e+001	-8.178898e+001
8.740768e+001	-9.323307e+001
8.740542e+001	-9.939613e+001
8.740317e+001	-1.055587e+002
8.756073e+001	-1.037993e+002
8.762949e+001	-1.064414e+002
8.782258e+001	-1.029215e+002
8.805118e+001	-9.764108e+001
8.824426e+001	-9.412118e+001
8.820649e+001	-1.020443e+002
8.813320e+001	-1.117279e+002
8.845059e+001	-1.020465e+002
8.853712e+001	-1.038081e+002
8.853487e+001	-1.099707e+002
8.887001e+001	-9.940923e+001
8.927619e+001	-8.532634e+001
8.927394e+001	-9.148896e+001
8.907633e+001	-1.073345e+002
8.912735e+001	-1.108566e+002
8.908957e+001	-1.187797e+002
8.887422e+001	-1.355053e+002
8.904954e+001	-1.328658e+002
8.924262e+001	-1.293460e+002
8.954225e+001	-1.205445e+002
8.985965e+001	-1.108631e+002
9.008824e+001	-1.055827e+002
9.035237e+001	-9.854185e+001
9.066975e+001	-8.886043e+001
9.088059e+001	-8.446051e+001
9.062971e+001	-1.029466e+002
9.053867e+001	-1.135102e+002
9.067847e+001	-1.126313e+002
9.069397e+001	-1.179138e+002
9.110015e+001	-1.038310e+002
9.154186e+001	-8.798760e+001
9.139752e+001	-1.011926e+002
9.123545e+001	-1.152772e+002
9.157059e+001	-1.047158e+002
9.190574e+001	-9.415392e+001
9.188572e+001	-1.011970e+002
9.184795e+001	-1.091201e+002
9.193448e+001	-1.108817e+002
9.216308e+001	-1.056013e+002
9.217858e+001	-1.108839e+002
9.247822e+001	-1.020825e+002
9.224510e+001	-1.196885e+002
9.227836e+001	-1.240906e+002
9.240041e+001	-1.240917e+002
9.248694e+001	-1.258533e+002
9.266225e+001	-1.232139e+002
9.313948e+001	-1.056100e+002
9.333256e+001	-1.020901e+002
9.340133e+001	-1.047322e+002
9.371873e+001	-9.505032e+001
9.375198e+001	-9.945288e+001
9.383851e+001	-1.012145e+002
9.381850e+001	-1.082571e+002
9.356761e+001	-1.267436e+002
9.392053e+001	-1.153013e+002
9.425568e+001	-1.047398e+002
9.432445e+001	-1.073814e+002
9.449977e+001	-1.047420e+002
9.431993e+001	-1.197071e+002
9.414009e+001	-1.346722e+002
9.424438e+001	-1.355533e+002
9.441970e+001	-1.329139e+002
9.436417e+001	-1.417174e+002
9.457501e+001	-1.373171e+002
9.478585e+001	-1.329171e+002
9.487238e+001	-1.346787e+002
9.522529e+001	-1.232368e+002
9.531182e+001	-1.249984e+002
9.529181e+001	-1.320410e+002
9.571575e+001	-1.170781e+002
9.624625e+001	-9.683373e+001
9.643932e+001	-9.331383e+001
9.636603e+001	-1.029979e+002
9.634601e+001	-1.100405e+002
9.678771e+001	-9.419757e+001
9.728269e+001	-7.571368e+001
9.733370e+001	-7.923575e+001
9.715386e+001	-9.420085e+001
9.711609e+001	-1.021239e+002
9.706055e+001	-1.109275e+002
9.693398e+001	-1.232521e+002
9.684293e+001	-1.338157e+002
9.685844e+001	-1.390983e+002
9.664308e+001	-1.558239e+002
9.690718e+001	-1.487834e+002
9.729561e+001	-1.355806e+002
9.734663e+001	-1.391026e+002
9.746868e+001	-1.391037e+002
9.767952e+001	-1.347038e+002
9.801467e+001	-1.241419e+002
9.797689e+001	-1.320650e+002
9.836532e+001	-1.188626e+002
9.886029e+001	-1.003787e+002
9.853838e+001	-1.223858e+002
9.791458e+001	-1.593569e+002
9.787680e+001	-1.672804e+002
9.835402e+001	-1.496765e+002
9.902658e+001	-1.223902e+002
9.930845e+001	-1.144692e+002
9.895103e+001	-1.382368e+002
9.855808e+001	-1.637649e+002
9.853806e+001	-1.708079e+002
9.919287e+001	-1.444016e+002
9.965233e+001	-1.276782e+002
9.973886e+001	-1.294398e+002
9.970108e+001	-1.373629e+002
9.962778e+001	-1.470469e+002
9.978535e+001	-1.452875e+002
1.000495e+002	-1.382466e+002
9.986962e+001	-1.532117e+002
9.992064e+001	-1.567338e+002
1.001670e+002	-1.505729e+002
1.002535e+002	-1.523345e+002
1.002690e+002	-1.576171e+002
1.005154e+002	-1.514567e+002
1.008683e+002	-1.400148e+002
1.009371e+002	-1.426564e+002
1.007927e+002	-1.558610e+002
1.008970e+002	-1.567425e+002
1.008770e+002	-1.637856e+002
1.013365e+002	-1.470622e+002
1.019202e+002	-1.241768e+002
1.023087e+002	-1.109744e+002
1.024307e+002	-1.109755e+002
1.027126e+002	-1.030546e+002
1.031188e+002	-8.897173e+001
1.033829e+002	-8.193083e+001
1.036292e+002	-7.577041e+001
1.037335e+002	-7.665153e+001
1.036780e+002	-8.545511e+001
1.037645e+002	-8.721669e+001
1.037090e+002	-9.602025e+001
1.038488e+002	-9.514088e+001
1.044148e+002	-7.313599e+001
1.046257e+002	-6.873607e+001
1.043038e+002	-9.074314e+001
1.044258e+002	-9.074422e+001
1.051161e+002	-6.257782e+001
1.053802e+002	-5.553693e+001
1.051116e+002	-7.490304e+001
1.050738e+002	-8.282658e+001
1.052314e+002	-8.106718e+001
1.051581e+002	-9.075078e+001
1.049072e+002	-1.092369e+002
1.049760e+002	-1.118785e+002
1.055065e+002	-9.163408e+001
1.057173e+002	-8.723414e+001
1.058749e+002	-8.547475e+001
1.059969e+002	-8.547583e+001
1.059947e+002	-9.163845e+001
1.060635e+002	-9.428050e+001
1.065939e+002	-7.403610e+001
1.071777e+002	-5.115075e+001
1.073353e+002	-4.939134e+001
1.072442e+002	-5.995541e+001
1.071354e+002	-7.139950e+001
1.071864e+002	-7.492158e+001
1.074328e+002	-6.876116e+001
1.075016e+002	-7.140277e+001
1.075348e+002	-7.580533e+001
1.073195e+002	-9.253091e+001
1.075481e+002	-8.725052e+001
1.077767e+002	-8.197013e+001
1.077922e+002	-8.725270e+001
1.079142e+002	-8.725379e+001
1.080540e+002	-8.637441e+001
1.079452e+002	-9.781895e+001
1.080495e+002	-9.870007e+001
1.085090e+002	-8.197667e+001
1.087198e+002	-7.757673e+001
1.089484e+002	-7.229634e+001
1.093368e+002	-5.909393e+001
1.096187e+002	-5.117257e+001
1.094921e+002	-6.349712e+001
1.094366e+002	-7.230070e+001
1.094343e+002	-7.846331e+001
1.094853e+002	-8.198540e+001
1.094476e+002	-8.990849e+001
1.093388e+002	-1.013530e+002
1.096384e+002	-9.255165e+001
1.101511e+002	-7.318728e+001
1.103797e+002	-6.790688e+001
1.106794e+002	-5.910594e+001
1.104463e+002	-7.671154e+001
1.103374e+002	-8.815564e+001
1.104595e+002	-8.815672e+001
1.104217e+002	-9.608028e+001
1.101176e+002	-1.172069e+002
1.102929e+002	-1.145674e+002
1.108056e+002	-9.520307e+001
1.112651e+002	-7.847967e+001
1.116535e+002	-6.527726e+001
1.116512e+002	-7.143987e+001
1.116312e+002	-7.848295e+001
1.114159e+002	-9.520853e+001
1.112183e+002	-1.110541e+002
1.112693e+002	-1.145762e+002
1.115511e+002	-1.066553e+002
1.116910e+002	-1.057759e+002
1.117952e+002	-1.066574e+002
1.122902e+002	-8.817310e+001
1.123945e+002	-8.905465e+001
1.122679e+002	-1.013792e+002
1.124255e+002	-9.961982e+001
1.127962e+002	-8.729743e+001
1.128650e+002	-8.993906e+001
1.128627e+002	-9.610209e+001
1.129847e+002	-9.610319e+001
1.128582e+002	-1.084273e+002
1.128914e+002	-1.128299e+002
1.129602e+002	-1.154715e+002
1.134197e+002	-9.874807e+001
1.138436e+002	-8.378518e+001
1.138414e+002	-8.994777e+001
1.134129e+002	-1.172363e+002
1.132508e+002	-1.313214e+002
1.134794e+002	-1.260410e+002
1.140809e+002	-1.022756e+002
1.141675e+002	-1.040372e+002
1.138456e+002	-1.260443e+002
1.140741e+002	-1.207639e+002
1.143560e+002	-1.128430e+002
1.147444e+002	-9.964055e+001
1.150086e+002	-9.259966e+001
1.151484e+002	-9.172027e+001
1.155368e+002	-7.851787e+001
1.157654e+002	-7.323746e+001
1.157631e+002	-7.940052e+001
1.158141e+002	-8.292261e+001
1.157053e+002	-9.436670e+001
1.154367e+002	-1.137328e+002
1.154344e+002	-1.198959e+002
1.158051e+002	-1.075735e+002
1.159804e+002	-1.049340e+002
1.156940e+002	-1.251806e+002
1.160647e+002	-1.128582e+002
1.163466e+002	-1.049373e+002
1.165752e+002	-9.965692e+001
1.164131e+002	-1.137415e+002
1.163576e+002	-1.225451e+002
1.164263e+002	-1.251872e+002
1.166549e+002	-1.199068e+002
1.170966e+002	-1.040634e+002
1.173075e+002	-9.966346e+001
1.174118e+002	-1.005446e+002
1.171787e+002	-1.181506e+002
1.173185e+002	-1.172713e+002
1.176359e+002	-1.075898e+002
1.174915e+002	-1.207944e+002
1.174360e+002	-1.295980e+002
1.175225e+002	-1.313596e+002
1.175203e+002	-1.375222e+002
1.175002e+002	-1.445653e+002
1.177111e+002	-1.401653e+002
1.178687e+002	-1.384059e+002
1.179374e+002	-1.410475e+002
1.182903e+002	-1.296056e+002
1.186077e+002	-1.199242e+002
1.187831e+002	-1.172843e+002
1.189229e+002	-1.164054e+002
1.189561e+002	-1.208075e+002
1.191137e+002	-1.190481e+002
1.192002e+002	-1.208097e+002
1.192512e+002	-1.243318e+002
1.192490e+002	-1.304944e+002
1.188738e+002	-1.551424e+002
1.186762e+002	-1.709880e+002
1.191889e+002	-1.516236e+002
1.195418e+002	-1.401817e+002
1.195751e+002	-1.445838e+002
1.196439e+002	-1.472259e+002
1.201211e+002	-1.296220e+002
1.204740e+002	-1.181801e+002
1.206316e+002	-1.164207e+002
1.204517e+002	-1.313858e+002
1.201653e+002	-1.516324e+002
1.203051e+002	-1.507530e+002
1.201430e+002	-1.648380e+002
1.204072e+002	-1.577971e+002
1.208311e+002	-1.428342e+002
1.210419e+002	-1.384343e+002
1.210752e+002	-1.428364e+002
1.210019e+002	-1.525200e+002
1.210174e+002	-1.578026e+002
1.209441e+002	-1.674866e+002
1.211372e+002	-1.639667e+002
1.212237e+002	-1.657283e+002
1.214523e+002	-1.604479e+002
1.217342e+002	-1.525266e+002
1.215899e+002	-1.657316e+002
1.216409e+002	-1.692537e+002
1.217629e+002	-1.692548e+002
1.216896e+002	-1.789384e+002
1.220781e+002	-1.657360e+002
1.220936e+002	-1.710185e+002
1.220025e+002	-1.815822e+002
1.223022e+002	-1.727808e+002
1.225130e+002	-1.683808e+002
1.224930e+002	-1.754239e+002
1.227038e+002	-1.710240e+002
1.230922e+002	-1.578211e+002
1.233564e+002	-1.507802e+002
1.236205e+002	-1.437398e+002
1.234939e+002	-1.560639e+002
1.232430e+002	-1.745500e+002
1.233118e+002	-1.771921e+002
1.239844e+002	-1.499057e+002
1.241064e+002	-1.499068e+002
1.235714e+002	-1.824768e+002
1.235869e+002	-1.877594e+002
1.240108e+002	-1.727961e+002
1.248787e+002	-1.358272e+002
1.256046e+002	-1.059003e+002
1.264014e+002	-7.245238e+001
1.271628e+002	-4.076498e+001
1.276755e+002	-2.140061e+001
1.280107e+002	-1.083873e+001
1.281327e+002	-1.083982e+001
1.280061e+002	-2.316438e+001
1.277908e+002	-3.988997e+001
1.277708e+002	-4.693304e+001
1.279461e+002	-4.429317e+001
1.283523e+002	-3.021073e+001
1.283855e+002	-3.461284e+001
1.282412e+002	-4.781743e+001
1.283277e+002	-4.957902e+001
1.286274e+002	-4.077808e+001
1.287849e+002	-3.901867e+001
1.288715e+002	-4.078026e+001
1.289758e+002	-4.166138e+001
1.292044e+002	-3.638098e+001
1.291666e+002	-4.430408e+001
1.290933e+002	-5.398812e+001
1.294462e+002	-4.254621e+001
1.296926e+002	-3.638535e+001
1.299744e+002	-2.846441e+001
1.300787e+002	-2.934554e+001
1.303961e+002	-1.966412e+001
1.308911e+002	-1.180227e+000
1.312795e+002	1.202217e+001
1.310286e+002	-6.463903e+000
1.307067e+002	-2.847097e+001
1.308110e+002	-2.935208e+001
1.308265e+002	-3.463467e+001
1.310906e+002	-2.759377e+001
1.310884e+002	-3.375682e+001
1.311572e+002	-3.639843e+001
1.315101e+002	-2.495653e+001
1.316321e+002	-2.495761e+001
1.316476e+002	-3.024019e+001
1.321426e+002	-1.175630e+001
1.326376e+002	6.727581e+000
1.328306e+002	1.024749e+001
1.326686e+002	-3.837111e+000
1.324710e+002	-1.968267e+001
1.323444e+002	-3.200723e+001
1.323421e+002	-3.816984e+001
1.326418e+002	-2.936846e+001
1.327461e+002	-3.025001e+001
1.328326e+002	-3.201160e+001
1.328836e+002	-3.553368e+001
1.328636e+002	-4.257676e+001
1.332165e+002	-3.113441e+001
1.333563e+002	-3.025548e+001
1.332120e+002	-4.346006e+001
1.335826e+002	-3.113768e+001
1.335626e+002	-3.818075e+001
1.336136e+002	-4.170284e+001
1.338955e+002	-3.378192e+001
1.340531e+002	-3.202252e+001
1.338732e+002	-4.698760e+001
1.337112e+002	-6.107266e+001
1.339930e+002	-5.315130e+001
1.341506e+002	-5.139189e+001
1.346633e+002	-3.202797e+001
1.347676e+002	-3.290908e+001
1.347831e+002	-3.819167e+001
1.353314e+002	-1.706724e+001
1.355244e+002	-1.354735e+001
1.353624e+002	-2.763196e+001
1.351470e+002	-4.435755e+001
1.350915e+002	-5.316112e+001
1.351425e+002	-5.668321e+001
1.354244e+002	-4.876229e+001
1.357595e+002	-3.820039e+001
1.360769e+002	-2.851898e+001
1.362345e+002	-2.675957e+001
1.363388e+002	-2.764069e+001
1.367272e+002	-1.443829e+001
1.367959e+002	-1.708034e+001
1.368647e+002	-1.972195e+001
1.370933e+002	-1.444155e+001
1.373752e+002	-6.520633e+000
1.376926e+002	3.160759e+000
1.374062e+002	-1.708580e+001
1.368534e+002	-5.053587e+001
1.368512e+002	-5.669848e+001
1.373461e+002	-3.821457e+001
1.375392e+002	-3.469468e+001
1.380697e+002	-1.445028e+001
1.379076e+002	-2.853535e+001
1.377988e+002	-3.997944e+001
1.381340e+002	-2.941756e+001
1.383626e+002	-2.413716e+001
1.383070e+002	-3.294073e+001
1.384646e+002	-3.118132e+001
1.388353e+002	-1.885939e+001
1.390816e+002	-1.269852e+001
1.389728e+002	-2.414261e+001
1.389351e+002	-3.206617e+001
1.391459e+002	-2.766579e+001
1.395166e+002	-1.534385e+001
1.397274e+002	-1.094348e+001
1.397251e+002	-1.710652e+001
1.399005e+002	-1.446665e+001
1.401291e+002	-9.186263e+000
1.402866e+002	-7.426851e+000
1.403732e+002	-9.188439e+000
1.407261e+002	2.253453e+000
1.409369e+002	6.653387e+000
1.407926e+002	-6.551195e+000
1.406838e+002	-1.799528e+001
1.406460e+002	-2.591839e+001
1.405727e+002	-3.560243e+001
1.407835e+002	-3.120206e+001
1.409944e+002	-2.680213e+001
1.409566e+002	-3.472523e+001
1.409543e+002	-4.088828e+001
1.408455e+002	-5.233237e+001
1.408610e+002	-5.761496e+001
1.410009e+002	-5.673557e+001
1.412117e+002	-5.233565e+001
1.415468e+002	-4.177377e+001
1.416866e+002	-4.089483e+001
1.414713e+002	-5.762042e+001
1.415933e+002	-5.762150e+001
1.415911e+002	-6.378411e+001
1.420328e+002	-4.794073e+001
1.429184e+002	-1.009182e+001
1.430582e+002	-9.212445e+000
1.429139e+002	-2.241748e+001
1.428051e+002	-3.386158e+001
1.428561e+002	-3.738366e+001
1.428539e+002	-4.354626e+001
1.427273e+002	-5.587082e+001
1.430802e+002	-4.442847e+001
1.434509e+002	-3.210653e+001
1.433421e+002	-4.355063e+001
1.435174e+002	-4.091119e+001
1.438525e+002	-3.034931e+001
1.439213e+002	-3.299092e+001
1.440078e+002	-3.475251e+001
1.442187e+002	-3.035259e+001
1.442164e+002	-3.651519e+001
1.440188e+002	-5.236074e+001
1.441764e+002	-5.060135e+001
1.444405e+002	-4.356045e+001
1.446158e+002	-4.092102e+001
1.447556e+002	-4.004164e+001
1.449842e+002	-3.476124e+001
1.450352e+002	-3.828333e+001
1.449975e+002	-4.620642e+001
1.447644e+002	-6.381247e+001
1.448864e+002	-6.381357e+001
1.449552e+002	-6.645518e+001
1.452371e+002	-5.853426e+001
1.457320e+002	-4.005037e+001
1.457120e+002	-4.709344e+001
1.456387e+002	-5.677704e+001
1.457963e+002	-5.501763e+001
1.461847e+002	-4.181522e+001
1.465376e+002	-3.037332e+001
1.468550e+002	-2.069190e+001
1.469593e+002	-2.157302e+001
1.474365e+002	-3.969151e+000
1.478427e+002	1.011328e+001
1.476629e+002	-4.851793e+000
1.472522e+002	-3.125988e+001
1.470545e+002	-4.710544e+001
1.474963e+002	-3.126207e+001
1.479202e+002	-1.629917e+001
1.483619e+002	-4.562388e-001
1.483774e+002	-5.738370e+000
1.484106e+002	-1.014092e+001
1.484617e+002	-1.366301e+001
1.482996e+002	-2.774763e+001
1.484394e+002	-2.686869e+001
1.483661e+002	-3.655229e+001
1.483816e+002	-4.183487e+001
1.486635e+002	-3.391394e+001
1.488921e+002	-2.863355e+001
1.492805e+002	-1.543114e+001
1.494381e+002	-1.367174e+001
1.496134e+002	-1.103187e+001
1.496999e+002	-1.279345e+001
1.496621e+002	-2.071699e+001
1.495888e+002	-3.040059e+001
1.494623e+002	-4.272516e+001
1.496021e+002	-4.184578e+001
1.498484e+002	-3.568535e+001
1.503257e+002	-1.808148e+001
1.506075e+002	-1.016056e+001
1.505875e+002	-1.720364e+001
1.503899e+002	-3.304875e+001
1.505297e+002	-3.216982e+001
1.503321e+002	-4.801494e+001
1.502766e+002	-5.681851e+001
1.503631e+002	-5.858009e+001
1.506450e+002	-5.065917e+001
1.510334e+002	-3.745676e+001
1.513331e+002	-2.865538e+001
1.517215e+002	-1.545297e+001
1.519856e+002	-8.412073e+000
1.519301e+002	-1.721565e+001
1.518745e+002	-2.601878e+001
1.526892e+002	8.309129e+000
1.528290e+002	9.188506e+000
1.524538e+002	-1.545951e+001
1.525225e+002	-1.810112e+001
1.523960e+002	-3.042570e+001
1.522517e+002	-4.363028e+001
1.523560e+002	-4.451140e+001
1.521761e+002	-5.947692e+001
1.520673e+002	-7.092102e+001
1.523492e+002	-6.300011e+001
1.528974e+002	-4.187525e+001
1.533746e+002	-2.427137e+001
1.535144e+002	-2.339244e+001
1.536010e+002	-2.515402e+001
1.538828e+002	-1.723310e+001
1.542358e+002	-5.790748e+000
1.545354e+002	3.010179e+000
1.544621e+002	-6.673403e+000
1.546197e+002	-4.913991e+000
1.547417e+002	-4.915093e+000
1.548460e+002	-5.796202e+000
1.549858e+002	-4.917269e+000
1.550901e+002	-5.798392e+000
1.550701e+002	-1.284147e+001
1.547482e+002	-3.484853e+001
1.546216e+002	-4.717310e+001
1.545838e+002	-5.509620e+001
1.545460e+002	-6.301974e+001
1.543662e+002	-7.798484e+001
1.541864e+002	-9.294992e+001
1.548056e+002	-6.830406e+001
1.555848e+002	-3.573664e+001
1.557956e+002	-3.133627e+001
1.558999e+002	-3.221783e+001
1.559864e+002	-3.397942e+001
1.555402e+002	-6.214801e+001
1.554492e+002	-7.271207e+001
1.559974e+002	-5.158721e+001
1.565457e+002	-3.046279e+001
1.565611e+002	-3.574538e+001
1.563103e+002	-5.423144e+001
1.564323e+002	-5.423255e+001
1.569273e+002	-3.574864e+001
1.572269e+002	-2.694726e+001
1.572069e+002	-3.399033e+001
1.572934e+002	-3.575192e+001
1.575398e+002	-2.959106e+001
1.577151e+002	-2.695162e+001
1.580325e+002	-1.727020e+001
1.582078e+002	-1.463032e+001
1.584187e+002	-1.023041e+001
1.586118e+002	-6.710494e+000
1.586450e+002	-1.111260e+001
1.587671e+002	-1.111370e+001
1.588891e+002	-1.111479e+001
1.590112e+002	-1.111588e+001
1.592575e+002	-4.955461e+000
1.594151e+002	-3.196050e+000
1.591287e+002	-2.344263e+001
1.590021e+002	-3.576719e+001
1.591952e+002	-3.224729e+001
1.589621e+002	-4.985290e+001
1.590486e+002	-5.161448e+001
1.595436e+002	-3.313059e+001
1.597367e+002	-2.961070e+001
1.598943e+002	-2.785128e+001
1.603182e+002	-1.288838e+001
1.606178e+002	-4.086993e+000
1.609175e+002	4.713935e+000
1.607199e+002	-1.113116e+001
1.604512e+002	-3.049770e+001
1.604134e+002	-3.842081e+001
1.606953e+002	-3.049989e+001
1.610305e+002	-1.993801e+001
1.611703e+002	-1.905907e+001
1.610615e+002	-3.050317e+001
1.610947e+002	-3.490528e+001
1.611990e+002	-3.578683e+001
1.613388e+002	-3.490746e+001
1.612478e+002	-4.547153e+001
1.611567e+002	-5.603559e+001
1.615451e+002	-4.283318e+001
1.621644e+002	-1.818733e+001
1.623753e+002	-1.378741e+001
1.622665e+002	-2.523149e+001
1.621221e+002	-3.843608e+001
1.621909e+002	-4.107814e+001
1.623662e+002	-3.843827e+001
1.627369e+002	-2.611589e+001
1.630898e+002	-1.467397e+001
1.633184e+002	-9.393574e+000
1.636003e+002	-1.472654e+000
1.636335e+002	-5.874763e+000
1.635602e+002	-1.555880e+001
1.637711e+002	-1.115844e+001
1.640885e+002	-1.477020e+000
1.644236e+002	9.084851e+000
1.645812e+002	1.084425e+001
1.647210e+002	1.172320e+001
1.647543e+002	7.321086e+000
1.644856e+002	-1.204546e+001
1.647675e+002	-4.124097e+000
1.651382e+002	8.197830e+000
1.650116e+002	-4.126273e+000
1.647962e+002	-2.085230e+001
1.648295e+002	-2.525441e+001
1.646674e+002	-3.933947e+001
1.646474e+002	-4.638210e+001
1.646807e+002	-5.078465e+001
1.648027e+002	-5.078575e+001
1.652266e+002	-3.582285e+001
1.656684e+002	-1.997946e+001
1.657549e+002	-2.174105e+001
1.658592e+002	-2.262262e+001
1.659812e+002	-2.262371e+001
1.657836e+002	-3.846882e+001
1.657458e+002	-4.639192e+001
1.662231e+002	-2.878849e+001
1.666292e+002	-1.470562e+001
1.663961e+002	-3.231167e+001
1.660387e+002	-5.607924e+001
1.660187e+002	-6.312231e+001
1.663006e+002	-5.520095e+001
1.667245e+002	-4.023804e+001
1.669531e+002	-3.495764e+001
1.670396e+002	-3.671923e+001
1.669131e+002	-4.904380e+001
1.671594e+002	-4.288337e+001
1.673170e+002	-4.112397e+001
1.678475e+002	-2.087958e+001
1.681649e+002	-1.119772e+001
1.681093e+002	-2.000129e+001
1.680360e+002	-2.968489e+001
1.679983e+002	-3.760844e+001
1.681203e+002	-3.760953e+001
1.685265e+002	-2.352665e+001
1.686130e+002	-2.528823e+001
1.688772e+002	-1.824734e+001
1.690347e+002	-1.648794e+001
1.686418e+002	-4.201601e+001
1.684974e+002	-5.522059e+001
1.686728e+002	-5.258115e+001
1.692033e+002	-3.233676e+001
1.694674e+002	-2.529588e+001
1.693941e+002	-3.497947e+001
1.696404e+002	-2.881905e+001
1.697980e+002	-2.705964e+001
1.699201e+002	-2.706073e+001
1.701131e+002	-2.354083e+001
1.707147e+002	2.245326e-001
1.710498e+002	1.078643e+001
1.706746e+002	-1.386160e+001
1.700863e+002	-4.907216e+001
1.701906e+002	-4.995329e+001
1.708810e+002	-2.178689e+001
1.713404e+002	-5.063483e+000
1.715157e+002	-2.423606e+000
1.716200e+002	-3.305172e+000
1.718486e+002	1.975212e+000
1.717753e+002	-7.708370e+000
1.714712e+002	-2.883542e+001
1.711493e+002	-5.084248e+001
1.712713e+002	-5.084357e+001
1.718196e+002	-2.971872e+001
1.720837e+002	-2.267826e+001
1.719571e+002	-3.500239e+001
1.719904e+002	-3.940494e+001
1.718993e+002	-4.996856e+001
1.719326e+002	-5.437112e+001
1.721257e+002	-5.085122e+001
1.725318e+002	-3.676833e+001
1.726006e+002	-3.941040e+001
1.726339e+002	-4.381251e+001
1.730401e+002	-2.972963e+001
1.730733e+002	-3.413218e+001
1.731243e+002	-3.765427e+001
1.732464e+002	-3.765535e+001
1.736170e+002	-2.533297e+001
1.738634e+002	-1.917255e+001
1.738434e+002	-2.621518e+001
1.739299e+002	-2.797677e+001
1.741940e+002	-2.093631e+001
1.746357e+002	-5.092943e+000
1.748821e+002	1.067463e+000
1.745069e+002	-2.358011e+001
1.740962e+002	-4.998820e+001
1.738098e+002	-7.023478e+001
1.737010e+002	-8.167932e+001
1.739829e+002	-7.375796e+001
1.744246e+002	-5.791502e+001
1.748663e+002	-4.207165e+001
1.756454e+002	-9.503784e+000
1.761404e+002	8.980094e+000
1.761559e+002	3.697520e+000
1.761714e+002	-1.585041e+000
1.762046e+002	-5.987150e+000
1.760780e+002	-1.831172e+001
1.756674e+002	-4.471981e+001
1.757006e+002	-4.912237e+001
1.758226e+002	-4.912346e+001
1.757139e+002	-6.056755e+001
1.759780e+002	-5.352665e+001
1.767215e+002	-2.271973e+001
1.771100e+002	-9.516882e+000
1.767703e+002	-3.240442e+001
1.769101e+002	-3.152504e+001
1.769434e+002	-3.592759e+001
1.768168e+002	-4.825171e+001
1.769389e+002	-4.825281e+001
1.771852e+002	-4.209237e+001
1.773605e+002	-3.945295e+001
1.775536e+002	-3.593304e+001
1.777467e+002	-3.241315e+001
1.780818e+002	-2.185126e+001
1.782217e+002	-2.097233e+001
1.784325e+002	-1.657195e+001
1.783770e+002	-2.537553e+001
1.781438e+002	-4.298159e+001
1.781594e+002	-4.826372e+001
1.785833e+002	-3.330081e+001
1.787941e+002	-2.890088e+001
1.789339e+002	-2.802150e+001
1.790382e+002	-2.890307e+001
1.791248e+002	-3.066466e+001
1.791225e+002	-3.682727e+001
1.794399e+002	-2.714585e+001
1.794731e+002	-3.154796e+001
1.794709e+002	-3.771101e+001
1.792378e+002	-5.531661e+001
1.792710e+002	-5.971917e+001
1.798370e+002	-3.771427e+001
1.803498e+002	-1.834992e+001
1.804896e+002	-1.747097e+001
1.807715e+002	-9.549607e+000
1.807514e+002	-1.659269e+001
1.801987e+002	-5.004275e+001
1.798235e+002	-7.469080e+001
1.801054e+002	-6.676944e+001
1.808134e+002	-3.772301e+001
1.812551e+002	-2.187964e+001
1.814660e+002	-1.747970e+001
1.815703e+002	-1.836083e+001
1.817278e+002	-1.660141e+001
1.817078e+002	-2.364449e+001
1.816523e+002	-3.244806e+001
1.815257e+002	-4.477219e+001
1.813281e+002	-6.061774e+001
1.817165e+002	-4.741533e+001
1.822115e+002	-2.893144e+001
1.824756e+002	-2.189054e+001
1.823491e+002	-3.421510e+001
1.822580e+002	-4.477873e+001
1.824333e+002	-4.213930e+001
1.829283e+002	-2.365541e+001
1.832812e+002	-1.221349e+001
1.835631e+002	-4.292127e+000
1.836851e+002	-4.293215e+000
1.839848e+002	4.507712e+000
1.840535e+002	1.866103e+000
1.840158e+002	-6.056993e+000
1.837294e+002	-2.630356e+001
1.838514e+002	-2.630466e+001
1.841333e+002	-1.838374e+001
1.843619e+002	-1.310334e+001
1.847326e+002	-7.814040e-001
1.848546e+002	-7.824921e-001
1.847813e+002	-1.046609e+001
1.847080e+002	-2.014968e+001
1.845104e+002	-3.599524e+001
1.844904e+002	-4.303832e+001
1.845947e+002	-4.391944e+001
1.848055e+002	-3.951951e+001
1.852650e+002	-2.279612e+001
1.856179e+002	-1.135375e+001
1.858820e+002	-4.312855e+000
1.859508e+002	-6.954921e+000
1.859840e+002	-1.135703e+001
1.861061e+002	-1.135812e+001
1.863702e+002	-4.317221e+000
1.865633e+002	-7.977664e-001
1.865078e+002	-9.600897e+000
1.865233e+002	-1.488347e+001
1.864322e+002	-2.544755e+001
1.866430e+002	-2.104761e+001
1.866230e+002	-2.809024e+001
1.867273e+002	-2.897181e+001
1.867606e+002	-3.337392e+001
1.869359e+002	-3.073448e+001
1.868093e+002	-4.305906e+001
1.868604e+002	-4.658069e+001
1.872310e+002	-3.425875e+001
1.872820e+002	-3.778084e+001
1.873863e+002	-3.866196e+001
1.877748e+002	-2.545954e+001
1.878791e+002	-2.634066e+001
1.880366e+002	-2.458127e+001
1.880521e+002	-2.986384e+001
1.882274e+002	-2.722441e+001
1.884205e+002	-2.370451e+001
1.883472e+002	-3.338810e+001
1.883982e+002	-3.691019e+001
1.885558e+002	-3.515078e+001
1.887134e+002	-3.339138e+001
1.890663e+002	-2.194946e+001
1.893126e+002	-1.578904e+001
1.892749e+002	-2.371214e+001
1.891661e+002	-3.515624e+001
1.893769e+002	-3.075631e+001
1.893391e+002	-3.867941e+001
1.893546e+002	-4.396200e+001
1.895655e+002	-3.956207e+001
1.898118e+002	-3.340120e+001
1.899871e+002	-3.076177e+001
1.899138e+002	-4.044537e+001
1.903023e+002	-2.724296e+001
1.905309e+002	-2.196256e+001
1.906174e+002	-2.372415e+001
1.908993e+002	-1.580323e+001
1.909325e+002	-2.020534e+001
1.906461e+002	-4.045191e+001
1.904663e+002	-5.541700e+001
1.906771e+002	-5.101707e+001
1.912787e+002	-2.725169e+001
1.916848e+002	-1.316881e+001
1.914872e+002	-2.901437e+001
1.917336e+002	-2.285395e+001
1.923174e+002	3.140823e-002
1.921553e+002	-1.405364e+001
1.919932e+002	-2.813826e+001
1.920087e+002	-3.342084e+001
1.917223e+002	-5.366741e+001
1.916845e+002	-6.159096e+001
1.918243e+002	-6.071159e+001
1.924614e+002	-3.518569e+001
1.929386e+002	-1.758227e+001
1.931850e+002	-1.142141e+001
1.932182e+002	-1.582396e+001
1.929673e+002	-3.431004e+001
1.933380e+002	-2.198766e+001
1.937975e+002	-5.264250e+000
1.937242e+002	-1.494786e+001
1.935088e+002	-3.167344e+001
1.937019e+002	-2.815354e+001
1.940370e+002	-1.759209e+001
1.942124e+002	-1.495223e+001
1.942811e+002	-1.759428e+001
1.942966e+002	-2.287685e+001
1.945075e+002	-1.847649e+001
1.946650e+002	-1.671708e+001
1.946273e+002	-2.464019e+001
1.946783e+002	-2.816226e+001
1.949957e+002	-1.848086e+001
1.949401e+002	-2.728442e+001
1.950089e+002	-2.992604e+001
1.953973e+002	-1.672363e+001
1.956615e+002	-9.682736e+000
1.956947e+002	-1.408529e+001
1.956392e+002	-2.288886e+001
1.957612e+002	-2.288995e+001
1.961497e+002	-9.687102e+000
1.964848e+002	8.743256e-001
1.962339e+002	-1.761174e+001
1.958765e+002	-4.137930e+001
1.960696e+002	-3.785940e+001
1.961916e+002	-3.786049e+001
1.964557e+002	-3.081960e+001
1.965956e+002	-2.994022e+001
1.967531e+002	-2.818081e+001
1.968219e+002	-3.082288e+001
1.968729e+002	-3.434495e+001
1.969417e+002	-3.698656e+001
1.971525e+002	-3.258665e+001
1.974166e+002	-2.554575e+001
1.974321e+002	-3.082833e+001
1.975009e+002	-3.346994e+001
1.974099e+002	-4.403401e+001
1.974609e+002	-4.755609e+001
1.977605e+002	-3.875471e+001
1.976517e+002	-5.019880e+001
1.975251e+002	-6.252336e+001
1.980201e+002	-4.403947e+001
1.983020e+002	-3.611855e+001
1.985306e+002	-3.083815e+001
1.987592e+002	-2.555776e+001
1.988102e+002	-2.907983e+001
1.987014e+002	-4.052392e+001
1.990188e+002	-3.084252e+001
1.992651e+002	-2.468164e+001
1.994050e+002	-2.380271e+001
1.995803e+002	-2.116328e+001
1.995070e+002	-3.084687e+001
1.995402e+002	-3.524898e+001
1.995557e+002	-4.053157e+001
1.994647e+002	-5.109563e+001
1.996045e+002	-5.021625e+001
2.001883e+002	-2.733134e+001
2.007898e+002	-3.565963e+000
2.010361e+002	2.594457e+000
2.013180e+002	1.051582e+001
2.015111e+002	1.403572e+001
2.014201e+002	3.471644e+000
2.015066e+002	1.710056e+000
2.018417e+002	1.227195e+001
2.018750e+002	7.869400e+000
2.015531e+002	-1.413767e+001
2.013732e+002	-2.910275e+001
2.015308e+002	-2.734335e+001
2.016529e+002	-2.734444e+001
2.019170e+002	-2.030354e+001
2.021811e+002	-1.326264e+001
2.021788e+002	-1.942570e+001
2.022831e+002	-2.030682e+001
2.026005e+002	-1.062540e+001
2.029712e+002	1.696971e+000
2.029867e+002	-3.585603e+000
2.029311e+002	-1.238916e+001
2.028578e+002	-2.207277e+001
2.027490e+002	-3.351687e+001
2.028356e+002	-3.527846e+001
2.030109e+002	-3.263902e+001
2.031152e+002	-3.352013e+001
2.031307e+002	-3.880272e+001
2.033593e+002	-3.352232e+001
2.039608e+002	-9.756931e+000
2.043315e+002	2.564997e+000
2.043647e+002	-1.837099e+000
2.043980e+002	-6.239209e+000
2.046088e+002	-1.839289e+000
2.046776e+002	-4.480899e+000
2.047464e+002	-7.122952e+000
2.047619e+002	-1.240554e+001
2.047774e+002	-1.768811e+001
2.046686e+002	-2.913221e+001
2.049149e+002	-2.297179e+001
2.053034e+002	-9.768941e+000
2.054609e+002	-8.009529e+000
2.052811e+002	-2.297507e+001
2.051545e+002	-3.529918e+001
2.052765e+002	-3.530027e+001
2.055407e+002	-2.825937e+001
2.059291e+002	-1.505697e+001
2.059979e+002	-1.769903e+001
2.061199e+002	-1.770012e+001
2.063308e+002	-1.329975e+001
2.062930e+002	-2.122330e+001
2.065571e+002	-1.418240e+001
2.067857e+002	-8.902003e+000
2.066946e+002	-1.946608e+001
2.066569e+002	-2.738917e+001
2.067079e+002	-3.091126e+001
2.067944e+002	-3.267285e+001
2.070053e+002	-2.827247e+001
2.070740e+002	-3.091452e+001
2.073026e+002	-2.563413e+001
2.077976e+002	-7.150236e+000
2.076710e+002	-1.947480e+001
2.076510e+002	-2.651743e+001
2.077198e+002	-2.915949e+001
2.079484e+002	-2.387909e+001
2.079639e+002	-2.916167e+001
2.078906e+002	-3.884526e+001
2.080304e+002	-3.796633e+001
2.081525e+002	-3.796743e+001
2.083100e+002	-3.620802e+001
2.080059e+002	-5.733462e+001
2.080391e+002	-6.173718e+001
2.084986e+002	-4.501333e+001
2.089936e+002	-2.652944e+001
2.093287e+002	-1.596800e+001
2.091844e+002	-2.917258e+001
2.091999e+002	-3.445516e+001
2.093752e+002	-3.181529e+001
2.094972e+002	-3.181638e+001
2.097081e+002	-2.741646e+001
2.099012e+002	-2.389655e+001
2.100055e+002	-2.477767e+001
2.100742e+002	-2.741972e+001
2.101253e+002	-3.094181e+001
2.103361e+002	-2.654143e+001
2.108133e+002	-8.938006e+000
2.109709e+002	-7.178608e+000
2.108621e+002	-1.862270e+001
2.109131e+002	-2.214478e+001
2.110706e+002	-2.038538e+001
2.113348e+002	-1.334448e+001
2.113325e+002	-1.950753e+001
2.114545e+002	-1.950862e+001
2.113457e+002	-3.095272e+001
2.111659e+002	-4.591781e+001
2.112879e+002	-4.591890e+001
2.115876e+002	-3.711750e+001
2.118517e+002	-3.007662e+001
2.122046e+002	-1.863470e+001
2.124687e+002	-1.159382e+001
2.125375e+002	-1.423587e+001
2.123754e+002	-2.832048e+001
2.124264e+002	-3.184257e+001
2.125662e+002	-3.096363e+001
2.127770e+002	-2.656326e+001
2.128458e+002	-2.920532e+001
2.127015e+002	-4.240991e+001
2.126992e+002	-4.857252e+001
2.127325e+002	-5.297507e+001
2.127835e+002	-5.649715e+001
2.130121e+002	-5.121675e+001
2.132939e+002	-4.329583e+001
2.132029e+002	-5.385946e+001
2.131296e+002	-6.354350e+001
2.136423e+002	-4.417913e+001
2.141906e+002	-2.305472e+001
2.142238e+002	-2.745683e+001
2.143459e+002	-2.745791e+001
2.138286e+002	-5.914749e+001
2.136666e+002	-7.323255e+001
2.141438e+002	-5.562868e+001
2.144256e+002	-4.770776e+001
2.147430e+002	-3.802635e+001
2.148118e+002	-4.066796e+001
2.149338e+002	-4.066905e+001
2.150026e+002	-4.331110e+001
2.150181e+002	-4.859325e+001
2.151934e+002	-4.595382e+001
2.154931e+002	-3.715243e+001
2.154375e+002	-4.595599e+001
2.151334e+002	-6.708260e+001
2.155396e+002	-5.300017e+001
2.158214e+002	-4.507881e+001
2.158547e+002	-4.948136e+001
2.158524e+002	-5.564397e+001
2.160455e+002	-5.212406e+001
2.162564e+002	-4.772414e+001
2.161653e+002	-5.828819e+001
2.161275e+002	-6.621131e+001
2.165337e+002	-5.212842e+001
2.168156e+002	-4.420750e+001
2.171330e+002	-3.452608e+001
2.173438e+002	-3.012572e+001
2.176612e+002	-2.044430e+001
2.180674e+002	-6.361430e+000
2.182249e+002	-4.602018e+000
2.179918e+002	-2.220806e+001
2.181671e+002	-1.956865e+001
2.184845e+002	-9.886781e+000
2.184290e+002	-1.869036e+001
2.181959e+002	-3.629640e+001
2.182291e+002	-4.069851e+001
2.184222e+002	-3.717861e+001
2.185975e+002	-3.453918e+001
2.189327e+002	-2.397730e+001
2.191613e+002	-1.869690e+001
2.191413e+002	-2.573997e+001
2.191212e+002	-3.278305e+001
2.189947e+002	-4.510718e+001
2.192410e+002	-3.894675e+001
2.198425e+002	-1.518137e+001
2.203198e+002	2.422048e+000
2.202642e+002	-6.381070e+000
2.200311e+002	-2.398712e+001
2.202775e+002	-1.782670e+001
2.205771e+002	-9.025299e+000
2.205748e+002	-1.518791e+001
2.204305e+002	-2.839250e+001
2.207301e+002	-1.959155e+001
2.209410e+002	-1.519119e+001
2.210630e+002	-1.519227e+001
2.210785e+002	-2.047485e+001
2.210940e+002	-2.575744e+001
2.208431e+002	-4.424352e+001
2.209652e+002	-4.424460e+001
2.213359e+002	-3.192222e+001
2.215112e+002	-2.928279e+001
2.214379e+002	-3.896639e+001
2.214534e+002	-4.424897e+001
2.218241e+002	-3.192659e+001
2.221237e+002	-2.312563e+001
2.220681e+002	-3.192877e+001
2.219771e+002	-4.249284e+001
2.221702e+002	-3.897294e+001
2.226296e+002	-2.224953e+001
2.230180e+002	-9.047128e+000
2.230868e+002	-1.168874e+001
2.231378e+002	-1.521083e+001
2.231711e+002	-1.961338e+001
2.230978e+002	-2.929697e+001
2.234507e+002	-1.785507e+001
2.239279e+002	-2.511987e-001
2.240677e+002	6.277347e-001
2.243674e+002	9.429119e+000
2.243118e+002	6.255450e-001
2.238834e+002	-2.666255e+001
2.235792e+002	-4.778960e+001
2.237545e+002	-4.514972e+001
2.239476e+002	-4.163027e+001
2.239453e+002	-4.779288e+001
2.239786e+002	-5.219498e+001
2.241717e+002	-4.867509e+001
2.241517e+002	-5.571816e+001
2.241139e+002	-6.364170e+001
2.247509e+002	-3.811582e+001
2.251571e+002	-2.403294e+001
2.252969e+002	-2.315400e+001
2.254545e+002	-2.139461e+001
2.254700e+002	-2.667674e+001
2.253789e+002	-3.724081e+001
2.255720e+002	-3.372090e+001
2.255875e+002	-3.900349e+001
2.256385e+002	-4.252558e+001
2.258849e+002	-3.636514e+001
2.263088e+002	-2.140224e+001
2.261823e+002	-3.372637e+001
2.260024e+002	-4.869145e+001
2.261422e+002	-4.781252e+001
2.265839e+002	-3.196915e+001
2.269901e+002	-1.788671e+001
2.271477e+002	-1.612731e+001
2.271454e+002	-2.228990e+001
2.270366e+002	-3.373400e+001
2.270343e+002	-3.989705e+001
2.270321e+002	-4.605966e+001
2.269055e+002	-5.838422e+001
2.270098e+002	-5.926534e+001
2.273094e+002	-5.046395e+001
2.273604e+002	-5.398603e+001
2.273759e+002	-5.926861e+001
2.276578e+002	-5.134769e+001
2.281350e+002	-3.374382e+001
2.282571e+002	-3.374491e+001
2.283258e+002	-3.638697e+001
2.284479e+002	-3.638806e+001
2.285522e+002	-3.726918e+001
2.284079e+002	-5.047377e+001
2.281570e+002	-6.895984e+001
2.284211e+002	-6.191939e+001
2.291114e+002	-3.375255e+001
2.295709e+002	-1.702915e+001
2.296041e+002	-2.143170e+001
2.295308e+002	-3.111531e+001
2.292267e+002	-5.224189e+001
2.293310e+002	-5.312346e+001
2.297372e+002	-3.904059e+001
2.299125e+002	-3.640116e+001
2.300345e+002	-3.640225e+001
2.300145e+002	-4.344532e+001
2.301543e+002	-4.256594e+001
2.300633e+002	-5.313000e+001
2.300077e+002	-6.193358e+001
2.302186e+002	-5.753322e+001
2.308556e+002	-3.200732e+001
2.310487e+002	-2.848743e+001
2.312240e+002	-2.584799e+001
2.311507e+002	-3.553160e+001
2.314148e+002	-2.849070e+001
2.317855e+002	-1.616876e+001
2.321029e+002	-6.486901e+000
2.320296e+002	-1.617095e+001
2.319741e+002	-2.497407e+001
2.323270e+002	-1.353216e+001
2.322182e+002	-2.497626e+001
2.320916e+002	-3.730082e+001
2.324445e+002	-2.585892e+001
2.328329e+002	-1.265650e+001
2.328484e+002	-1.793908e+001
2.323489e+002	-4.874819e+001
2.323822e+002	-5.315075e+001
2.326818e+002	-4.434935e+001
2.326085e+002	-5.403294e+001
2.328371e+002	-4.875256e+001
2.335097e+002	-2.146663e+001
2.340579e+002	-3.417559e-001
2.341089e+002	-3.863844e+000
2.339468e+002	-1.794890e+001
2.339801e+002	-2.235101e+001
2.344041e+002	-7.388108e+000
2.343485e+002	-1.619168e+001
2.343640e+002	-2.147426e+001
2.344506e+002	-2.323584e+001
2.342352e+002	-3.996143e+001
2.341264e+002	-5.140552e+001
2.342129e+002	-5.316711e+001
2.345126e+002	-4.436573e+001
2.348832e+002	-3.204334e+001
2.352184e+002	-2.148190e+001
2.350918e+002	-3.380602e+001
2.347699e+002	-5.581308e+001
2.350695e+002	-4.701170e+001
2.354757e+002	-3.292926e+001
2.353846e+002	-4.349333e+001
2.355955e+002	-3.909296e+001
2.361615e+002	-1.708807e+001
2.363723e+002	-1.268815e+001
2.364411e+002	-1.532976e+001
2.364566e+002	-2.061234e+001
2.363123e+002	-3.381692e+001
2.362035e+002	-4.526102e+001
2.364498e+002	-3.910060e+001
2.366251e+002	-3.646117e+001
2.369958e+002	-2.413878e+001
2.371001e+002	-2.501991e+001
2.368670e+002	-4.262595e+001
2.367937e+002	-5.230955e+001
2.368802e+002	-5.407114e+001
2.368602e+002	-6.111421e+001
2.367159e+002	-7.431881e+001
2.368202e+002	-7.520037e+001
2.372441e+002	-6.023747e+001
2.375082e+002	-5.319657e+001
2.376480e+002	-5.231719e+001
2.377878e+002	-5.143826e+001
2.380520e+002	-4.439736e+001
2.382805e+002	-3.911696e+001
2.386690e+002	-2.591456e+001
2.390397e+002	-1.359217e+001
2.390906e+002	-1.711426e+001
