    nm         	pN
0.000000e+000	5.778025e+002
-1.089725e-001	5.663502e+002
-3.246588e-001	5.496084e+002
-1.846421e-001	5.504979e+002
-1.513303e-001	5.460983e+002
-1.713810e-001	5.390536e+002
-4.914627e-002	5.390617e+002
-3.362420e-002	5.337804e+002
-5.367376e-002	5.267358e+002
-2.036307e-002	5.223361e+002
-2.263074e-002	5.161729e+002
-2.489056e-002	5.100101e+002
8.421250e-003	5.056106e+002
4.172410e-002	5.012105e+002
3.893759e-003	4.932846e+002
-1.762209e-001	4.783060e+002
-1.429192e-001	4.739059e+002
-5.625606e-002	4.721508e+002
-4.072502e-002	4.668698e+002
-7.422169e-003	4.624698e+002
2.588908e-002	4.580702e+002
2.362086e-002	4.519070e+002
-8.535164e-002	4.404547e+002
1.311467e-003	4.386996e+002
-5.430862e-002	4.298918e+002
-1.632806e-001	4.184396e+002
-1.477590e-001	4.131582e+002
1.004622e-002	4.149294e+002
-1.000334e-002	4.078848e+002
-6.561503e-002	3.990775e+002
-1.568067e-001	3.885066e+002
-3.724919e-001	3.717648e+002
-3.391896e-001	3.673647e+002
-1.813838e-001	3.691360e+002
-1.480720e-001	3.647364e+002
-2.214740e-001	3.550473e+002
-2.059519e-001	3.497659e+002
-6.593637e-002	3.506554e+002
-1.215570e-001	3.418476e+002
-2.661006e-001	3.286321e+002
-1.616472e-001	3.277589e+002
-1.639154e-001	3.215957e+002
-1.839560e-001	3.145515e+002
-7.951156e-002	3.136778e+002
4.272318e-002	3.136859e+002
4.892840e-003	3.057600e+002
-1.218705e-001	2.934258e+002
-1.741655e-002	2.925526e+002
-7.303663e-002	2.837449e+002
-5.751512e-002	2.784634e+002
-5.977495e-002	2.723007e+002
-4.425343e-002	2.670192e+002
-2.873192e-002	2.617378e+002
-4.878148e-002	2.546932e+002
2.311108e-003	2.511750e+002
5.340426e-002	2.476568e+002
6.892577e-002	2.423754e+002
1.200178e-001	2.388571e+002
2.600423e-001	2.397470e+002
2.755638e-001	2.344656e+002
2.377335e-001	2.265396e+002
3.599682e-001	2.265478e+002
2.865578e-001	2.168582e+002
1.420142e-001	2.036427e+002
1.219647e-001	1.965982e+002
2.619892e-001	1.974881e+002
4.197950e-001	1.992593e+002
4.530967e-001	1.948593e+002
5.219796e-001	1.922228e+002
4.485782e-001	1.825337e+002
4.818810e-001	1.781337e+002
2.839856e-001	1.622737e+002
2.283644e-001	1.534659e+002
3.861702e-001	1.552372e+002
4.906147e-001	1.543635e+002
4.527843e-001	1.464375e+002
4.683058e-001	1.411561e+002
6.083309e-001	1.420460e+002
5.349199e-001	1.323565e+002
5.148794e-001	1.253123e+002
6.548949e-001	1.262018e+002
6.882067e-001	1.218022e+002
7.926512e-001	1.209285e+002
9.148853e-001	1.209366e+002
8.948358e-001	1.138920e+002
9.637192e-001	1.112555e+002
1.050382e+000	1.095005e+002
9.769804e-001	9.981134e+001
8.857898e-001	8.924043e+001
1.008023e+000	8.924852e+001
1.094688e+000	8.749344e+001
1.074638e+000	8.044886e+001
1.054589e+000	7.340428e+001
1.141252e+000	7.164920e+001
1.174563e+000	6.724959e+001
1.118943e+000	5.844184e+001
1.063322e+000	4.963410e+001
1.061063e+000	4.347132e+001
1.272221e+000	4.788711e+001
1.287742e+000	4.260570e+001
1.267701e+000	3.556156e+001
1.301004e+000	3.116151e+001
1.423239e+000	3.116961e+001
1.278695e+000	1.795416e+001
1.134152e+000	4.738707e+000
1.131892e+000	-1.424064e+000
1.236337e+000	-2.297771e+000
1.323000e+000	-4.052844e+000
1.409664e+000	-5.807930e+000
1.567470e+000	-4.036656e+000
1.618562e+000	-7.554902e+000
1.580732e+000	-1.548085e+001
1.774108e+000	-1.194643e+001
1.842981e+000	-1.458331e+001
1.698438e+000	-2.779876e+001
1.571676e+000	-4.013284e+001
1.587206e+000	-4.541382e+001
1.602728e+000	-5.069522e+001
1.582678e+000	-5.773980e+001
1.544848e+000	-6.566574e+001
1.613721e+000	-6.830264e+001
1.842669e+000	-6.300503e+001
1.715906e+000	-7.533912e+001
1.695857e+000	-8.238371e+001
1.818092e+000	-8.237561e+001
1.904755e+000	-8.413068e+001
2.133702e+000	-7.883309e+001
2.238156e+000	-7.970635e+001
2.271459e+000	-8.410641e+001
2.429264e+000	-8.233515e+001
2.302511e+000	-9.466879e+001
2.460316e+000	-9.289753e+001
2.635902e+000	-9.024490e+001
2.615853e+000	-9.728948e+001
2.791449e+000	-9.463641e+001
3.055967e+000	-8.757565e+001
3.107059e+000	-9.109389e+001
2.944727e+000	-1.051911e+002
2.711251e+000	-1.228147e+002
2.726773e+000	-1.280962e+002
2.635590e+000	-1.386666e+002
2.544398e+000	-1.492376e+002
2.631062e+000	-1.509926e+002
2.753296e+000	-1.509845e+002
2.822180e+000	-1.536210e+002
2.891053e+000	-1.562579e+002
3.226713e+000	-1.456707e+002
3.633515e+000	-1.315573e+002
3.577895e+000	-1.403651e+002
3.433352e+000	-1.535805e+002
3.466654e+000	-1.579806e+002
3.588889e+000	-1.579725e+002
3.835627e+000	-1.517931e+002
3.833358e+000	-1.579563e+002
4.097876e+000	-1.508955e+002
4.433537e+000	-1.403084e+002
4.395698e+000	-1.482348e+002
4.268943e+000	-1.605684e+002
4.373389e+000	-1.614421e+002
4.637907e+000	-1.543814e+002
4.706790e+000	-1.570178e+002
4.775663e+000	-1.596547e+002
4.844546e+000	-1.622911e+002
5.251339e+000	-1.481781e+002
5.355793e+000	-1.490514e+002
5.157888e+000	-1.649118e+002
5.297913e+000	-1.640219e+002
5.224511e+000	-1.737110e+002
5.489021e+000	-1.666507e+002
5.717969e+000	-1.613531e+002
5.573424e+000	-1.745686e+002
5.411092e+000	-1.886658e+002
5.319909e+000	-1.992363e+002
5.477714e+000	-1.974650e+002
5.404305e+000	-2.071546e+002
5.366474e+000	-2.150805e+002
5.542060e+000	-2.124279e+002
5.504230e+000	-2.203538e+002
5.466398e+000	-2.282798e+002
5.481920e+000	-2.335612e+002
5.746439e+000	-2.265004e+002
6.028739e+000	-2.185583e+002
6.044260e+000	-2.238397e+002
6.273208e+000	-2.185421e+002
6.306519e+000	-2.229417e+002
6.179757e+000	-2.352758e+002
6.479846e+000	-2.264519e+002
6.744365e+000	-2.193911e+002
6.902171e+000	-2.176198e+002
6.917692e+000	-2.229013e+002
7.004355e+000	-2.246563e+002
7.019877e+000	-2.299377e+002
7.017618e+000	-2.361005e+002
7.193203e+000	-2.334479e+002
7.404361e+000	-2.290321e+002
7.473244e+000	-2.316685e+002
7.524338e+000	-2.351868e+002
7.504288e+000	-2.422313e+002
7.679883e+000	-2.395783e+002
8.086676e+000	-2.254653e+002
8.422337e+000	-2.148782e+002
8.562361e+000	-2.139883e+002
8.595665e+000	-2.183883e+002
8.753470e+000	-2.166171e+002
9.071340e+000	-2.069118e+002
8.944586e+000	-2.192454e+002
8.764463e+000	-2.342245e+002
8.726633e+000	-2.421504e+002
8.724373e+000	-2.483132e+002
8.953321e+000	-2.430156e+002
9.360114e+000	-2.289026e+002
1.008705e+001	-1.989206e+002
1.083177e+001	-1.680577e+002
1.118522e+001	-1.565888e+002
1.128966e+001	-1.574625e+002
1.121626e+001	-1.671517e+002
1.132071e+001	-1.680254e+002
1.128288e+001	-1.759513e+002
1.133397e+001	-1.794696e+002
1.149177e+001	-1.776983e+002
1.147172e+001	-1.847429e+002
1.191410e+001	-1.688663e+002
1.258768e+001	-1.415293e+002
1.294112e+001	-1.300608e+002
1.324121e+001	-1.212369e+002
1.357687e+001	-1.106498e+002
1.375246e+001	-1.079971e+002
1.383912e+001	-1.097522e+002
1.367679e+001	-1.238495e+002
1.403024e+001	-1.123806e+002
1.433032e+001	-1.035571e+002
1.468377e+001	-9.208814e+001
1.496607e+001	-8.414601e+001
1.499938e+001	-8.854562e+001
1.513940e+001	-8.765615e+001
1.519049e+001	-9.117440e+001
1.513487e+001	-9.998215e+001
1.545275e+001	-9.027640e+001
1.552162e+001	-9.291330e+001
1.576836e+001	-8.673388e+001
1.615737e+001	-7.350225e+001
1.619067e+001	-7.790230e+001
1.599278e+001	-9.376228e+001
1.599051e+001	-9.992551e+001
1.607717e+001	-1.016806e+002
1.605713e+001	-1.087247e+002
1.628607e+001	-1.034276e+002
1.633717e+001	-1.069453e+002
1.633490e+001	-1.131086e+002
1.661720e+001	-1.051664e+002
1.666831e+001	-1.086842e+002
1.647040e+001	-1.245447e+002
1.662821e+001	-1.227734e+002
1.696387e+001	-1.121863e+002
1.697939e+001	-1.174677e+002
1.679927e+001	-1.324463e+002
1.667251e+001	-1.447804e+002
1.659911e+001	-1.544695e+002
1.668577e+001	-1.562246e+002
1.680801e+001	-1.562165e+002
1.689467e+001	-1.579716e+002
1.692797e+001	-1.623716e+002
1.712135e+001	-1.588372e+002
1.736809e+001	-1.526578e+002
1.736582e+001	-1.588210e+002
1.748806e+001	-1.588129e+002
1.755694e+001	-1.614494e+002
1.762581e+001	-1.640863e+002
1.799704e+001	-1.517360e+002
1.820820e+001	-1.473202e+002
1.804587e+001	-1.614170e+002
1.779462e+001	-1.799220e+002
1.791685e+001	-1.799139e+002
1.800352e+001	-1.816689e+002
1.794790e+001	-1.904767e+002
1.810570e+001	-1.887054e+002
1.835243e+001	-1.825265e+002
1.813674e+001	-1.992682e+002
1.795663e+001	-2.142469e+002
1.822115e+001	-2.071861e+002
1.829002e+001	-2.098230e+002
1.835890e+001	-2.124594e+002
1.853449e+001	-2.098068e+002
1.863894e+001	-2.106801e+002
1.863669e+001	-2.168428e+002
1.877670e+001	-2.159534e+002
1.886336e+001	-2.177085e+002
1.895003e+001	-2.194635e+002
1.919677e+001	-2.132841e+002
1.926564e+001	-2.159210e+002
1.922781e+001	-2.238469e+002
1.927890e+001	-2.273652e+002
1.947228e+001	-2.238308e+002
1.936330e+001	-2.352831e+002
1.923654e+001	-2.476171e+002
1.925206e+001	-2.528985e+002
1.894745e+001	-2.740485e+002
1.894519e+001	-2.802113e+002
1.931642e+001	-2.678610e+002
1.977657e+001	-2.511030e+002
1.975652e+001	-2.581476e+002
1.968312e+001	-2.678367e+002
2.001878e+001	-2.572496e+002
2.017658e+001	-2.554788e+002
2.006761e+001	-2.669311e+002
2.006535e+001	-2.730939e+002
2.036544e+001	-2.642699e+002
2.068331e+001	-2.545646e+002
2.069883e+001	-2.598460e+002
2.023415e+001	-2.889300e+002
2.042752e+001	-2.853955e+002
2.101218e+001	-2.624662e+002
2.102770e+001	-2.677477e+002
2.100765e+001	-2.747922e+002
2.107653e+001	-2.774287e+002
2.121655e+001	-2.765392e+002
2.144550e+001	-2.712416e+002
2.227914e+001	-2.359706e+002
2.355742e+001	-1.786602e+002
2.456892e+001	-1.345733e+002
2.506465e+001	-1.160522e+002
2.534696e+001	-1.081096e+002
2.552254e+001	-1.054570e+002
2.528907e+001	-1.230806e+002
2.535795e+001	-1.257170e+002
2.555133e+001	-1.221826e+002
2.531785e+001	-1.398062e+002
2.536894e+001	-1.433244e+002
2.602475e+001	-1.168688e+002
2.664496e+001	-9.217675e+001
2.669606e+001	-9.569499e+001
2.648037e+001	-1.124368e+002
2.628247e+001	-1.282968e+002
2.658255e+001	-1.194733e+002
2.686486e+001	-1.115307e+002
2.677367e+001	-1.221016e+002
2.698483e+001	-1.176858e+002
2.701814e+001	-1.220854e+002
2.717595e+001	-1.203142e+002
2.735153e+001	-1.176615e+002
2.754491e+001	-1.141271e+002
2.784500e+001	-1.053032e+002
2.766489e+001	-1.202818e+002
2.782269e+001	-1.185105e+002
2.812278e+001	-1.096866e+002
2.812051e+001	-1.158498e+002
2.786926e+001	-1.343548e+002
2.777806e+001	-1.449257e+002
2.779359e+001	-1.502067e+002
2.773797e+001	-1.590144e+002
2.780685e+001	-1.616513e+002
2.826700e+001	-1.448933e+002
2.856709e+001	-1.360694e+002
2.860040e+001	-1.404690e+002
2.895385e+001	-1.290005e+002
2.934286e+001	-1.157689e+002
2.921610e+001	-1.281025e+002
2.933834e+001	-1.280944e+002
2.940721e+001	-1.307313e+002
2.970730e+001	-1.219074e+002
3.009631e+001	-1.086757e+002
3.025412e+001	-1.069045e+002
3.021629e+001	-1.148304e+002
3.000060e+001	-1.315722e+002
3.010505e+001	-1.324459e+002
3.033400e+001	-1.271483e+002
3.042066e+001	-1.289034e+002
3.052511e+001	-1.297767e+002
3.070070e+001	-1.271240e+002
3.110750e+001	-1.130106e+002
3.131866e+001	-1.085948e+002
3.151204e+001	-1.050604e+002
3.170541e+001	-1.015259e+002
3.168536e+001	-1.085705e+002
3.168310e+001	-1.147333e+002
3.146742e+001	-1.314751e+002
3.139401e+001	-1.411646e+002
3.197867e+001	-1.182354e+002
3.254553e+001	-9.618786e+001
3.275669e+001	-9.177207e+001
3.275443e+001	-9.793484e+001
3.255652e+001	-1.137953e+002
3.250090e+001	-1.226030e+002
3.260536e+001	-1.234763e+002
3.263867e+001	-1.278759e+002
3.286761e+001	-1.225787e+002
3.293649e+001	-1.252152e+002
3.266744e+001	-1.446019e+002
3.264740e+001	-1.516461e+002
3.255621e+001	-1.622170e+002
3.269623e+001	-1.613275e+002
3.301411e+001	-1.516218e+002
3.315412e+001	-1.507323e+002
3.327636e+001	-1.507242e+002
3.373651e+001	-1.339663e+002
3.380540e+001	-1.366027e+002
3.374977e+001	-1.454105e+002
3.335623e+001	-1.709681e+002
3.292712e+001	-1.982889e+002
3.299601e+001	-2.009253e+002
3.359844e+001	-1.771147e+002
3.398746e+001	-1.638830e+002
3.402076e+001	-1.682831e+002
3.407186e+001	-1.718009e+002
3.390953e+001	-1.858981e+002
3.394283e+001	-1.902982e+002
3.426071e+001	-1.805925e+002
3.448966e+001	-1.752949e+002
3.477195e+001	-1.673527e+002
3.473412e+001	-1.752787e+002
3.464293e+001	-1.858496e+002
3.478295e+001	-1.849601e+002
3.490518e+001	-1.849520e+002
3.506299e+001	-1.831808e+002
3.527416e+001	-1.787645e+002
3.528968e+001	-1.840459e+002
3.507399e+001	-2.007877e+002
3.510729e+001	-2.051878e+002
3.533624e+001	-1.998902e+002
3.563633e+001	-1.910662e+002
3.556293e+001	-2.007554e+002
3.545396e+001	-2.122076e+002
3.523827e+001	-2.289499e+002
3.521822e+001	-2.359940e+002
3.539381e+001	-2.333414e+002
3.588953e+001	-2.148202e+002
3.643862e+001	-1.936541e+002
3.656086e+001	-1.936460e+002
3.652302e+001	-2.015724e+002
3.659190e+001	-2.042089e+002
3.657185e+001	-2.112534e+002
3.664073e+001	-2.138899e+002
3.644283e+001	-2.297503e+002
3.617378e+001	-2.491371e+002
3.631380e+001	-2.482472e+002
3.656054e+001	-2.420682e+002
3.670056e+001	-2.411783e+002
3.662715e+001	-2.508679e+002
3.660711e+001	-2.579120e+002
3.676491e+001	-2.561407e+002
3.726064e+001	-2.376196e+002
3.772080e+001	-2.208616e+002
3.809201e+001	-2.085118e+002
3.816090e+001	-2.111482e+002
3.819421e+001	-2.155478e+002
3.863657e+001	-1.996717e+002
3.866989e+001	-2.040713e+002
3.825856e+001	-2.305107e+002
3.806066e+001	-2.463707e+002
3.839632e+001	-2.357836e+002
3.867862e+001	-2.278414e+002
3.885421e+001	-2.251888e+002
3.883416e+001	-2.322334e+002
3.860069e+001	-2.498566e+002
3.850950e+001	-2.604275e+002
3.872066e+001	-2.560113e+002
3.886068e+001	-2.551218e+002
3.894734e+001	-2.568769e+002
3.931858e+001	-2.445266e+002
3.974316e+001	-2.295318e+002
3.997211e+001	-2.242342e+002
3.988092e+001	-2.348051e+002
4.016321e+001	-2.268630e+002
4.069451e+001	-2.065786e+002
4.076340e+001	-2.092151e+002
4.061885e+001	-2.224305e+002
4.077666e+001	-2.206593e+002
4.070325e+001	-2.303488e+002
4.041642e+001	-2.506169e+002
4.048530e+001	-2.532534e+002
4.064310e+001	-2.514821e+002
4.058749e+001	-2.602899e+002
4.042515e+001	-2.743872e+002
4.083196e+001	-2.602737e+002
4.155889e+001	-2.302922e+002
4.209019e+001	-2.100079e+002
4.239028e+001	-2.011839e+002
4.276151e+001	-1.888336e+002
4.270589e+001	-1.976414e+002
4.257912e+001	-2.099755e+002
4.318156e+001	-1.861648e+002
4.317930e+001	-1.923276e+002
4.333711e+001	-1.905563e+002
4.360163e+001	-1.834956e+002
4.381278e+001	-1.790798e+002
4.404173e+001	-1.737822e+002
4.450188e+001	-1.570242e+002
4.480198e+001	-1.482003e+002
4.471078e+001	-1.587712e+002
4.495752e+001	-1.525918e+002
4.493747e+001	-1.596363e+002
4.488185e+001	-1.684441e+002
4.496852e+001	-1.701992e+002
4.523303e+001	-1.631384e+002
4.581768e+001	-1.402096e+002
4.622449e+001	-1.260961e+002
4.615108e+001	-1.357852e+002
4.602432e+001	-1.481193e+002
4.639555e+001	-1.357690e+002
4.644664e+001	-1.392873e+002
4.639102e+001	-1.480950e+002
4.628205e+001	-1.595473e+002
4.647543e+001	-1.560129e+002
4.673995e+001	-1.489521e+002
4.679104e+001	-1.524704e+002
4.669985e+001	-1.630413e+002
4.676872e+001	-1.656782e+002
4.703324e+001	-1.586174e+002
4.720884e+001	-1.559643e+002
4.759785e+001	-1.427327e+002
4.775565e+001	-1.409614e+002
4.789567e+001	-1.400720e+002
4.839140e+001	-1.215508e+002
4.863813e+001	-1.153714e+002
4.854694e+001	-1.259423e+002
4.845575e+001	-1.365133e+002
4.843570e+001	-1.435578e+002
4.861129e+001	-1.409048e+002
4.900031e+001	-1.276731e+002
4.935375e+001	-1.162047e+002
4.947598e+001	-1.161966e+002
4.940258e+001	-1.258857e+002
4.966710e+001	-1.188249e+002
4.987826e+001	-1.144091e+002
4.992935e+001	-1.179274e+002
5.008716e+001	-1.161561e+002
5.004933e+001	-1.240821e+002
5.027827e+001	-1.187844e+002
5.025822e+001	-1.258290e+002
4.997140e+001	-1.460971e+002
4.995135e+001	-1.531417e+002
5.028701e+001	-1.425546e+002
5.053374e+001	-1.363757e+002
5.060262e+001	-1.390121e+002
5.060035e+001	-1.451753e+002
5.074038e+001	-1.442854e+002
5.095153e+001	-1.398696e+002
5.107377e+001	-1.398615e+002
5.105372e+001	-1.469057e+002
5.115817e+001	-1.477794e+002
5.117369e+001	-1.530608e+002
5.106472e+001	-1.645131e+002
5.124031e+001	-1.618605e+002
5.138033e+001	-1.609706e+002
5.153814e+001	-1.591993e+002
5.135802e+001	-1.741779e+002
5.117790e+001	-1.891570e+002
5.110450e+001	-1.988461e+002
5.138681e+001	-1.909035e+002
5.179360e+001	-1.767905e+002
5.184469e+001	-1.803088e+002
5.175351e+001	-1.908792e+002
5.200024e+001	-1.847003e+002
5.230033e+001	-1.758763e+002
5.228028e+001	-1.829209e+002
5.208237e+001	-1.987813e+002
5.232911e+001	-1.926019e+002
5.268255e+001	-1.811335e+002
5.291150e+001	-1.758359e+002
5.274917e+001	-1.899331e+002
5.265797e+001	-2.005040e+002
5.308256e+001	-1.855092e+002
5.336487e+001	-1.775667e+002
5.327368e+001	-1.881376e+002
5.330699e+001	-1.925372e+002
5.330472e+001	-1.987004e+002
5.355146e+001	-1.925210e+002
5.344247e+001	-2.039737e+002
5.347579e+001	-2.083733e+002
5.393594e+001	-1.916153e+002
5.407597e+001	-1.907254e+002
5.418041e+001	-1.915992e+002
5.430264e+001	-1.915911e+002
5.454937e+001	-1.854121e+002
5.465382e+001	-1.862854e+002
5.461600e+001	-1.942113e+002
5.459595e+001	-2.012559e+002
5.478932e+001	-1.977215e+002
5.496491e+001	-1.950688e+002
5.492708e+001	-2.029948e+002
5.497817e+001	-2.065130e+002
5.524269e+001	-1.994523e+002
5.527599e+001	-2.038523e+002
5.536265e+001	-2.056074e+002
5.557382e+001	-2.011911e+002
5.596284e+001	-1.879595e+002
5.633407e+001	-1.756092e+002
5.624288e+001	-1.861802e+002
5.638289e+001	-1.852907e+002
5.671855e+001	-1.747036e+002
5.669850e+001	-1.817482e+002
5.698081e+001	-1.738056e+002
5.724532e+001	-1.667453e+002
5.724306e+001	-1.729080e+002
5.724080e+001	-1.790708e+002
5.757646e+001	-1.684837e+002
5.769870e+001	-1.684756e+002
5.757193e+001	-1.808097e+002
5.776531e+001	-1.772753e+002
5.790532e+001	-1.763858e+002
5.811649e+001	-1.719696e+002
5.798973e+001	-1.843037e+002
5.777405e+001	-2.010455e+002
5.807413e+001	-1.922215e+002
5.860543e+001	-1.719372e+002
5.872766e+001	-1.719291e+002
5.868982e+001	-1.798555e+002
5.898992e+001	-1.710316e+002
5.905880e+001	-1.736680e+002
5.898539e+001	-1.833576e+002
5.939219e+001	-1.692441e+002
5.956777e+001	-1.665915e+002
5.917424e+001	-1.921487e+002
5.918977e+001	-1.974301e+002
5.957878e+001	-1.841984e+002
5.984329e+001	-1.771377e+002
6.001888e+001	-1.744851e+002
6.019448e+001	-1.718320e+002
6.008550e+001	-1.832847e+002
6.008324e+001	-1.894475e+002
6.054339e+001	-1.726895e+002
6.063006e+001	-1.744446e+002
6.043216e+001	-1.903046e+002
6.032318e+001	-2.017573e+002
6.040985e+001	-2.035124e+002
6.062101e+001	-1.990961e+002
6.070767e+001	-2.008512e+002
6.104333e+001	-1.902641e+002
6.120113e+001	-1.884933e+002
6.128780e+001	-1.902479e+002
6.158788e+001	-1.814244e+002
6.147891e+001	-1.928767e+002
6.154779e+001	-1.955131e+002
6.188345e+001	-1.849265e+002
6.227246e+001	-1.716944e+002
6.239470e+001	-1.716863e+002
6.212566e+001	-1.910731e+002
6.226568e+001	-1.901832e+002
6.272583e+001	-1.734252e+002
6.302592e+001	-1.646017e+002
6.289916e+001	-1.769353e+002
6.284354e+001	-1.857431e+002
6.310806e+001	-1.786823e+002
6.344372e+001	-1.680952e+002
6.354816e+001	-1.689689e+002
6.365261e+001	-1.698422e+002
6.386377e+001	-1.654264e+002
6.412829e+001	-1.583656e+002
6.421496e+001	-1.601207e+002
6.426605e+001	-1.636389e+002
6.431714e+001	-1.671572e+002
6.422595e+001	-1.777281e+002
6.420590e+001	-1.847727e+002
6.480834e+001	-1.609620e+002
6.546414e+001	-1.345064e+002
6.599544e+001	-1.142221e+002
6.622438e+001	-1.089245e+002
6.599090e+001	-1.265481e+002
6.566851e+001	-1.485794e+002
6.568403e+001	-1.538608e+002
6.580626e+001	-1.538527e+002
6.578622e+001	-1.608973e+002
6.601516e+001	-1.555997e+002
6.640418e+001	-1.423680e+002
6.665091e+001	-1.361886e+002
6.661308e+001	-1.441150e+002
6.643296e+001	-1.590937e+002
6.657298e+001	-1.582038e+002
6.665964e+001	-1.599588e+002
6.658625e+001	-1.696479e+002
6.670848e+001	-1.696398e+002
6.707970e+001	-1.572900e+002
6.736201e+001	-1.493474e+002
6.734196e+001	-1.563920e+002
6.730412e+001	-1.643184e+002
6.751529e+001	-1.599022e+002
6.774424e+001	-1.546046e+002
6.774196e+001	-1.607678e+002
6.777528e+001	-1.651674e+002
6.780859e+001	-1.695670e+002
6.787747e+001	-1.722039e+002
6.805306e+001	-1.695508e+002
6.845985e+001	-1.554378e+002
6.875995e+001	-1.466139e+002
6.870432e+001	-1.554216e+002
6.866649e+001	-1.633476e+002
6.866424e+001	-1.695104e+002
6.864418e+001	-1.765549e+002
6.871306e+001	-1.791918e+002
6.894200e+001	-1.738942e+002
6.920652e+001	-1.668334e+002
6.964890e+001	-1.509568e+002
6.962885e+001	-1.580014e+002
6.950209e+001	-1.703355e+002
6.948203e+001	-1.773801e+002
6.967541e+001	-1.738456e+002
6.947752e+001	-1.897056e+002
6.956418e+001	-1.914607e+002
6.981091e+001	-1.852817e+002
7.005764e+001	-1.791028e+002
7.014430e+001	-1.808579e+002
7.026654e+001	-1.808498e+002
7.033542e+001	-1.834862e+002
7.026202e+001	-1.931753e+002
7.024197e+001	-2.002199e+002
7.031084e+001	-2.028568e+002
6.993509e+001	-2.275326e+002
6.977275e+001	-2.416299e+002
6.989499e+001	-2.416218e+002
7.008837e+001	-2.380874e+002
7.038846e+001	-2.292634e+002
7.051069e+001	-2.292553e+002
7.073964e+001	-2.239577e+002
7.075516e+001	-2.292391e+002
7.064619e+001	-2.406914e+002
7.067949e+001	-2.450914e+002
7.081952e+001	-2.442015e+002
7.117296e+001	-2.327331e+002
7.133076e+001	-2.309618e+002
7.132850e+001	-2.371246e+002
7.145074e+001	-2.371165e+002
7.167969e+001	-2.318189e+002
7.169520e+001	-2.371003e+002
7.165737e+001	-2.450267e+002
7.177960e+001	-2.450186e+002
7.200855e+001	-2.397210e+002
7.197072e+001	-2.476469e+002
7.216409e+001	-2.441125e+002
7.265982e+001	-2.255914e+002
7.301326e+001	-2.141229e+002
7.304657e+001	-2.185225e+002
7.290203e+001	-2.317380e+002
7.302427e+001	-2.317299e+002
7.360891e+001	-2.088010e+002
7.367780e+001	-2.114375e+002
7.403123e+001	-1.999690e+002
7.433133e+001	-1.911450e+002
7.397335e+001	-2.149395e+002
7.386438e+001	-2.263923e+002
7.402218e+001	-2.246210e+002
7.359307e+001	-2.519418e+002
7.344853e+001	-2.651572e+002
7.371305e+001	-2.580965e+002
7.388864e+001	-2.554434e+002
7.388637e+001	-2.616066e+002
7.375962e+001	-2.739403e+002
7.377514e+001	-2.792217e+002
7.377287e+001	-2.853849e+002
7.412632e+001	-2.739160e+002
7.453311e+001	-2.598030e+002
7.456643e+001	-2.642026e+002
7.470644e+001	-2.633131e+002
7.497096e+001	-2.562524e+002
7.505763e+001	-2.580074e+002
7.477080e+001	-2.782756e+002
7.469740e+001	-2.879647e+002
7.501527e+001	-2.782594e+002
7.545764e+001	-2.623828e+002
7.565102e+001	-2.588483e+002
7.620010e+001	-2.376827e+002
7.694481e+001	-2.068193e+002
7.760060e+001	-1.803641e+002
7.763392e+001	-1.847637e+002
7.745381e+001	-1.997423e+002
7.787839e+001	-1.847476e+002
7.817847e+001	-1.759236e+002
7.831849e+001	-1.750342e+002
7.810281e+001	-1.917759e+002
7.778041e+001	-2.138072e+002
7.760029e+001	-2.287859e+002
7.758025e+001	-2.358305e+002
7.766691e+001	-2.375855e+002
7.807371e+001	-2.234721e+002
7.855164e+001	-2.058327e+002
7.856718e+001	-2.111137e+002
7.870719e+001	-2.102243e+002
7.890057e+001	-2.066898e+002
7.950301e+001	-1.828792e+002
7.998094e+001	-1.652398e+002
7.988976e+001	-1.758103e+002
7.949622e+001	-2.013679e+002
7.945839e+001	-2.092939e+002
7.950948e+001	-2.128121e+002
7.980956e+001	-2.039886e+002
8.019858e+001	-1.907565e+002
8.039195e+001	-1.872226e+002
8.031855e+001	-1.969117e+002
8.049415e+001	-1.942586e+002
8.081201e+001	-1.845533e+002
8.088089e+001	-1.871902e+002
8.073634e+001	-2.004056e+002
8.092972e+001	-1.968712e+002
8.133652e+001	-1.827578e+002
8.135205e+001	-1.880392e+002
8.117193e+001	-2.030178e+002
8.131195e+001	-2.021283e+002
8.161204e+001	-1.933044e+002
8.173427e+001	-1.932963e+002
8.173201e+001	-1.994591e+002
8.169417e+001	-2.073855e+002
8.165634e+001	-2.153114e+002
8.195643e+001	-2.064875e+002
8.204309e+001	-2.082425e+002
8.179184e+001	-2.267475e+002
8.203857e+001	-2.205685e+002
8.237423e+001	-2.099814e+002
8.235418e+001	-2.170260e+002
8.267205e+001	-2.073207e+002
8.275872e+001	-2.090753e+002
8.252525e+001	-2.266989e+002
8.246963e+001	-2.355067e+002
8.266300e+001	-2.319723e+002
8.290973e+001	-2.257933e+002
8.294304e+001	-2.301929e+002
8.270957e+001	-2.478165e+002
8.286737e+001	-2.460452e+002
8.314968e+001	-2.381026e+002
8.336084e+001	-2.336868e+002
8.334079e+001	-2.407314e+002
8.328517e+001	-2.495392e+002
8.340740e+001	-2.495311e+002
8.336957e+001	-2.574571e+002
8.340288e+001	-2.618566e+002
8.347175e+001	-2.644935e+002
8.345171e+001	-2.715381e+002
8.357394e+001	-2.715300e+002
8.383846e+001	-2.644693e+002
8.426304e+001	-2.494744e+002
8.459870e+001	-2.388874e+002
8.457865e+001	-2.459319e+002
8.459418e+001	-2.512134e+002
8.475198e+001	-2.494421e+002
8.517657e+001	-2.344468e+002
8.520988e+001	-2.388469e+002
8.502976e+001	-2.538255e+002
8.509865e+001	-2.564619e+002
8.530980e+001	-2.520461e+002
8.562768e+001	-2.423408e+002
8.587441e+001	-2.361614e+002
8.581879e+001	-2.449692e+002
8.578096e+001	-2.528951e+002
8.572534e+001	-2.617029e+002
8.586535e+001	-2.608134e+002
8.630773e+001	-2.449368e+002
8.641217e+001	-2.458105e+002
8.612535e+001	-2.660787e+002
8.601637e+001	-2.775309e+002
8.613861e+001	-2.775228e+002
8.617192e+001	-2.819224e+002
8.599181e+001	-2.969011e+002
8.623854e+001	-2.907221e+002
8.668091e+001	-2.748455e+002
8.680314e+001	-2.748374e+002
8.653409e+001	-2.942241e+002
8.653183e+001	-3.003869e+002
8.672522e+001	-2.968525e+002
8.697194e+001	-2.906735e+002
8.727203e+001	-2.818496e+002
8.707413e+001	-2.977100e+002
8.705408e+001	-3.047546e+002
8.754980e+001	-2.862335e+002
8.765426e+001	-2.871067e+002
8.740300e+001	-3.056117e+002
8.720509e+001	-3.214721e+002
8.739847e+001	-3.179377e+002
8.760963e+001	-3.135219e+002
8.792751e+001	-3.038161e+002
8.815645e+001	-2.985185e+002
8.817197e+001	-3.038000e+002
8.820528e+001	-3.082000e+002
8.816745e+001	-3.161260e+002
8.828968e+001	-3.161179e+002
8.834078e+001	-3.196361e+002
8.869422e+001	-3.081676e+002
8.901210e+001	-2.984619e+002
8.920547e+001	-2.949274e+002
8.930992e+001	-2.958012e+002
8.962779e+001	-2.860959e+002
8.980339e+001	-2.834428e+002
8.939205e+001	-3.098822e+002
8.928308e+001	-3.213345e+002
8.956538e+001	-3.133924e+002
8.970541e+001	-3.125025e+002
8.995213e+001	-3.063235e+002
9.005659e+001	-3.071968e+002
9.042782e+001	-2.948465e+002
9.076347e+001	-2.842599e+002
9.117027e+001	-2.701464e+002
9.148815e+001	-2.604411e+002
9.141474e+001	-2.701302e+002
9.128798e+001	-2.824643e+002
9.157029e+001	-2.745217e+002
9.187037e+001	-2.656982e+002
9.161911e+001	-2.842032e+002
9.151014e+001	-2.956555e+002
9.175687e+001	-2.894765e+002
9.187910e+001	-2.894684e+002
9.207248e+001	-2.859340e+002
9.210579e+001	-2.903336e+002
9.276158e+001	-2.638784e+002
9.357745e+001	-2.294887e+002
9.400203e+001	-2.144939e+002
9.410648e+001	-2.153672e+002
9.412201e+001	-2.206486e+002
9.431538e+001	-2.171142e+002
9.450876e+001	-2.135798e+002
9.452428e+001	-2.188612e+002
9.455758e+001	-2.232612e+002
9.466203e+001	-2.241345e+002
9.464198e+001	-2.311791e+002
9.487093e+001	-2.258815e+002
9.499317e+001	-2.258734e+002
9.515097e+001	-2.241021e+002
9.523764e+001	-2.258572e+002
9.535987e+001	-2.258491e+002
9.542875e+001	-2.284860e+002
9.567548e+001	-2.223066e+002
9.577992e+001	-2.231803e+002
9.577766e+001	-2.293431e+002
9.561533e+001	-2.434403e+002
9.543522e+001	-2.584189e+002
9.539739e+001	-2.663449e+002
9.560855e+001	-2.619291e+002
9.612206e+001	-2.425261e+002
9.668893e+001	-2.204786e+002
9.716687e+001	-2.028393e+002
9.721796e+001	-2.063575e+002
9.698449e+001	-2.239807e+002
9.682216e+001	-2.380780e+002
9.649976e+001	-2.601093e+002
9.667536e+001	-2.574562e+002
9.709994e+001	-2.424614e+002
9.738224e+001	-2.345192e+002
9.734440e+001	-2.424452e+002
9.711093e+001	-2.600688e+002
9.728652e+001	-2.574157e+002
9.728426e+001	-2.635789e+002
9.737092e+001	-2.653340e+002
9.756430e+001	-2.617996e+002
9.756204e+001	-2.679623e+002
9.798662e+001	-2.529675e+002
9.828671e+001	-2.441436e+002
9.833781e+001	-2.476619e+002
9.854896e+001	-2.432461e+002
9.858228e+001	-2.476457e+002
9.866894e+001	-2.494008e+002
9.877338e+001	-2.502744e+002
9.862884e+001	-2.634899e+002
9.864436e+001	-2.687713e+002
9.855318e+001	-2.793418e+002
9.874655e+001	-2.758074e+002
9.924228e+001	-2.572862e+002
9.950679e+001	-2.502259e+002
9.943339e+001	-2.599150e+002
9.962677e+001	-2.563806e+002
9.973122e+001	-2.572538e+002
9.981788e+001	-2.590089e+002
9.978005e+001	-2.669353e+002
9.958215e+001	-2.827953e+002
9.950874e+001	-2.924848e+002
9.932862e+001	-3.074635e+002
9.936193e+001	-3.118631e+002
9.991101e+001	-2.906974e+002
1.004779e+002	-2.686499e+002
1.004934e+002	-2.739309e+002
1.003489e+002	-2.871468e+002
1.005600e+002	-2.827306e+002
1.008245e+002	-2.756697e+002
1.010179e+002	-2.721353e+002
1.013891e+002	-2.597855e+002
1.015647e+002	-2.571325e+002
1.014913e+002	-2.668220e+002
1.014179e+002	-2.765111e+002
1.015757e+002	-2.747399e+002
1.016268e+002	-2.782581e+002
1.015356e+002	-2.888290e+002
1.014267e+002	-3.002813e+002
1.012999e+002	-3.126154e+002
1.012976e+002	-3.187781e+002
1.015799e+002	-3.108360e+002
1.014532e+002	-3.231697e+002
1.012731e+002	-3.381483e+002
1.013597e+002	-3.399034e+002
1.021044e+002	-3.090405e+002
1.037029e+002	-2.358615e+002
1.052124e+002	-1.670903e+002
1.066329e+002	-1.027272e+002
1.078045e+002	-5.070628e+001
1.085136e+002	-2.160612e+001
1.088493e+002	-1.101947e+001
1.091672e+002	-1.313718e+000
1.090226e+002	-1.452961e+001
1.086647e+002	-3.832363e+001
1.087157e+002	-4.184188e+001
1.092470e+002	-2.155756e+001
1.096183e+002	-9.207730e+000
1.100962e+002	8.432048e+000
1.102540e+002	1.020331e+001
1.101984e+002	1.395557e+000
1.104096e+002	5.811799e+000
1.103539e+002	-2.995940e+000
1.099426e+002	-2.943538e+001
1.100826e+002	-2.854549e+001
1.107562e+002	-1.208491e+000
1.111274e+002	1.114132e+001
1.111963e+002	8.504887e+000
1.112830e+002	6.749814e+000
1.112807e+002	5.870303e-001
1.106382e+002	-3.731276e+001
1.105648e+002	-4.700188e+001
1.109538e+002	-3.377024e+001
1.109337e+002	-4.081482e+001
1.111271e+002	-3.728039e+001
1.117118e+002	-1.435155e+001
1.120830e+002	-2.001274e+000
1.120096e+002	-1.169038e+001
1.120607e+002	-1.520862e+001
1.123964e+002	-4.621524e+000
1.130521e+002	2.183365e+001
1.132455e+002	2.536808e+001
1.130476e+002	9.507653e+000
1.129387e+002	-1.944610e+000
1.129897e+002	-5.462856e+000
1.130053e+002	-1.074428e+001
1.132876e+002	-2.801687e+000
1.134987e+002	1.614085e+000
1.138344e+002	1.220120e+001
1.136009e+002	-5.422393e+000
1.131184e+002	-3.538773e+001
1.132940e+002	-3.273510e+001
1.137364e+002	-1.685848e+001
1.137519e+002	-2.213990e+001
1.139097e+002	-2.036863e+001
1.141031e+002	-1.683421e+001
1.143143e+002	-1.241841e+001
1.143654e+002	-1.593621e+001
1.143453e+002	-2.298079e+001
1.145743e+002	-1.768318e+001
1.149277e+002	-6.214719e+000
1.151744e+002	-3.576078e-002
1.153856e+002	4.380468e+000
1.152233e+002	-9.716777e+000
1.152032e+002	-1.676136e+001
1.155211e+002	-7.056051e+000
1.158568e+002	3.531035e+000
1.159790e+002	3.539135e+000
1.161368e+002	5.310396e+000
1.163124e+002	7.963021e+000
1.164168e+002	7.089757e+000
1.164679e+002	3.571511e+000
1.165546e+002	1.816438e+000
1.166946e+002	2.706334e+000
1.165145e+002	-1.227272e+001
1.164411e+002	-2.196184e+001
1.163855e+002	-3.076959e+001
1.168278e+002	-1.489297e+001
1.168967e+002	-1.752941e+001
1.168945e+002	-2.369262e+001
1.171590e+002	-1.663185e+001
1.174057e+002	-1.045290e+001
1.175635e+002	-8.681635e+000
1.175079e+002	-1.748893e+001
1.178080e+002	-8.665448e+000
1.179480e+002	-7.775539e+000
1.180702e+002	-7.767452e+000
1.180146e+002	-1.657520e+001
1.183325e+002	-6.869899e+000
1.187037e+002	5.480360e+000
1.188793e+002	8.132986e+000
1.187170e+002	-5.963816e+000
1.183590e+002	-2.975828e+001
1.183923e+002	-3.415833e+001
1.186746e+002	-2.621574e+001
1.187613e+002	-2.797083e+001
1.190792e+002	-1.826552e+001
1.195571e+002	-6.257465e-001
1.198572e+002	8.197737e+000
1.198371e+002	1.153601e+000
1.201550e+002	1.085891e+001
1.204907e+002	2.144602e+001
1.206840e+002	2.498044e+001
1.208419e+002	2.675171e+001
1.208929e+002	2.323347e+001
1.207662e+002	1.089937e+001
1.209240e+002	1.267064e+001
1.210462e+002	1.267873e+001
1.211685e+002	1.268683e+001
1.209172e+002	-5.818126e+000
1.211817e+002	1.242640e+000
1.211795e+002	-4.920573e+000
1.211061e+002	-1.460969e+001
1.212994e+002	-1.107526e+001
1.214750e+002	-8.422632e+000
1.216506e+002	-5.769563e+000
1.220041e+002	5.698901e+000
1.224642e+002	2.245687e+001
1.224619e+002	1.629410e+001
1.224063e+002	7.486349e+000
1.223329e+002	-2.202754e+000
1.222773e+002	-1.101051e+001
1.226485e+002	1.339767e+000
1.226107e+002	-6.586621e+000
1.224662e+002	-1.980207e+001
1.225706e+002	-2.067533e+001
1.227818e+002	-1.625954e+001
1.226906e+002	-2.683046e+001
1.227417e+002	-3.034871e+001
1.228461e+002	-3.122197e+001
1.231996e+002	-1.975351e+001
1.233396e+002	-1.886360e+001
1.232840e+002	-2.767135e+001
1.232106e+002	-3.736047e+001
1.235818e+002	-2.501064e+001
1.240953e+002	-5.607686e+000
1.245910e+002	1.291344e+001
1.247844e+002	1.644788e+001
1.246754e+002	4.995602e+000
1.246020e+002	-4.693945e+000
1.245998e+002	-1.085672e+001
1.243485e+002	-2.936169e+001
1.245419e+002	-2.582725e+001
1.251443e+002	-2.016589e+000
1.255155e+002	1.033323e+001
1.254955e+002	3.289092e+000
1.256355e+002	4.178544e+000
1.259178e+002	1.212068e+001
1.260578e+002	1.301057e+001
1.259667e+002	2.439659e+000
1.261245e+002	4.210919e+000
1.263178e+002	7.745353e+000
1.260488e+002	-1.164140e+001
1.258865e+002	-2.573821e+001
1.262577e+002	-1.338838e+001
1.265756e+002	-3.682635e+000
1.268756e+002	5.141291e+000
1.268200e+002	-3.666447e+000
1.271735e+002	7.802004e+000
1.276692e+002	2.632316e+001
1.276136e+002	1.751541e+001
1.275935e+002	1.047082e+001
1.275379e+002	1.663508e+000
1.271799e+002	-2.213094e+001
1.273200e+002	-2.124149e+001
1.276912e+002	-8.891203e+000
1.279557e+002	-1.830436e+000
1.278467e+002	-1.328317e+001
1.278800e+002	-1.768277e+001
1.279489e+002	-2.031920e+001
1.282134e+002	-1.325888e+001
1.283357e+002	-1.325079e+001
1.283512e+002	-1.853176e+001
1.285446e+002	-1.499732e+001
1.288269e+002	-7.055192e+000
1.292870e+002	9.702766e+000
1.294804e+002	1.323720e+001
1.293003e+002	-1.741397e+000
1.290135e+002	-2.200953e+001
1.291179e+002	-2.288325e+001
1.293469e+002	-1.758564e+001
1.297003e+002	-6.117176e+000
1.301249e+002	8.877621e+000
1.304605e+002	1.946473e+001
1.304583e+002	1.330195e+001
1.302248e+002	-4.321628e+000
1.306494e+002	1.067317e+001
1.311985e+002	3.183928e+001
1.311962e+002	2.567651e+001
1.309983e+002	9.816079e+000
1.312628e+002	1.687686e+001
1.314028e+002	1.776631e+001
1.316318e+002	2.306390e+001
1.313450e+002	2.795789e+000
1.309514e+002	-2.276183e+001
1.309492e+002	-2.892462e+001
1.309647e+002	-3.420602e+001
1.310691e+002	-3.507930e+001
1.317783e+002	-5.979574e+000
1.322029e+002	9.015210e+000
1.322184e+002	3.734248e+000
1.319138e+002	-1.741568e+001
1.319471e+002	-2.181529e+001
1.321582e+002	-1.739949e+001
1.322983e+002	-1.650958e+001
1.324916e+002	-1.297560e+001
1.327562e+002	-5.914823e+000
1.328784e+002	-5.906736e+000
1.330362e+002	-4.135475e+000
1.335141e+002	1.350430e+001
1.335830e+002	1.086742e+001
1.334740e+002	-5.848541e-001
1.334540e+002	-7.629433e+000
1.336829e+002	-2.331840e+000
1.337874e+002	-3.205104e+000
1.337851e+002	-9.368318e+000
1.338007e+002	-1.464929e+001
1.344031e+002	9.160899e+000
1.347032e+002	1.798484e+001
1.349143e+002	2.240108e+001
1.349832e+002	1.976420e+001
1.348031e+002	4.785577e+000
1.346408e+002	-9.311667e+000
1.344429e+002	-2.517164e+001
1.349386e+002	-6.650498e+000
1.355410e+002	1.716014e+001
1.356811e+002	1.804959e+001
1.353231e+002	-5.744858e+000
1.352497e+002	-1.543398e+001
1.353897e+002	-1.454407e+001
1.355475e+002	-1.277325e+001
1.355986e+002	-1.629105e+001
1.358453e+002	-1.011209e+001
1.360209e+002	-7.459468e+000
1.360187e+002	-1.362224e+001
1.363010e+002	-5.680107e+000
1.364410e+002	-4.790212e+000
1.362964e+002	-1.800566e+001
1.363297e+002	-2.240572e+001
1.365409e+002	-1.798947e+001
1.366454e+002	-1.886318e+001
1.364119e+002	-3.648634e+001
1.363029e+002	-4.793906e+001
1.366386e+002	-3.735195e+001
1.371165e+002	-1.971217e+001
1.372743e+002	-1.794091e+001
1.369697e+002	-3.909085e+001
1.373943e+002	-2.409604e+001
1.379967e+002	-2.853877e-001
1.381723e+002	2.367681e+000
1.381167e+002	-6.440058e+000
1.383457e+002	-1.142464e+000
1.387880e+002	1.473370e+001
1.388391e+002	1.121545e+001
1.389080e+002	8.579014e+000
1.386923e+002	-8.162768e+000
1.387790e+002	-9.917841e+000
1.390257e+002	-3.738869e+000
1.389345e+002	-1.430935e+001
1.387366e+002	-3.016978e+001
1.388766e+002	-2.928032e+001
1.392123e+002	-1.869322e+001
1.395302e+002	-8.987913e+000
1.393145e+002	-2.572971e+001
1.391877e+002	-3.806335e+001
1.395056e+002	-2.835805e+001
1.399124e+002	-1.424460e+001
1.400702e+002	-1.247378e+001
1.398545e+002	-2.921557e+001
1.400479e+002	-2.568115e+001
1.405614e+002	-6.278180e+000
1.407548e+002	-2.743760e+000
1.403790e+002	-2.742003e+001
1.403234e+002	-3.622734e+001
1.407836e+002	-1.946935e+001
1.411192e+002	-8.882699e+000
1.414727e+002	2.586209e+000
1.418261e+002	1.405467e+001
1.418238e+002	7.891902e+000
1.415370e+002	-1.237666e+001
1.414636e+002	-2.206577e+001
1.420127e+002	-8.996484e-001
1.422061e+002	2.634772e+000
1.422394e+002	-1.765269e+000
1.424683e+002	3.532324e+000
1.426617e+002	7.066758e+000
1.428017e+002	7.956654e+000
1.427639e+002	3.026636e-002
1.424770e+002	-2.023785e+001
1.426526e+002	-1.758478e+001
1.429171e+002	-1.052446e+001
1.431461e+002	-5.226851e+000
1.431083e+002	-1.315279e+001
1.433016e+002	-9.618361e+000
1.436373e+002	9.687250e-001
1.438840e+002	7.147696e+000
1.437039e+002	-7.830913e+000
1.434527e+002	-2.633587e+001
1.437528e+002	-1.751194e+001
1.444441e+002	1.070641e+001
1.448687e+002	2.570122e+001
1.448842e+002	2.041980e+001
1.446863e+002	4.559822e+000
1.448797e+002	8.094242e+000
1.449486e+002	5.457362e+000
1.450175e+002	2.820924e+000
1.452108e+002	6.355358e+000
1.453509e+002	7.244823e+000
1.454375e+002	5.489737e+000
1.454708e+002	1.090140e+000
1.455041e+002	-3.309901e+000
1.453418e+002	-1.740671e+001
1.453573e+002	-2.268813e+001
1.456396e+002	-1.474600e+001
1.460998e+002	2.011967e+000
1.462754e+002	4.665036e+000
1.465399e+002	1.172536e+001
1.468755e+002	2.231247e+001
1.467132e+002	8.215657e+000
1.465865e+002	-4.118414e+000
1.466020e+002	-9.399833e+000
1.463863e+002	-2.614163e+001
1.463662e+002	-3.318621e+001
1.467019e+002	-2.259910e+001
1.471265e+002	-7.604284e+000
1.474444e+002	2.100993e+000
1.476200e+002	4.754062e+000
1.475288e+002	-5.816837e+000
1.474376e+002	-1.638776e+001
1.475776e+002	-1.549785e+001
1.478955e+002	-5.792562e+000
1.477865e+002	-1.724484e+001
1.476597e+002	-2.957894e+001
1.477286e+002	-3.221582e+001
1.477619e+002	-3.661542e+001
1.481154e+002	-2.514695e+001
1.485399e+002	-1.015214e+001
1.490357e+002	8.369434e+000
1.494069e+002	2.071928e+001
1.495469e+002	2.160917e+001
1.493846e+002	7.511914e+000
1.494890e+002	6.638650e+000
1.500025e+002	2.604116e+001
1.503382e+002	3.662826e+001
1.500158e+002	1.459697e+001
1.495689e+002	-1.360519e+001
1.495133e+002	-2.241294e+001
1.495466e+002	-2.681300e+001
1.497222e+002	-2.415992e+001
1.501468e+002	-9.165118e+000
1.504291e+002	-1.222987e+000
1.505691e+002	-3.330777e-001
1.506735e+002	-1.206799e+000
1.509025e+002	4.090795e+000
1.508824e+002	-2.953771e+000
1.508980e+002	-8.235189e+000
1.510202e+002	-8.227089e+000
1.510357e+002	-1.350807e+001
1.513180e+002	-5.565934e+000
1.515826e+002	1.494820e+000
1.515981e+002	-3.786573e+000
1.516847e+002	-5.541645e+000
1.520738e+002	7.689979e+000
1.521248e+002	4.171733e+000
1.519447e+002	-1.080688e+001
1.516223e+002	-3.283817e+001
1.519224e+002	-2.401424e+001
1.525604e+002	1.559571e+000
1.531095e+002	2.272525e+001
1.534985e+002	3.595689e+001
1.535852e+002	3.420182e+001
1.531561e+002	6.881452e+000
1.528692e+002	-1.338665e+001
1.525468e+002	-3.541795e+001
1.525624e+002	-4.069937e+001
1.532360e+002	-1.336238e+001
1.533048e+002	-1.599926e+001
1.535516e+002	-9.820298e+000
1.538516e+002	-9.963583e-001
1.540984e+002	5.183043e+000
1.546475e+002	2.634871e+001
1.547341e+002	2.459364e+001
1.542517e+002	-5.371681e+000
1.543028e+002	-8.889926e+000
1.547985e+002	9.631204e+000
1.549207e+002	9.639304e+000
1.550429e+002	9.647391e+000
1.551296e+002	7.892319e+000
1.552696e+002	8.782228e+000
1.552140e+002	-2.551079e-002
1.550695e+002	-1.324096e+001
1.552984e+002	-7.943811e+000
1.559186e+002	1.674863e+001
1.562365e+002	2.645394e+001
1.561987e+002	1.852800e+001
1.561075e+002	7.957070e+000
1.561230e+002	2.675664e+000
1.563875e+002	9.736430e+000
1.564030e+002	4.455012e+000
1.564719e+002	1.818574e+000
1.565408e+002	-8.182932e-001
1.564852e+002	-9.626045e+000
1.565896e+002	-1.049931e+001
1.566763e+002	-1.225438e+001
1.567808e+002	-1.312766e+001
1.567963e+002	-1.840907e+001
1.569363e+002	-1.751961e+001
1.572720e+002	-6.932501e+000
1.573053e+002	-1.133255e+001
1.573208e+002	-1.661352e+001
1.571762e+002	-2.982942e+001
1.572095e+002	-3.422902e+001
1.576697e+002	-1.747105e+001
1.579342e+002	-1.041028e+001
1.582521e+002	-7.049791e-001
1.586767e+002	1.428982e+001
1.591190e+002	3.016644e+001
1.588856e+002	1.254283e+001
1.586877e+002	-3.317128e+000
1.586854e+002	-9.480356e+000
1.586298e+002	-1.828766e+001
1.590900e+002	-1.529680e+000
1.596924e+002	2.228096e+001
1.595656e+002	9.946871e+000
1.593499e+002	-6.794911e+000
1.597745e+002	8.199886e+000
1.598256e+002	4.681640e+000
1.597166e+002	-6.770623e+000
1.598211e+002	-7.644344e+000
1.599967e+002	-4.991276e+000
1.601011e+002	-5.864983e+000
1.604190e+002	3.840751e+000
1.606302e+002	8.256550e+000
1.608591e+002	1.355414e+001
1.608924e+002	9.154532e+000
1.609969e+002	8.280825e+000
1.611547e+002	1.005209e+001
1.611880e+002	5.652488e+000
1.614525e+002	1.271281e+001
1.615570e+002	1.183953e+001
1.610745e+002	-1.812579e+001
1.609122e+002	-3.222304e+001
1.611055e+002	-2.868861e+001
1.612100e+002	-2.956232e+001
1.615456e+002	-1.897522e+001
1.615789e+002	-2.337482e+001
1.616300e+002	-2.689306e+001
1.620368e+002	-1.277962e+001
1.624436e+002	1.333372e+000
1.626370e+002	4.867806e+000
1.627415e+002	3.994528e+000
1.630238e+002	1.193666e+001
1.628081e+002	-4.805110e+000
1.621833e+002	-4.182312e+001
1.625190e+002	-3.123646e+001
1.631748e+002	-4.780835e+000
1.632792e+002	-5.654543e+000
1.630991e+002	-2.063317e+001
1.630613e+002	-2.855911e+001
1.633258e+002	-2.149834e+001
1.634658e+002	-2.060888e+001
1.634280e+002	-2.853483e+001
1.635502e+002	-2.852673e+001
1.639215e+002	-1.617646e+001
1.639548e+002	-2.057650e+001
1.638991e+002	-2.938426e+001
1.643059e+002	-1.527081e+001
1.645171e+002	-1.085502e+001
1.646749e+002	-9.083763e+000
1.649394e+002	-2.022983e+000
1.651328e+002	1.511437e+000
1.653973e+002	8.572204e+000
1.654840e+002	6.817131e+000
1.653216e+002	-7.280114e+000
1.653372e+002	-1.256109e+001
1.659930e+002	1.389409e+001
1.667377e+002	4.475741e+001
1.669133e+002	4.741004e+001
1.669466e+002	4.301043e+001
1.669265e+002	3.596585e+001
1.667998e+002	2.363176e+001
1.666552e+002	1.041632e+001
1.665640e+002	-1.545962e-001
1.668463e+002	7.787965e+000
1.671998e+002	1.925643e+001
1.671975e+002	1.309322e+001
1.670174e+002	-1.885394e+000
1.668017e+002	-1.862718e+001
1.669062e+002	-1.950046e+001
1.672418e+002	-8.913785e+000
1.677020e+002	7.844629e+000
1.681266e+002	2.283943e+001
1.682488e+002	2.284753e+001
1.681576e+002	1.227660e+001
1.681731e+002	6.995196e+000
1.680642e+002	-4.457081e+000
1.680619e+002	-1.062029e+001
1.681486e+002	-1.237492e+001
1.682886e+002	-1.148547e+001
1.684108e+002	-1.147738e+001
1.688176e+002	2.636048e+000
1.692600e+002	1.851222e+001
1.688487e+002	-7.926763e+000
1.687930e+002	-1.673451e+001
1.688975e+002	-1.760778e+001
1.691798e+002	-9.665648e+000
1.694443e+002	-2.604882e+000
1.695843e+002	-1.715416e+000
1.700801e+002	1.680571e+001
1.705936e+002	3.620866e+001
1.706624e+002	3.357178e+001
1.707313e+002	3.093535e+001
1.709069e+002	3.358797e+001
1.709936e+002	3.183334e+001
1.713470e+002	4.330181e+001
1.715582e+002	4.771761e+001
1.711469e+002	2.127861e+001
1.708422e+002	1.286690e-001
1.707511e+002	-1.044223e+001
1.704642e+002	-3.071036e+001
1.704442e+002	-3.775449e+001
1.709221e+002	-2.011516e+001
1.715246e+002	3.695478e+000
1.719136e+002	1.692712e+001
1.716979e+002	1.853327e-001
1.717490e+002	-3.332900e+000
1.723159e+002	1.871456e+001
1.726159e+002	2.753850e+001
1.725781e+002	1.961256e+001
1.729315e+002	3.108104e+001
1.731071e+002	3.373366e+001
1.729804e+002	2.140001e+001
1.729781e+002	1.523679e+001
1.730470e+002	1.260036e+001
1.726712e+002	-1.207546e+001
1.723133e+002	-3.586992e+001
1.725600e+002	-2.969096e+001
1.729846e+002	-1.469615e+001
1.732669e+002	-6.754019e+000
1.731757e+002	-1.732450e+001
1.734047e+002	-1.202689e+001
1.737937e+002	1.204730e+000
1.738448e+002	-2.313502e+000
1.737536e+002	-1.288441e+001
1.735735e+002	-2.786304e+001
1.738735e+002	-1.903910e+001
1.744404e+002	3.008366e+000
1.748472e+002	1.712137e+001
1.750762e+002	2.241897e+001
1.750028e+002	1.272986e+001
1.749827e+002	5.685280e+000
1.751227e+002	6.575175e+000
1.754228e+002	1.539867e+001
1.754205e+002	9.235900e+000
1.751871e+002	-8.387691e+000
1.751492e+002	-1.631363e+001
1.752359e+002	-1.806871e+001
1.756783e+002	-2.192088e+000
1.760673e+002	1.103954e+001
1.763140e+002	1.721849e+001
1.763118e+002	1.105572e+001
1.764340e+002	1.106381e+001
1.766451e+002	1.547961e+001
1.768385e+002	1.901404e+001
1.766228e+002	2.272247e+000
1.763360e+002	-1.799587e+001
1.763338e+002	-2.415864e+001
1.764738e+002	-2.326919e+001
1.768806e+002	-9.155741e+000
1.775364e+002	1.729943e+001
1.777831e+002	2.347884e+001
1.774251e+002	-3.156138e-001
1.775651e+002	5.738383e-001
1.780431e+002	1.821362e+001
1.781475e+002	1.733991e+001
1.782698e+002	1.734800e+001
1.784276e+002	1.911926e+001
1.784431e+002	1.383785e+001
1.785653e+002	1.384594e+001
1.788654e+002	2.266988e+001
1.791299e+002	2.973065e+001
1.788609e+002	1.034432e+001
1.781472e+002	-3.108182e+001
1.783939e+002	-2.490285e+001
1.784984e+002	-2.577612e+001
1.785851e+002	-2.753120e+001
1.789563e+002	-1.518092e+001
1.791497e+002	-1.164649e+001
1.792897e+002	-1.075702e+001
1.795186e+002	-5.459430e+000
1.798365e+002	4.245861e+000
1.800655e+002	9.543455e+000
1.803122e+002	1.572243e+001
1.802744e+002	7.796482e+000
1.799342e+002	-1.511617e+001
1.800386e+002	-1.598988e+001
1.804276e+002	-2.758242e+000
1.805321e+002	-3.631506e+000
1.805476e+002	-8.912925e+000
1.807232e+002	-6.260300e+000
1.808988e+002	-3.607231e+000
1.810566e+002	-1.835971e+000
1.810543e+002	-7.999185e+000
1.809631e+002	-1.856967e+001
1.812810e+002	-8.864362e+000
1.812432e+002	-1.679031e+001
1.812943e+002	-2.030855e+001
1.816833e+002	-7.076914e+000
1.819656e+002	8.652041e-001
1.823724e+002	1.497865e+001
1.826013e+002	2.027626e+001
1.826524e+002	1.675801e+001
1.825790e+002	7.068894e+000
1.825412e+002	-8.574796e-001
1.821299e+002	-2.729648e+001
1.820565e+002	-3.698558e+001
1.824810e+002	-2.199079e+001
1.828345e+002	-1.052231e+001
1.831168e+002	-2.580177e+000
1.832035e+002	-4.335249e+000
1.835747e+002	8.015010e+000
1.839637e+002	2.124665e+001
1.841215e+002	2.301791e+001
1.840125e+002	1.156563e+001
1.837968e+002	-5.176152e+000
1.837057e+002	-1.574706e+001
1.839524e+002	-9.568105e+000
1.843236e+002	2.782154e+000
1.845526e+002	8.079761e+000
1.848171e+002	1.514053e+001
1.852417e+002	3.013534e+001
1.850971e+002	1.691989e+001
1.848636e+002	-7.036894e-001
1.850214e+002	1.067557e+000
1.849480e+002	-8.621546e+000
1.852126e+002	-1.560780e+000
1.852992e+002	-3.315852e+000
1.853681e+002	-5.952733e+000
1.854726e+002	-6.825997e+000
1.856837e+002	-2.410212e+000
1.857526e+002	-5.046650e+000
1.858215e+002	-7.683531e+000
1.861038e+002	2.590306e-001
1.862616e+002	2.030304e+000
1.864194e+002	3.801565e+000
1.863460e+002	-5.887982e+000
1.863971e+002	-9.406228e+000
1.866972e+002	-5.822882e-001
1.873707e+002	2.675469e+001
1.874930e+002	2.676278e+001
1.873840e+002	1.531050e+001
1.872928e+002	4.739580e+000
1.872194e+002	-4.949523e+000
1.872172e+002	-1.111229e+001
1.873750e+002	-9.341477e+000
1.871948e+002	-2.432010e+001
1.873349e+002	-2.343019e+001
1.878306e+002	-4.909048e+000
1.879706e+002	-4.019595e+000
1.879683e+002	-1.018237e+001
1.884107e+002	5.694226e+000
1.887108e+002	1.451772e+001
1.885840e+002	2.184081e+000
1.882439e+002	-2.072900e+001
1.883483e+002	-2.160228e+001
1.891819e+002	1.366873e+001
1.894287e+002	1.984771e+001
1.889818e+002	-8.354455e+000
1.889795e+002	-1.451723e+001
1.892263e+002	-8.338268e+000
1.895619e+002	2.248832e+000
1.899154e+002	1.371730e+001
1.900732e+002	1.548857e+001
1.899286e+002	2.273120e+000
1.899264e+002	-3.890094e+000
1.904577e+002	1.639421e+001
1.909000e+002	3.227083e+001
1.910400e+002	3.316072e+001
1.910734e+002	2.876067e+001
1.914624e+002	4.199231e+001
1.916024e+002	4.288222e+001
1.913511e+002	2.437726e+001
1.910643e+002	4.109131e+000
1.911154e+002	5.908858e-001
1.912732e+002	2.362146e+000
1.914666e+002	5.896580e+000
1.916422e+002	8.549205e+000
1.920134e+002	2.089948e+001
1.920823e+002	1.826260e+001
1.919733e+002	6.810320e+000
1.923267e+002	1.827878e+001
1.925023e+002	2.093185e+001
1.920910e+002	-5.507577e+000
1.919465e+002	-1.872303e+001
1.921221e+002	-1.606996e+001
1.922799e+002	-1.429870e+001
1.923665e+002	-1.605377e+001
1.922931e+002	-2.574333e+001
1.923976e+002	-2.661659e+001
1.925732e+002	-2.396397e+001
1.927665e+002	-2.042954e+001
1.930844e+002	-1.072379e+001
1.933845e+002	-1.900292e+000
1.934356e+002	-5.418538e+000
1.935223e+002	-7.173610e+000
1.935556e+002	-1.157322e+001
1.938379e+002	-3.631090e+000
1.942980e+002	1.312687e+001
1.945803e+002	2.106946e+001
1.945069e+002	1.138034e+001
1.945224e+002	6.098920e+000
1.946980e+002	8.751545e+000
1.949270e+002	1.404915e+001
1.949603e+002	9.649541e+000
1.951359e+002	1.230217e+001
1.953648e+002	1.759977e+001
1.957716e+002	3.171322e+001
1.959472e+002	3.436584e+001
1.957493e+002	1.850541e+001
1.958893e+002	1.939531e+001
1.959048e+002	1.411390e+001
1.959026e+002	7.951119e+000
1.958648e+002	2.473163e-002
1.957380e+002	-1.230890e+001
1.957179e+002	-1.935348e+001
1.958580e+002	-1.846402e+001
1.963537e+002	5.710710e-002
1.966716e+002	9.762855e+000
1.965626e+002	-1.689865e+000
1.963113e+002	-2.019482e+001
1.963802e+002	-2.283126e+001
1.965914e+002	-1.841546e+001
1.967670e+002	-1.576239e+001
1.971382e+002	-3.412562e+000
1.973849e+002	2.766839e+000
1.973293e+002	-6.040899e+000
1.975583e+002	-7.433058e-001
1.978939e+002	9.843793e+000
1.980517e+002	1.161505e+001
1.982273e+002	1.426768e+001
1.980116e+002	-2.474090e+000
1.980805e+002	-5.110971e+000
1.983628e+002	2.831590e+000
1.982183e+002	-1.038385e+001
1.981982e+002	-1.742844e+001
1.984272e+002	-1.213083e+001
1.984782e+002	-1.564908e+001
1.985116e+002	-2.004913e+001
1.987405e+002	-1.475152e+001
1.991295e+002	-1.519887e+000
1.994830e+002	9.949007e+000
2.000498e+002	3.199650e+001
2.005633e+002	5.139901e+001
2.001520e+002	2.496001e+001
1.997051e+002	-3.242584e+000
1.997206e+002	-8.524004e+000
1.996650e+002	-1.733131e+001
1.996983e+002	-2.173136e+001
1.999451e+002	-1.555195e+001
2.000317e+002	-1.730702e+001
2.005275e+002	1.214107e+000
2.011299e+002	2.502476e+001
2.011632e+002	2.062470e+001
2.008052e+002	-3.169746e+000
2.009453e+002	-2.279837e+000
2.014232e+002	1.535948e+001
2.019189e+002	3.388107e+001
2.018811e+002	2.595468e+001
2.017188e+002	1.185787e+001
2.016987e+002	4.813291e+000
2.018743e+002	7.465917e+000
2.021032e+002	1.276351e+001
2.023500e+002	1.894248e+001
2.022766e+002	9.253365e+000
2.023099e+002	4.853754e+000
2.026277e+002	1.455906e+001
2.023943e+002	-3.064519e+000
2.023209e+002	-1.275364e+001
2.028522e+002	7.530667e+000
2.029566e+002	6.657389e+000
2.029721e+002	1.375984e+000
2.032189e+002	7.554943e+000
2.034123e+002	1.108938e+001
2.032677e+002	-2.126061e+000
2.033010e+002	-6.526115e+000
2.033877e+002	-8.281187e+000
2.032609e+002	-2.061483e+001
2.038634e+002	3.195808e+000
2.044836e+002	2.788782e+001
2.046058e+002	2.789592e+001
2.044079e+002	1.203593e+001
2.042989e+002	5.832017e-001
2.042611e+002	-7.342729e+000
2.042944e+002	-1.174233e+001
2.043455e+002	-1.526057e+001
2.043255e+002	-2.230515e+001
2.043232e+002	-2.846838e+001
2.043031e+002	-3.551251e+001
2.046032e+002	-2.668902e+001
2.046543e+002	-3.020682e+001
2.046165e+002	-3.813320e+001
2.048810e+002	-3.107244e+001
2.051811e+002	-2.224850e+001
2.050899e+002	-3.281942e+001
2.051232e+002	-3.721902e+001
2.057434e+002	-1.252701e+001
2.064348e+002	1.569133e+001
2.068416e+002	2.980477e+001
2.071061e+002	3.686554e+001
2.067482e+002	1.307108e+001
2.064791e+002	-6.315674e+000
2.065658e+002	-8.070746e+000
2.064390e+002	-2.040439e+001
2.066324e+002	-1.686996e+001
2.068969e+002	-9.809188e+000
2.072326e+002	7.774545e-001
2.071592e+002	-8.911635e+000
2.072458e+002	-1.066672e+001
2.072436e+002	-1.682949e+001
2.071346e+002	-2.828223e+001
2.071857e+002	-3.180001e+001
2.072368e+002	-3.531826e+001
2.074657e+002	-3.002067e+001
2.080326e+002	-7.973620e+000
2.085283e+002	1.054795e+001
2.087395e+002	1.496375e+001
2.087728e+002	1.056414e+001
2.086105e+002	-3.533103e+000
2.085193e+002	-1.410403e+001
2.085348e+002	-1.938543e+001
2.085503e+002	-2.466685e+001
2.088504e+002	-1.584291e+001
2.092394e+002	-2.611276e+000
2.097529e+002	1.679166e+001
2.102309e+002	3.443145e+001
2.101930e+002	2.650507e+001
2.097283e+002	-2.578901e+000
2.096549e+002	-1.226802e+001
2.100795e+002	2.726780e+000
2.102373e+002	4.498040e+000
2.101461e+002	-6.072858e+000
2.100549e+002	-1.664334e+001
2.104795e+002	-1.648529e+000
2.107796e+002	7.175397e+000
2.111686e+002	2.040704e+001
2.112908e+002	2.041513e+001
2.112886e+002	1.425191e+001
2.111262e+002	1.550933e-001
2.112307e+002	-7.186010e-001
2.114952e+002	6.342152e+000
2.115819e+002	4.587079e+000
2.117752e+002	8.121513e+000
2.120931e+002	1.782680e+001
2.119130e+002	2.848195e+000
2.119285e+002	-2.433211e+000
2.122642e+002	8.153888e+000
2.124576e+002	1.168832e+001
2.125620e+002	1.081504e+001
2.124530e+002	-6.376623e-001
2.126642e+002	3.778553e+000
2.130888e+002	1.877336e+001
2.132466e+002	2.054462e+001
2.132799e+002	1.614458e+001
2.131709e+002	4.692293e+000
2.130264e+002	-8.523143e+000
2.130063e+002	-1.556772e+001
2.132708e+002	-8.506956e+000
2.133931e+002	-8.498855e+000
2.135686e+002	-5.846243e+000
2.136731e+002	-6.719508e+000
2.136708e+002	-1.288228e+001
2.140065e+002	-2.295622e+000
2.142354e+002	3.001971e+000
2.138952e+002	-1.991067e+001
2.137685e+002	-3.224477e+001
2.139263e+002	-3.047351e+001
2.142975e+002	-1.812322e+001
2.145798e+002	-1.018109e+001
2.144886e+002	-2.075201e+001
2.144686e+002	-2.779659e+001
2.148398e+002	-1.544632e+001
2.151932e+002	-3.977843e+000
2.154755e+002	3.964718e+000
2.155266e+002	4.464724e-001
2.156844e+002	2.217733e+000
2.159134e+002	7.515326e+000
2.158755e+002	-4.110475e-001
2.157310e+002	-1.362650e+001
2.155686e+002	-2.772376e+001
2.156375e+002	-3.036019e+001
2.160977e+002	-1.360221e+001
2.168246e+002	1.637930e+001
2.171959e+002	2.872957e+001
2.171402e+002	1.992182e+001
2.170846e+002	1.111451e+001
2.169223e+002	-2.982734e+000
2.167422e+002	-1.796136e+001
2.167755e+002	-2.236140e+001
2.170756e+002	-1.353746e+001
2.176602e+002	9.391814e+000
2.180314e+002	2.174164e+001
2.180114e+002	1.469706e+001
2.176890e+002	-7.334225e+000
2.175266e+002	-2.143104e+001
2.176844e+002	-1.965977e+001
2.177533e+002	-2.229665e+001
2.178222e+002	-2.493310e+001
2.178555e+002	-2.933270e+001
2.179955e+002	-2.844324e+001
2.183134e+002	-1.873794e+001
2.188269e+002	6.650001e-001
2.190203e+002	4.199434e+000
2.192137e+002	7.733867e+000
2.198694e+002	3.418904e+001
2.197960e+002	2.449994e+001
2.193314e+002	-4.584030e+000
2.191334e+002	-2.044446e+001
2.193090e+002	-1.779138e+001
2.196625e+002	-6.322915e+000
2.198736e+002	-1.907116e+000
2.200315e+002	-1.358560e-001
2.199936e+002	-8.061799e+000
2.202226e+002	-2.764206e+000
2.205938e+002	9.586066e+000
2.206627e+002	6.949185e+000
2.210161e+002	1.841765e+001
2.212628e+002	2.459705e+001
2.211894e+002	1.490750e+001
2.210271e+002	8.106897e-001
2.209893e+002	-7.115684e+000
2.213961e+002	6.997748e+000
2.215183e+002	7.005836e+000
2.213204e+002	-8.854139e+000
2.214248e+002	-9.727846e+000
2.217249e+002	-9.039068e-001
2.219183e+002	2.630513e+000
2.221472e+002	7.928107e+000
2.223762e+002	1.322571e+001
2.222316e+002	9.820110e-003
2.220693e+002	-1.408698e+001
2.221915e+002	-1.407889e+001
2.224916e+002	-5.255398e+000
2.226316e+002	-4.365502e+000
2.226116e+002	-1.141008e+001
2.228050e+002	-7.875647e+000
2.231051e+002	9.482787e-001
2.229783e+002	-1.138579e+001
2.229938e+002	-1.666721e+001
2.234006e+002	-2.553766e+000
2.233628e+002	-1.047971e+001
2.232894e+002	-2.016927e+001
2.236072e+002	-1.046352e+001
2.236583e+002	-1.398177e+001
2.239940e+002	-3.395098e+000
2.246320e+002	2.217871e+001
2.246475e+002	1.689729e+001
2.245208e+002	4.563651e+000
2.243229e+002	-1.129677e+001
2.243739e+002	-1.481501e+001
2.244251e+002	-1.833326e+001
2.245117e+002	-2.008833e+001
2.248296e+002	-1.038258e+001
2.251652e+002	2.040595e-001
2.252697e+002	-6.691915e-001
2.252319e+002	-8.595135e+000
2.257098e+002	9.044187e+000
2.259032e+002	1.257862e+001
2.254385e+002	-1.650533e+001
2.250094e+002	-4.382614e+001
2.253628e+002	-3.235722e+001
2.260364e+002	-5.020682e+000
2.266033e+002	1.702679e+001
2.265121e+002	6.456312e+000
2.265098e+002	2.930987e-001
2.265965e+002	-1.461960e+000
2.266120e+002	-6.743379e+000
2.267876e+002	-4.090311e+000
2.267142e+002	-1.377943e+001
2.270320e+002	-4.074123e+000
2.273499e+002	5.631168e+000
2.275789e+002	1.092876e+001
2.274699e+002	-5.235019e-001
2.272364e+002	-1.814709e+001
2.273231e+002	-1.990218e+001
2.276054e+002	-1.195960e+001
2.278521e+002	-5.780632e+000
2.277965e+002	-1.458838e+001
2.277409e+002	-2.339614e+001
2.280232e+002	-1.545356e+001
2.284122e+002	-2.221924e+000
2.284989e+002	-3.976997e+000
2.286744e+002	-1.324371e+000
2.286188e+002	-1.013168e+001
2.288122e+002	-6.597690e+000
2.291479e+002	3.989409e+000
2.293946e+002	1.016881e+001
2.295168e+002	1.017691e+001
2.294612e+002	1.369160e+000
2.294412e+002	-5.675419e+000
2.294033e+002	-1.360136e+001
2.294722e+002	-1.623824e+001
2.297723e+002	-7.414304e+000
2.302502e+002	1.022546e+001
2.302835e+002	5.825421e+000
2.303524e+002	3.188983e+000
2.305458e+002	6.723417e+000
2.301167e+002	-2.059738e+001
2.303100e+002	-1.706294e+001
2.307168e+002	-2.949942e+000
2.308391e+002	-2.941855e+000
2.307479e+002	-1.351232e+001
2.308523e+002	-1.438604e+001
2.310279e+002	-1.173298e+001
2.312213e+002	-8.198543e+000
2.313613e+002	-7.309090e+000
2.316970e+002	3.278009e+000
2.322283e+002	2.356233e+001
2.321193e+002	1.211005e+001
2.318325e+002	-8.158066e+000
2.318124e+002	-1.520266e+001
2.317924e+002	-2.224724e+001
2.319146e+002	-2.223914e+001
2.321791e+002	-1.517837e+001
2.324792e+002	-6.354874e+000
2.326014e+002	-6.346787e+000
2.326525e+002	-9.864589e+000
2.330416e+002	3.367035e+000
2.331816e+002	4.256501e+000
2.333927e+002	8.672742e+000
2.335683e+002	1.132537e+001
2.332281e+002	-1.158729e+001
2.331192e+002	-2.304001e+001
2.333303e+002	-1.862378e+001
2.336304e+002	-9.799838e+000
2.339483e+002	-9.453367e-002
2.340172e+002	-2.731414e+000
2.341750e+002	-9.601542e-001
2.345106e+002	9.626945e+000
2.348996e+002	2.285858e+001
2.351286e+002	2.815618e+001
2.351085e+002	2.111160e+001
2.348395e+002	1.725276e+000
2.344459e+002	-2.383235e+001
2.345504e+002	-2.470605e+001
2.348505e+002	-1.588211e+001
2.353106e+002	8.758437e-001
2.355218e+002	5.292085e+000
2.358219e+002	1.411603e+001
2.358730e+002	1.059778e+001
2.362086e+002	2.118445e+001
2.364020e+002	2.471887e+001
2.363820e+002	1.767429e+001
2.365931e+002	2.209053e+001
2.369110e+002	3.179584e+001
2.367664e+002	1.858039e+001
2.364085e+002	-5.214075e+000
2.363706e+002	-1.314002e+001
2.365462e+002	-1.048739e+001
2.369175e+002	1.862879e+000
2.372531e+002	1.244998e+001
2.374465e+002	1.598397e+001
2.376043e+002	1.775523e+001
2.377443e+002	1.864512e+001
2.377954e+002	1.512689e+001
2.377220e+002	5.437775e+000
2.376486e+002	-4.251772e+000
2.377353e+002	-6.006844e+000
2.380176e+002	1.935717e+000
2.381754e+002	3.706977e+000
2.380486e+002	-8.627094e+000
