    nm         	pN
0.000000e+000	6.704617e+002
9.169213e-002	6.641944e+002
-4.511371e-002	6.485336e+002
-2.390562e-001	6.305238e+002
-2.235224e-001	6.211257e+002
-1.318505e-001	6.148576e+002
-2.877037e-001	5.984137e+002
-5.577816e-001	5.772740e+002
-6.184291e-001	5.647440e+002
-5.457816e-001	5.576938e+002
-5.683601e-001	5.467288e+002
-7.051659e-001	5.310680e+002
-8.990868e-001	5.130591e+002
-8.645286e-001	5.044430e+002
-6.966768e-001	5.013067e+002
-8.144596e-001	4.864279e+002
-1.027425e+000	4.676361e+002
-1.088073e+000	4.551061e+002
-9.392654e-001	4.511869e+002
-8.285503e-001	4.457016e+002
-9.463101e-001	4.308238e+002
-1.159277e+000	4.120319e+002
-1.162810e+000	4.018499e+002
-1.033027e+000	3.971486e+002
-9.984692e-001	3.885325e+002
-1.192411e+000	3.705228e+002
-1.405377e+000	3.517310e+002
-1.275615e+000	3.470287e+002
-1.202968e+000	3.399785e+002
-1.320750e+000	3.250998e+002
-1.495625e+000	3.078739e+002
-1.594362e+000	2.937780e+002
-1.350352e+000	2.937726e+002
-1.525227e+000	2.765467e+002
-1.643010e+000	2.616679e+002
-1.646521e+000	2.514867e+002
-1.478670e+000	2.483504e+002
-1.348908e+000	2.436482e+002
-1.504760e+000	2.272044e+002
-1.660612e+000	2.107605e+002
-1.607009e+000	2.029274e+002
-1.382043e+000	2.021390e+002
-1.328442e+000	1.943059e+002
-1.655656e+000	1.708173e+002
-1.640144e+000	1.614182e+002
-1.567496e+000	1.543680e+002
-1.666235e+000	1.402722e+002
-1.707836e+000	1.285251e+002
-1.597098e+000	1.230408e+002
-1.505428e+000	1.167727e+002
-1.489894e+000	1.073745e+002
-1.322064e+000	1.042373e+002
-1.554074e+000	8.466259e+001
-1.481428e+000	7.761239e+001
-1.275507e+000	7.604107e+001
-1.412313e+000	6.038019e+001
-1.530074e+000	4.550227e+001
-1.419357e+000	4.001709e+001
-1.537118e+000	2.513916e+001
-1.293108e+000	2.513374e+001
-1.258551e+000	1.651764e+001
-1.185904e+000	9.467441e+000
-1.227505e+000	-2.279557e+000
-1.059654e+000	-5.415896e+000
-1.158390e+000	-1.951175e+001
-1.142858e+000	-2.890992e+001
-1.374890e+000	-4.848555e+001
-1.283198e+000	-5.475280e+001
-1.191504e+000	-6.102004e+001
-1.061743e+000	-6.572227e+001
-1.160481e+000	-7.981814e+001
-1.183038e+000	-9.078220e+001
-1.129435e+000	-9.861535e+001
-1.018719e+000	-1.041005e+002
-9.651172e-001	-1.119337e+002
-9.305604e-001	-1.205498e+002
-9.911862e-001	-1.330789e+002
-9.375835e-001	-1.409120e+002
-8.840022e-001	-1.487460e+002
-8.684698e-001	-1.581442e+002
-7.958223e-001	-1.651944e+002
-9.136037e-001	-1.800732e+002
-7.457533e-001	-1.832095e+002
-5.398324e-001	-1.847809e+002
-5.242986e-001	-1.941790e+002
-1.089258e-001	-1.871397e+002
2.381917e+000	-9.477740e+001
2.721131e+000	-9.086897e+001
3.098436e+000	-8.539463e+001
3.399562e+000	-8.305208e+001
3.700685e+000	-8.070954e+001
3.563879e+000	-9.637041e+001
3.998298e+000	-8.854811e+001
3.994786e+000	-9.872923e+001
4.276887e+000	-9.716875e+001
4.387604e+000	-1.026539e+002
4.422160e+000	-1.112700e+002
4.989874e+000	-9.796797e+001
4.700729e+000	-1.198916e+002
4.944739e+000	-1.198970e+002
4.788887e+000	-1.363408e+002
4.747285e+000	-1.480878e+002
4.972251e+000	-1.488762e+002
4.987785e+000	-1.582743e+002
4.946182e+000	-1.700214e+002
5.114012e+000	-1.731586e+002
6.786108e+000	-1.144552e+002
7.658457e+000	-8.862946e+001
7.940558e+000	-8.706898e+001
7.918001e+000	-9.803304e+001
8.333374e+000	-9.099369e+001
9.167655e+000	-6.673299e+001
9.963847e+000	-4.403818e+001
1.089333e+001	-1.586362e+001
1.060421e+001	-3.778631e+001
1.044836e+001	-5.423014e+001
1.084468e+001	-4.797373e+001
1.150760e+001	-3.075780e+001
1.167545e+001	-3.389414e+001
1.182426e+001	-3.781343e+001
1.275374e+001	-9.638862e+000
1.292160e+001	-1.277520e+001
1.331793e+001	-6.518789e+000
1.312398e+001	-2.452852e+001
1.254925e+001	-5.819281e+001
1.309791e+001	-4.567369e+001
1.379890e+001	-2.689275e+001
1.415716e+001	-2.220136e+001
1.455349e+001	-1.594495e+001
1.462614e+001	-2.299515e+001
1.513671e+001	-1.204194e+001
1.583772e+001	6.739876e+000
1.526296e+001	-2.692529e+001
1.512616e+001	-4.258616e+001
1.641741e+001	4.608902e-001
1.629965e+001	-1.441702e+001
1.629612e+001	-2.459902e+001
1.638781e+001	-3.086627e+001
1.615580e+001	-5.044100e+001
1.668543e+001	-3.870484e+001
1.736737e+001	-2.070685e+001
1.740195e+001	-2.932206e+001
1.716991e+001	-4.889768e+001
1.800420e+001	-2.463697e+001
1.807684e+001	-3.168717e+001
1.847319e+001	-2.542989e+001
1.881241e+001	-2.152144e+001
1.844710e+001	-4.657594e+001
1.857686e+001	-5.127818e+001
1.864951e+001	-5.832838e+001
1.923625e+001	-4.424425e+001
1.951835e+001	-4.268377e+001
1.951482e+001	-5.286577e+001
1.977787e+001	-5.208825e+001
1.994572e+001	-5.522459e+001
2.015164e+001	-5.679591e+001
2.047183e+001	-5.366953e+001
2.062064e+001	-5.758881e+001
2.084561e+001	-5.837719e+001
2.095632e+001	-6.386237e+001
2.135267e+001	-5.760508e+001
2.163475e+001	-5.604549e+001
2.166931e+001	-6.466159e+001
2.202757e+001	-5.997020e+001
2.236678e+001	-5.606176e+001
2.207766e+001	-7.798447e+001
2.262633e+001	-6.546534e+001
2.307977e+001	-5.686098e+001
2.315242e+001	-6.391118e+001
2.309177e+001	-7.644114e+001
2.335483e+001	-7.566361e+001
2.373213e+001	-7.018927e+001
2.393805e+001	-7.176059e+001
2.406781e+001	-7.646283e+001
2.408335e+001	-8.586099e+001
2.482242e+001	-6.551415e+001
2.474273e+001	-7.882706e+001
2.468208e+001	-9.135702e+001
2.481184e+001	-9.605925e+001
2.507490e+001	-9.528173e+001
2.541412e+001	-9.137330e+001
2.531540e+001	-1.054683e+002
2.550227e+001	-1.078225e+002
2.570822e+001	-1.093930e+002
2.619975e+001	-9.922271e+001
2.610101e+001	-1.133186e+002
2.657352e+001	-1.039304e+002
2.628440e+001	-1.258531e+002
2.654743e+001	-1.250764e+002
2.715323e+001	-1.102085e+002
2.779711e+001	-9.377548e+001
2.798398e+001	-9.612975e+001
2.813279e+001	-1.000490e+002
2.795789e+001	-1.172758e+002
2.848754e+001	-1.055388e+002
2.842689e+001	-1.180687e+002
2.834720e+001	-1.313816e+002
2.838175e+001	-1.399977e+002
2.849247e+001	-1.454829e+002
2.877457e+001	-1.439224e+002
2.892338e+001	-1.478417e+002
2.916739e+001	-1.478472e+002
2.937331e+001	-1.494185e+002
2.923650e+001	-1.650794e+002
2.942340e+001	-1.674327e+002
2.955316e+001	-1.721350e+002
2.974006e+001	-1.744884e+002
3.030775e+001	-1.611872e+002
3.047560e+001	-1.643235e+002
3.056729e+001	-1.705908e+002
3.083035e+001	-1.698132e+002
3.101722e+001	-1.721675e+002
3.089946e+001	-1.870454e+002
3.142909e+001	-1.753093e+002
3.123515e+001	-1.933190e+002
3.159341e+001	-1.886276e+002
3.179935e+001	-1.901980e+002
3.227183e+001	-1.808107e+002
3.266818e+001	-1.745534e+002
3.275985e+001	-1.808216e+002
3.266114e+001	-1.949165e+002
3.307651e+001	-1.878772e+002
3.322532e+001	-1.917965e+002
3.373590e+001	-1.808433e+002
3.394184e+001	-1.824137e+002
3.431912e+001	-1.769402e+002
3.423945e+001	-1.902523e+002
3.473098e+001	-1.800820e+002
3.495595e+001	-1.808704e+002
3.483819e+001	-1.957483e+002
3.494890e+001	-2.012335e+002
3.490730e+001	-2.129805e+002
3.598913e+001	-1.785432e+002
3.785161e+001	-1.120130e+002
3.908575e+001	-7.131386e+001
3.982483e+001	-5.096702e+001
3.980227e+001	-6.193109e+001
4.027476e+001	-5.254376e+001
4.061397e+001	-4.863532e+001
4.057237e+001	-6.038233e+001
4.037845e+001	-7.839117e+001
4.031780e+001	-9.092114e+001
4.124729e+001	-6.274657e+001
4.198636e+001	-4.239973e+001
4.173531e+001	-6.275741e+001
4.218877e+001	-5.415217e+001
4.228045e+001	-6.042030e+001
4.202939e+001	-8.077798e+001
4.227340e+001	-8.078341e+001
4.246030e+001	-8.313680e+001
4.262815e+001	-8.627313e+001
4.292927e+001	-8.393058e+001
4.300192e+001	-9.098079e+001
4.341729e+001	-8.394144e+001
4.364226e+001	-8.472981e+001
4.379107e+001	-8.864909e+001
4.399701e+001	-9.021953e+001
4.389827e+001	-1.043154e+002
4.398996e+001	-1.105826e+002
4.434822e+001	-1.058912e+002
4.449703e+001	-1.098105e+002
4.472200e+001	-1.105989e+002
4.483271e+001	-1.160841e+002
4.511481e+001	-1.145236e+002
4.511128e+001	-1.247056e+002
4.539338e+001	-1.231451e+002
4.550409e+001	-1.286303e+002
4.557674e+001	-1.356805e+002
4.563035e+001	-1.435137e+002
4.568395e+001	-1.513468e+002
4.588987e+001	-1.529181e+002
4.575306e+001	-1.685790e+002
4.605421e+001	-1.662356e+002
4.595547e+001	-1.803314e+002
4.631373e+001	-1.756401e+002
4.651965e+001	-1.772114e+002
4.653518e+001	-1.866095e+002
4.696960e+001	-1.787872e+002
4.709937e+001	-1.834895e+002
4.709583e+001	-1.936715e+002
4.688287e+001	-2.124633e+002
4.720303e+001	-2.093378e+002
4.752320e+001	-2.062123e+002
4.763394e+001	-2.116966e+002
4.983917e+001	-1.310759e+002
5.261563e+001	-2.697204e+001
5.322141e+001	-1.210496e+001
5.298940e+001	-3.167969e+001
5.308109e+001	-3.794694e+001
5.393440e+001	-1.290417e+001
5.452116e+001	1.180823e+000
5.455571e+001	-7.435262e+000
5.476163e+001	-9.006586e+000
5.479619e+001	-1.762268e+001
5.511638e+001	-1.449630e+001
5.522710e+001	-1.998149e+001
5.564247e+001	-1.294214e+001
5.603882e+001	-6.684843e+000
5.609242e+001	-1.451799e+001
5.606984e+001	-2.548294e+001
5.635194e+001	-2.392246e+001
5.600569e+001	-4.819402e+001
5.649724e+001	-3.802286e+001
5.674125e+001	-3.802829e+001
5.706142e+001	-3.490279e+001
5.753391e+001	-2.551548e+001
5.781601e+001	-2.395501e+001
5.783152e+001	-3.335405e+001
5.828499e+001	-2.474880e+001
5.854804e+001	-2.397127e+001
5.886821e+001	-2.084579e+001
5.852195e+001	-4.511733e+001
5.929912e+001	-2.320459e+001
5.988586e+001	-9.120465e+000
5.974905e+001	-2.478134e+001
6.043101e+001	-6.782457e+000
6.080830e+001	-1.309006e+000
6.074767e+001	-1.383808e+001
6.085838e+001	-1.932327e+001
6.098814e+001	-2.402550e+001
6.199379e+001	7.279963e+000
6.160946e+001	-1.855658e+001
6.210099e+001	-8.386322e+000
6.204035e+001	-2.091628e+001
6.205588e+001	-3.031445e+001
6.195715e+001	-4.441030e+001
6.263910e+001	-2.641142e+001
6.303544e+001	-2.015502e+001
6.339369e+001	-1.546363e+001
6.359961e+001	-1.703495e+001
6.372937e+001	-2.173719e+001
6.399243e+001	-2.095966e+001
6.431260e+001	-1.783418e+001
6.455662e+001	-1.783959e+001
6.440078e+001	-3.428252e+001
6.447341e+001	-4.133362e+001
6.473646e+001	-4.055609e+001
6.539938e+001	-2.334016e+001
6.583380e+001	-1.551786e+001
6.596356e+001	-2.022009e+001
6.596005e+001	-3.040121e+001
6.633734e+001	-2.492776e+001
6.654327e+001	-2.649818e+001
6.707290e+001	-1.476202e+001
6.731691e+001	-1.476745e+001
6.738954e+001	-2.181853e+001
6.776684e+001	-1.634419e+001
6.820126e+001	-8.521891e+000
6.854047e+001	-4.613443e+000
6.891778e+001	8.608796e-001
6.885713e+001	-1.166907e+001
6.912018e+001	-1.089154e+001
6.926899e+001	-1.481083e+001
6.932260e+001	-2.264398e+001
6.949043e+001	-2.578120e+001
6.971541e+001	-2.656868e+001
7.028311e+001	-1.326751e+001
7.035575e+001	-2.031771e+001
7.052360e+001	-2.345405e+001
7.093897e+001	-1.641469e+001
7.103067e+001	-2.268194e+001
7.152220e+001	-1.251167e+001
7.176622e+001	-1.251709e+001
7.157229e+001	-3.052594e+001
7.189247e+001	-2.740044e+001
7.181277e+001	-4.071336e+001
7.249474e+001	-2.271448e+001
7.281491e+001	-1.958898e+001
7.343973e+001	-3.938958e+000
7.330292e+001	-1.959983e+001
7.299475e+001	-4.230548e+001
7.310547e+001	-4.779066e+001
7.392071e+001	-2.431291e+001
7.425992e+001	-2.040447e+001
7.448489e+001	-2.119284e+001
7.444329e+001	-3.293986e+001
7.485866e+001	-2.590051e+001
7.557871e+001	-6.335728e+000
7.563231e+001	-1.416888e+001
7.608575e+001	-5.564502e+000
7.556813e+001	-3.688083e+001
7.596449e+001	-3.062354e+001
7.676067e+001	-7.928742e+000
7.696659e+001	-9.500067e+000
7.669652e+001	-3.063981e+001
7.682628e+001	-3.534205e+001
7.724165e+001	-2.830269e+001
7.742855e+001	-3.065608e+001
7.797719e+001	-1.813785e+001
7.824025e+001	-1.736032e+001
7.854140e+001	-1.501690e+001
7.827129e+001	-3.615753e+001
7.832490e+001	-4.399068e+001
7.883548e+001	-3.303747e+001
8.010771e+001	9.227531e+000
7.985665e+001	-1.113015e+001
8.013873e+001	-9.570563e+000
8.005906e+001	-2.288259e+001
8.028402e+001	-2.367095e+001
8.039474e+001	-2.915614e+001
8.117191e+001	-7.243394e+000
8.141592e+001	-7.248820e+000
8.158377e+001	-1.038516e+001
8.140888e+001	-2.761193e+001
8.172905e+001	-2.448644e+001
8.250621e+001	-2.573700e+000
8.294063e+001	5.248586e+000
8.295614e+001	-4.150449e+000
8.287645e+001	-1.746336e+001
8.319664e+001	-1.433698e+001
8.325022e+001	-2.217102e+001
8.362753e+001	-1.669667e+001
8.377634e+001	-2.061596e+001
8.396323e+001	-2.296935e+001
8.418819e+001	-2.375772e+001
8.439412e+001	-2.532905e+001
8.465717e+001	-2.455151e+001
8.478693e+001	-2.925375e+001
8.506903e+001	-2.769328e+001
8.552250e+001	-1.908802e+001
8.609019e+001	-5.786845e+000
8.627709e+001	-8.140233e+000
8.659725e+001	-5.014735e+000
8.724113e+001	1.141822e+001
8.670446e+001	-2.068103e+001
8.633916e+001	-4.573554e+001
8.738289e+001	-1.286416e+001
8.739840e+001	-2.226321e+001
8.747105e+001	-2.931341e+001
8.803876e+001	-1.601134e+001
8.801621e+001	-2.697540e+001
8.829829e+001	-2.541581e+001
8.888505e+001	-1.133079e+001
8.918617e+001	-8.988255e+000
8.935402e+001	-1.212459e+001
8.914105e+001	-3.091638e+001
8.930888e+001	-3.405360e+001
8.957194e+001	-3.327608e+001
9.031102e+001	-1.292923e+001
9.068832e+001	-7.454886e+000
9.081808e+001	-1.215712e+001
9.056703e+001	-3.251482e+001
9.103954e+001	-2.312661e+001
9.149300e+001	-1.452136e+001
9.137522e+001	-2.940017e+001
9.196198e+001	-1.531515e+001
9.239640e+001	-7.492853e+000
9.258327e+001	-9.847126e+000
9.244646e+001	-2.550800e+001
9.354731e+001	9.711331e+000
9.329628e+001	-1.064546e+001
9.338795e+001	-1.691359e+001
9.399373e+001	-2.046507e+000
9.387597e+001	-1.692444e+001
9.347260e+001	-4.354395e+001
9.396413e+001	-3.337369e+001
9.437950e+001	-2.633433e+001
9.426174e+001	-4.121225e+001
9.469616e+001	-3.338995e+001
9.558758e+001	-6.780401e+000
9.588870e+001	-4.437863e+000
9.586615e+001	-1.540192e+001
9.578645e+001	-2.871483e+001
9.623992e+001	-2.010957e+001
9.623638e+001	-3.029158e+001
9.655658e+001	-2.716520e+001
9.729565e+001	-6.818356e+000
9.738732e+001	-1.308649e+001
9.793599e+001	-5.673827e-001
9.774205e+001	-1.857710e+001
9.787183e+001	-2.327845e+001
9.803966e+001	-2.641568e+001
9.752204e+001	-5.773201e+001
9.837537e+001	-3.268834e+001
9.903828e+001	-1.547242e+001
9.897764e+001	-2.800238e+001
9.925972e+001	-2.644279e+001
9.963702e+001	-2.096845e+001
9.955733e+001	-3.428136e+001
1.000679e+002	-2.332726e+001
1.001596e+002	-2.959540e+001
1.007654e+002	-1.472743e+001
1.007619e+002	-2.490942e+001
1.010820e+002	-2.178394e+001
1.008881e+002	-3.979277e+001
1.013606e+002	-3.040546e+001
1.018522e+002	-2.023430e+001
1.017534e+002	-3.433016e+001
1.015976e+002	-5.077400e+001
1.022034e+002	-3.590603e+001
1.030757e+002	-1.008031e+001
1.026152e+002	-3.904778e+001
1.030306e+002	-3.200843e+001
1.037126e+002	-1.401043e+001
1.042422e+002	-2.274275e+000
1.040483e+002	-2.028311e+001
1.040828e+002	-2.889921e+001
1.044220e+002	-2.499077e+001
1.049707e+002	-1.247165e+001
1.050814e+002	-1.795684e+001
1.049446e+002	-3.361771e+001
1.056266e+002	-1.561883e+001
1.057182e+002	-2.188698e+001
1.063812e+002	-4.671045e+000
1.058254e+002	-3.755327e+001
1.059933e+002	-4.068960e+001
1.066181e+002	-2.503958e+001
1.070716e+002	-1.643432e+001
1.070681e+002	-2.661632e+001
1.067408e+002	-5.010492e+001
1.071753e+002	-4.228261e+001
1.082952e+002	-6.280324e+000
1.084249e+002	-1.098168e+001
1.085357e+002	-1.646686e+001
1.085893e+002	-2.430001e+001
1.087190e+002	-2.900225e+001
1.092677e+002	-1.648313e+001
1.092641e+002	-2.666512e+001
1.091845e+002	-3.997715e+001
1.095618e+002	-3.450370e+001
1.098248e+002	-3.372617e+001
1.099356e+002	-3.921046e+001
1.104842e+002	-2.669224e+001
1.109948e+002	-1.573813e+001
1.112198e+002	-1.652651e+001
1.117494e+002	-4.790349e+000
1.117078e+002	-1.653736e+001
1.118947e+002	-1.889163e+001
1.122339e+002	-1.498230e+001
1.123827e+002	-1.890247e+001
1.127409e+002	-1.421109e+001
1.129088e+002	-1.734742e+001
1.132290e+002	-1.422193e+001
1.126542e+002	-4.788622e+001
1.128030e+002	-5.180550e+001
1.137706e+002	-2.206593e+001
1.144145e+002	-5.632944e+000
1.143538e+002	-1.816290e+001
1.144455e+002	-2.443015e+001
1.143087e+002	-4.009102e+001
1.149145e+002	-2.522395e+001
1.151966e+002	-2.366347e+001
1.156691e+002	-1.427616e+001
1.157417e+002	-2.132636e+001
1.160428e+002	-1.898382e+001
1.160393e+002	-2.916493e+001
1.163785e+002	-2.525648e+001
1.163941e+002	-3.465554e+001
1.167333e+002	-3.074710e+001
1.171677e+002	-2.292480e+001
1.175450e+002	-1.745045e+001
1.179033e+002	-1.275907e+001
1.175760e+002	-3.624766e+001
1.177058e+002	-4.094990e+001
1.181212e+002	-3.391055e+001
1.185175e+002	-2.765325e+001
1.190662e+002	-1.513415e+001
1.188913e+002	-3.236092e+001
1.195352e+002	-1.592793e+001
1.199125e+002	-1.045448e+001
1.198708e+002	-2.220149e+001
1.204195e+002	-9.682386e+000
1.205112e+002	-1.594962e+001
1.207743e+002	-1.517210e+001
1.213801e+002	-3.050174e-001
1.211480e+002	-1.987976e+001
1.217157e+002	-6.578578e+000
1.217503e+002	-1.519379e+001
1.217849e+002	-2.380989e+001
1.220098e+002	-2.459826e+001
1.221777e+002	-2.773460e+001
1.223646e+002	-3.008888e+001
1.226847e+002	-2.696339e+001
1.227574e+002	-3.401359e+001
1.234203e+002	-1.679766e+001
1.239118e+002	-6.627384e+000
1.243843e+002	2.760800e+000
1.237334e+002	-3.403528e+001
1.237299e+002	-4.421639e+001
1.246975e+002	-1.447681e+001
1.249986e+002	-1.213338e+001
1.251855e+002	-1.448765e+001
1.250868e+002	-2.858262e+001
1.253308e+002	-2.858805e+001
1.256890e+002	-2.389666e+001
1.258569e+002	-2.703389e+001
1.261009e+002	-2.703930e+001
1.263830e+002	-2.547883e+001
1.262652e+002	-4.035675e+001
1.272518e+002	-9.834219e+000
1.278957e+002	6.598751e+000
1.278160e+002	-6.714158e+000
1.270318e+002	-4.898913e+001
1.278851e+002	-2.394546e+001
1.282624e+002	-1.847201e+001
1.280875e+002	-3.569789e+001
1.280840e+002	-4.587990e+001
1.284994e+002	-3.884054e+001
1.290290e+002	-2.710438e+001
1.290826e+002	-3.493753e+001
1.296503e+002	-2.163546e+001
1.299134e+002	-2.085794e+001
1.306144e+002	-2.076993e+000
1.301158e+002	-3.261036e+001
1.302646e+002	-3.652965e+001
1.306038e+002	-3.262121e+001
1.311715e+002	-1.932004e+001
1.310347e+002	-3.498091e+001
1.316024e+002	-2.167884e+001
1.319035e+002	-1.933631e+001
1.319952e+002	-2.560356e+001
1.322963e+002	-2.326102e+001
1.322357e+002	-3.579008e+001
1.323083e+002	-4.284118e+001
1.330474e+002	-2.249433e+001
1.334247e+002	-1.701999e+001
1.333260e+002	-3.111586e+001
1.331321e+002	-4.912469e+001
1.343853e+002	-7.642630e+000
1.347625e+002	-2.169181e+000
1.347209e+002	-1.391619e+001
1.343556e+002	-3.897069e+001
1.349424e+002	-2.488568e+001
1.350722e+002	-2.958792e+001
1.354304e+002	-2.489652e+001
1.357696e+002	-2.098808e+001
1.362802e+002	-1.003487e+001
1.364100e+002	-1.473711e+001
1.364445e+002	-2.335320e+001
1.367457e+002	-2.100977e+001
1.372563e+002	-1.005656e+001
1.368909e+002	-3.511106e+001
1.374777e+002	-2.102604e+001
1.373409e+002	-3.668692e+001
1.376611e+002	-3.356142e+001
1.376956e+002	-4.217752e+001
1.383966e+002	-2.339659e+001
1.385835e+002	-2.574996e+001
1.389037e+002	-2.262448e+001
1.394904e+002	-8.539458e+000
1.394869e+002	-1.872147e+001
1.395024e+002	-2.811963e+001
1.393656e+002	-4.378050e+001
1.400476e+002	-2.578250e+001
1.404058e+002	-2.109112e+001
1.405356e+002	-2.579336e+001
1.406844e+002	-2.971264e+001
1.408332e+002	-3.363192e+001
1.410391e+002	-3.520324e+001
1.413212e+002	-3.364277e+001
1.413177e+002	-4.382388e+001
1.412190e+002	-5.791974e+001
1.419581e+002	-3.757290e+001
1.426400e+002	-1.957491e+001
1.428269e+002	-2.192829e+001
1.431280e+002	-1.958575e+001
1.432959e+002	-2.272209e+001
1.435018e+002	-2.429253e+001
1.442599e+002	-3.163621e+000
1.444087e+002	-7.082908e+000
1.442719e+002	-2.274378e+001
1.446492e+002	-1.726945e+001
1.451788e+002	-5.533275e+000
1.455942e+002	1.506061e+000
1.457621e+002	-1.630265e+000
1.455301e+002	-2.120500e+001
1.456789e+002	-2.512428e+001
1.461894e+002	-1.417106e+001
1.462050e+002	-2.357011e+001
1.465061e+002	-2.122669e+001
1.465597e+002	-2.905984e+001
1.469941e+002	-2.123753e+001
1.475428e+002	-8.718420e+000
1.481676e+002	6.931601e+000
1.475357e+002	-2.908153e+001
1.471704e+002	-5.413603e+001
1.478524e+002	-3.613715e+001
1.485153e+002	-1.892211e+001
1.484166e+002	-3.301708e+001
1.489462e+002	-2.128092e+001
1.485238e+002	-4.868338e+001
1.495294e+002	-1.737790e+001
1.497925e+002	-1.660038e+001
1.495985e+002	-3.461010e+001
1.502996e+002	-1.582827e+001
1.500675e+002	-3.540390e+001
1.501211e+002	-4.323704e+001
1.506507e+002	-3.150087e+001
1.512565e+002	-1.663291e+001
1.515386e+002	-1.507332e+001
1.523539e+002	8.404427e+000
1.522742e+002	-4.907585e+000
1.518518e+002	-3.231005e+001
1.525528e+002	-1.352911e+001
1.525683e+002	-2.292816e+001
1.527742e+002	-2.449860e+001
1.529230e+002	-2.841788e+001
1.532051e+002	-2.685829e+001
1.538109e+002	-1.199033e+001
1.537312e+002	-2.530324e+001
1.536706e+002	-3.783319e+001
1.542954e+002	-2.218317e+001
1.543490e+002	-3.001632e+001
1.547073e+002	-2.532493e+001
1.548751e+002	-2.846126e+001
1.550620e+002	-3.081554e+001
1.550585e+002	-4.099665e+001
1.556071e+002	-2.847753e+001
1.557750e+002	-3.161475e+001
1.561713e+002	-2.535747e+001
1.562630e+002	-3.162560e+001
1.567545e+002	-2.145444e+001
1.571699e+002	-1.441510e+001
1.572045e+002	-2.303120e+001
1.570677e+002	-3.869207e+001
1.575021e+002	-3.086977e+001
1.579175e+002	-2.383041e+001
1.579901e+002	-3.088061e+001
1.585769e+002	-1.679559e+001
1.583448e+002	-3.637033e+001
1.583223e+002	-4.733528e+001
1.589661e+002	-3.090230e+001
1.598195e+002	-5.858644e+000
1.597398e+002	-1.917157e+001
1.600790e+002	-1.526312e+001
1.601516e+002	-2.231332e+001
1.602052e+002	-3.014647e+001
1.606587e+002	-2.154122e+001
1.610931e+002	-1.371891e+001
1.604803e+002	-4.894910e+001
1.612574e+002	-2.703724e+001
1.616347e+002	-2.156291e+001
1.617074e+002	-2.861311e+001
1.617991e+002	-3.488124e+001
1.625572e+002	-1.375145e+001
1.621348e+002	-4.115391e+001
1.618076e+002	-6.464251e+001
1.627370e+002	-3.646795e+001
1.633428e+002	-2.160087e+001
1.634345e+002	-2.786900e+001
1.635643e+002	-3.257035e+001
1.640177e+002	-2.396599e+001
1.644522e+002	-1.614280e+001
1.644867e+002	-2.475889e+001
1.640643e+002	-5.216225e+001
1.645939e+002	-4.042519e+001
1.658090e+002	-5.090275e-001
1.665290e+002	1.905484e+001
1.659924e+002	-1.304441e+001
1.656271e+002	-3.809892e+001
1.659663e+002	-3.419048e+001
1.661913e+002	-3.497886e+001
1.661497e+002	-4.672587e+001
1.668887e+002	-2.637902e+001
1.677611e+002	-5.524205e-001
1.678909e+002	-5.254657e+000
1.675256e+002	-3.030915e+001
1.675792e+002	-3.814230e+001
1.682040e+002	-2.249228e+001
1.686194e+002	-1.545292e+001
1.685397e+002	-2.876494e+001
1.691645e+002	-1.311491e+001
1.690087e+002	-2.955874e+001
1.699001e+002	-2.950075e+000
1.699727e+002	-1.000027e+001
1.698359e+002	-2.566115e+001
1.703084e+002	-1.627294e+001
1.707048e+002	-1.001654e+001
1.704346e+002	-3.115718e+001
1.705454e+002	-3.664147e+001
1.711321e+002	-2.255735e+001
1.715475e+002	-1.551799e+001
1.706871e+002	-6.092387e+001
1.714833e+002	-3.822907e+001
1.720320e+002	-2.570995e+001
1.722379e+002	-2.728128e+001
1.725391e+002	-2.493784e+001
1.728402e+002	-2.259531e+001
1.727796e+002	-3.512526e+001
1.729664e+002	-3.747865e+001
1.737817e+002	-1.400090e+001
1.744065e+002	1.649123e+000
1.743458e+002	-1.088084e+001
1.745708e+002	-1.166920e+001
1.747196e+002	-1.558849e+001
1.746018e+002	-3.046641e+001
1.751696e+002	-1.716435e+001
1.749947e+002	-3.439112e+001
1.752196e+002	-3.517950e+001
1.755969e+002	-2.970515e+001
1.754030e+002	-4.771488e+001
1.759897e+002	-3.362986e+001
1.761576e+002	-3.676620e+001
1.768014e+002	-2.033410e+001
1.768550e+002	-2.816725e+001
1.771181e+002	-2.738973e+001
1.771146e+002	-3.757084e+001
1.774728e+002	-3.287946e+001
1.778311e+002	-2.818894e+001
1.778466e+002	-3.758711e+001
1.778240e+002	-4.855117e+001
1.783917e+002	-3.524999e+001
1.787500e+002	-3.055860e+001
1.784608e+002	-5.248219e+001
1.793141e+002	-2.743854e+001
1.798818e+002	-1.413647e+001
1.801449e+002	-1.335894e+001
1.798558e+002	-3.528252e+001
1.805948e+002	-1.493569e+001
1.808198e+002	-1.572406e+001
1.812542e+002	-7.901757e+000
1.812507e+002	-1.808287e+001
1.811519e+002	-3.217873e+001
1.811484e+002	-4.235984e+001
1.818113e+002	-2.514391e+001
1.821125e+002	-2.280137e+001
1.820708e+002	-3.454838e+001
1.823529e+002	-3.298791e+001
1.824256e+002	-4.003899e+001
1.830694e+002	-2.360601e+001
1.827422e+002	-4.709462e+001
1.826054e+002	-6.275549e+001
1.834968e+002	-3.614682e+001
1.840645e+002	-2.284475e+001
1.840800e+002	-3.224380e+001
1.845335e+002	-2.363855e+001
1.847394e+002	-2.520899e+001
1.846026e+002	-4.086986e+001
1.849037e+002	-3.852733e+001
1.856047e+002	-1.974638e+001
1.855631e+002	-3.149339e+001
1.863974e+002	-7.232687e+000
1.866033e+002	-8.803126e+000
1.857810e+002	-5.264487e+001
1.862345e+002	-4.403962e+001
1.867070e+002	-3.465142e+001
1.870653e+002	-2.996002e+001
1.874806e+002	-2.292067e+001
1.876485e+002	-2.605701e+001
1.878353e+002	-2.841129e+001
1.882317e+002	-2.215399e+001
1.887994e+002	-8.851921e+000
1.888530e+002	-1.668507e+001
1.889447e+002	-2.295322e+001
1.891506e+002	-2.452453e+001
1.894136e+002	-2.374700e+001
1.892578e+002	-4.019083e+001
1.894828e+002	-4.097831e+001
1.897458e+002	-4.020168e+001
1.905991e+002	-1.515802e+001
1.913382e+002	5.188809e+000
1.908967e+002	-2.299660e+001
1.917500e+002	2.047045e+000
1.914228e+002	-2.144154e+001
1.910766e+002	-4.571309e+001
1.915681e+002	-3.554282e+001
1.919834e+002	-2.850347e+001
1.926464e+002	-1.128754e+001
1.924715e+002	-2.851431e+001
1.926393e+002	-3.165065e+001
1.927120e+002	-3.870085e+001
1.932225e+002	-2.774763e+001
1.938474e+002	-1.209761e+001
1.942437e+002	-5.840312e+000
1.943354e+002	-1.210845e+001
1.941224e+002	-3.090024e+001
1.942903e+002	-3.403657e+001
1.947437e+002	-2.543132e+001
1.952162e+002	-1.604400e+001
1.954983e+002	-1.448353e+001
1.956661e+002	-1.761986e+001
1.954722e+002	-3.562958e+001
1.955258e+002	-4.346273e+001
1.960173e+002	-3.329159e+001
1.958805e+002	-4.895246e+001
1.964673e+002	-3.486832e+001
1.969398e+002	-2.548013e+001
1.969362e+002	-3.566213e+001
1.971422e+002	-3.723256e+001
1.973862e+002	-3.723798e+001
1.981252e+002	-1.689113e+001
1.985977e+002	-7.503824e+000
1.990322e+002	3.184619e-001
1.990096e+002	-1.064559e+001
1.992155e+002	-1.221691e+001
1.991739e+002	-2.396392e+001
1.996655e+002	-1.379276e+001
1.998523e+002	-1.614704e+001
2.001344e+002	-1.458656e+001
1.998453e+002	-3.651015e+001
2.001464e+002	-3.416673e+001
2.003714e+002	-3.495509e+001
2.007677e+002	-2.869869e+001
2.012593e+002	-1.852753e+001
2.011224e+002	-3.418842e+001
2.011570e+002	-4.280451e+001
2.019913e+002	-1.854381e+001
2.017593e+002	-3.811854e+001
2.019081e+002	-4.203783e+001
2.023996e+002	-3.186757e+001
2.029292e+002	-2.013140e+001
2.028686e+002	-3.266136e+001
2.029222e+002	-4.049450e+001
2.027473e+002	-5.772039e+001
2.034102e+002	-4.050536e+001
2.036352e+002	-4.129283e+001
2.040125e+002	-3.581939e+001
2.044278e+002	-2.878004e+001
2.050527e+002	-1.312912e+001
2.050682e+002	-2.252817e+001
2.049885e+002	-3.584107e+001
2.053468e+002	-3.114969e+001
2.056289e+002	-2.958921e+001
2.056825e+002	-3.742235e+001
2.060978e+002	-3.038301e+001
2.061514e+002	-3.821615e+001
2.070428e+002	-1.160749e+001
2.067727e+002	-3.274812e+001
2.068834e+002	-3.823242e+001
2.069370e+002	-4.606557e+001
2.074667e+002	-3.432941e+001
2.079773e+002	-2.337619e+001
2.077262e+002	-4.373388e+001
2.082368e+002	-3.278066e+001
2.082332e+002	-4.296177e+001
2.081916e+002	-5.470878e+001
2.088736e+002	-3.671079e+001
2.091938e+002	-3.358442e+001
2.099138e+002	-1.402052e+001
2.101578e+002	-1.402595e+001
2.101924e+002	-2.264204e+001
2.101508e+002	-3.438905e+001
2.100711e+002	-4.770196e+001
2.106959e+002	-3.205194e+001
2.116635e+002	-2.311466e+000
2.121360e+002	7.075834e+000
2.115231e+002	-2.815435e+001
2.118243e+002	-2.581091e+001
2.121254e+002	-2.346837e+001
2.121409e+002	-3.286742e+001
2.126705e+002	-2.113126e+001
2.128384e+002	-2.426760e+001
2.131776e+002	-2.035915e+001
2.129456e+002	-3.993390e+001
2.129611e+002	-4.933205e+001
2.135669e+002	-3.446498e+001
2.132777e+002	-5.638856e+001
2.140930e+002	-3.291080e+001
2.152129e+002	3.091475e+000
2.150570e+002	-1.335145e+001
2.151297e+002	-2.040253e+001
2.153356e+002	-2.197297e+001
2.155225e+002	-2.432725e+001
2.158426e+002	-2.120176e+001
2.166008e+002	-7.196703e-002
2.161974e+002	-2.669147e+001
2.158892e+002	-4.939713e+001
2.162665e+002	-4.392367e+001
2.166819e+002	-3.688432e+001
2.169449e+002	-3.610680e+001
2.172651e+002	-3.298130e+001
2.185373e+002	9.283688e+000
2.180768e+002	-1.968465e+001
2.181114e+002	-2.830077e+001
2.182983e+002	-3.065414e+001
2.187707e+002	-2.126683e+001
2.191100e+002	-1.735750e+001
2.192778e+002	-2.049472e+001
2.197694e+002	-1.032358e+001
2.197087e+002	-2.285354e+001
2.201241e+002	-1.581417e+001
2.206537e+002	-4.078016e+000
2.204026e+002	-2.443570e+001
2.202278e+002	-4.166158e+001
2.211382e+002	-1.426997e+001
2.215536e+002	-7.230619e+000
2.216072e+002	-1.506377e+001
2.217560e+002	-1.898305e+001
2.218477e+002	-2.525119e+001
2.216347e+002	-4.404297e+001
2.215741e+002	-5.657293e+001
2.222751e+002	-3.779110e+001
2.226904e+002	-3.075176e+001
2.229916e+002	-2.840922e+001
2.226834e+002	-5.111486e+001
2.234415e+002	-2.998507e+001
2.239140e+002	-2.059776e+001
2.237201e+002	-3.860659e+001
2.244210e+002	-1.982565e+001
2.243033e+002	-3.470357e+001
2.245473e+002	-3.470900e+001
2.252673e+002	-1.514510e+001
2.253780e+002	-2.063030e+001
2.257172e+002	-1.672185e+001
2.257518e+002	-2.533795e+001
2.263005e+002	-1.281884e+001
2.259352e+002	-3.787245e+001
2.263506e+002	-3.083310e+001
2.265755e+002	-3.162147e+001
2.272194e+002	-1.518850e+001
2.270445e+002	-3.241527e+001
2.273266e+002	-3.085479e+001
2.275515e+002	-3.164316e+001
2.274528e+002	-4.573813e+001
2.281348e+002	-2.774015e+001
2.283026e+002	-3.087649e+001
2.282229e+002	-4.418940e+001
2.284289e+002	-4.575983e+001
2.289775e+002	-3.324160e+001
2.299832e+002	-1.935234e+000
2.298654e+002	-1.681404e+001
2.301475e+002	-1.525357e+001
2.309056e+002	5.876212e+000
2.305213e+002	-1.996123e+001
2.300798e+002	-4.814664e+001
2.308760e+002	-2.545183e+001
2.307963e+002	-3.876385e+001
2.305833e+002	-5.755654e+001
2.314557e+002	-3.172993e+001
2.321567e+002	-1.294899e+001
2.322103e+002	-2.078213e+001
2.323020e+002	-2.704939e+001
2.324888e+002	-2.940366e+001
2.334374e+002	-4.461430e-001
